0.000000000000000000e+00 2.025784142957334222e-01
6.289474781961547356e-03 -2.818556419364899868e-01
1.257894956392309471e-02 1.111643588567343022e+00
1.886842434588464207e-02 -3.529735385753035581e-01
2.515789912784618942e-02 8.680334889083409777e-01
3.144737390980773678e-02 4.335618229713557592e-01
3.773684869176928414e-02 1.167383037967844484e+00
4.402632347373083149e-02 1.443572896307273590e+00
5.031579825569237885e-02 -9.664988077882075146e-03
5.660527303765392620e-02 5.002514529776417307e-01
6.289474781961547356e-02 1.476470287853551833e+00
6.918422260157702786e-02 1.485697225570388857e+00
7.547369738353856827e-02 1.469930898311500478e+00
8.176317216550010869e-02 7.000197893119675108e-01
8.805264694746166299e-02 2.355924333643859003e-01
9.434212172942321728e-02 1.355587627658579875e+00
1.006315965113847577e-01 8.599326864421859007e-01
1.069210712933462981e-01 -1.578085465152690992e-01
1.132105460753078524e-01 -2.879392696808756869e-01
1.195000208572694067e-01 6.804487893224389072e-01
1.257894956392309471e-01 7.258881000144115081e-01
1.320789704211924875e-01 2.897756819828846142e-01
1.383684452031540557e-01 3.275833146053896971e-01
1.446579199851155961e-01 9.266937418767589030e-01
1.509473947670771365e-01 5.158804928105442666e-03
1.572368695490386770e-01 1.085936896213792302e+00
1.635263443310002174e-01 1.541350903920381654e+00
1.698158191129617856e-01 9.647955575628724967e-01
1.761052938949233260e-01 1.399195684243224047e+00
1.823947686768848664e-01 -1.216174487180390340e-01
1.886842434588464346e-01 7.991658228842205558e-01
1.949737182408079750e-01 1.612598563057738854e+00
2.012631930227695154e-01 1.112380355118832154e-01
2.075526678047310558e-01 1.216951581740893573e+00
2.138421425866925962e-01 8.729443246288739466e-01
2.201316173686541644e-01 -2.276938556176930639e-01
2.264210921506157048e-01 6.706627743118661611e-01
2.327105669325772452e-01 -1.292165512651277659e-01
2.390000417145388134e-01 1.024913822380757455e+00
2.452895164965003538e-01 1.266354872356369121e+00
2.515789912784618942e-01 6.137104878973034250e-01
2.578684660604234624e-01 1.230355512313228594e+00
2.641579408423849751e-01 -1.261410091498549324e-02
2.704474156243465433e-01 1.111477388102789732e+00
2.767368904063081114e-01 1.036572300848154771e-01
2.830263651882696241e-01 -4.236415207705418462e-01
2.893158399702311923e-01 1.372668450029118414e+00
2.956053147521927049e-01 -2.705071447938510731e-01
3.018947895341542731e-01 7.410273620956178142e-01
3.081842643161158413e-01 -2.928719681450941970e-01
3.144737390980773539e-01 4.791331358056112322e-01
3.207632138800389221e-01 6.298040272175142729e-02
3.270526886620004348e-01 1.044633275792756999e+00
3.333421634439620029e-01 5.595643213431790164e-01
3.396316382259235711e-01 1.779689649220987935e-01
3.459211130078850838e-01 9.828186201394912835e-01
3.522105877898466519e-01 6.936113026287171746e-01
3.585000625718082201e-01 -4.386027994397544427e-01
3.647895373537697328e-01 8.938086278449519639e-01
3.710790121357313009e-01 -1.289673836832414544e-01
3.773684869176928691e-01 1.133048651699550602e+00
3.836579616996543818e-01 -4.854930993960197005e-01
3.899474364816159500e-01 9.325263631279057108e-03
3.962369112635774626e-01 -4.454037080954622585e-01
4.025263860455390308e-01 5.063064303390384380e-01
4.088158608275005990e-01 9.710245077564135796e-01
4.151053356094621116e-01 2.898657521345260335e-01
4.213948103914236798e-01 5.344466262335039186e-01
4.276842851733851925e-01 -4.572300883023433515e-01
4.339737599553467606e-01 6.691908798087398136e-01
4.402632347373083288e-01 -8.233016208208754350e-02
4.465527095192698415e-01 7.752198021160534580e-01
4.528421843012314096e-01 8.171333551289459152e-01
4.591316590831929778e-01 9.979819842249504358e-01
4.654211338651544905e-01 8.227848645534128202e-01
4.717106086471160586e-01 5.522762099824826132e-01
4.780000834290776268e-01 -1.742335505641459115e-01
4.842895582110391395e-01 -9.378634901833723392e-01
4.905790329930007077e-01 -3.339584555679788735e-01
4.968685077749622203e-01 9.078667761995173890e-03
5.031579825569237885e-01 -3.791952424313067560e-01
5.094474573388853011e-01 -3.458148236017077881e-01
5.157369321208469248e-01 -1.036759057102883519e+00
5.220264069028084375e-01 -5.859410164130587351e-01
5.283158816847699502e-01 -3.941229616470509622e-01
5.346053564667315738e-01 8.518666077623764377e-01
5.408948312486930865e-01 4.086769048559029116e-01
5.471843060306545992e-01 5.492762566839408667e-01
5.534737808126162228e-01 3.405943835387030827e-01
5.597632555945777355e-01 -2.725328507920483645e-01
5.660527303765392482e-01 -8.770858805344305953e-01
5.723422051585007608e-01 -1.047697848542671339e+00
5.786316799404623845e-01 -1.123791686518932575e+00
5.849211547224238972e-01 4.055209804007458008e-01
5.912106295043854098e-01 -7.229375802343471769e-01
5.975001042863470335e-01 -1.184852363887008986e+00
6.037895790683085462e-01 4.815960546077961979e-01
6.100790538502700588e-01 -7.896759179006649365e-01
6.163685286322316825e-01 -5.391894883061005839e-01
6.226580034141931952e-01 4.044650434153138630e-01
6.289474781961547079e-01 4.934915902056169479e-02
6.352369529781163315e-01 -2.117613955223560662e-01
6.415264277600778442e-01 2.588325838210625562e-02
6.478159025420393569e-01 -3.165445992103066430e-01
6.541053773240008695e-01 -1.033787590646710219e+00
6.603948521059624932e-01 -5.015124072469845373e-02
6.666843268879240059e-01 6.778888861489453799e-01
6.729738016698855185e-01 -1.082373444141032870e+00
6.792632764518471422e-01 3.612552303629938955e-01
6.855527512338086549e-01 1.874188675579220309e-01
6.918422260157701675e-01 -3.693474710643727121e-01
6.981317007977317912e-01 -8.783480636756351156e-01
7.044211755796933039e-01 -1.004972941691048449e+00
7.107106503616548165e-01 -2.868521325930448729e-01
7.170001251436164402e-01 -3.735116645231126853e-01
7.232895999255779529e-01 -4.660295710711255257e-01
7.295790747075394655e-01 -1.072864373719761399e+00
7.358685494895010892e-01 -1.089924184972935972e+00
7.421580242714626019e-01 -4.305616966327148187e-01
7.484474990534241146e-01 -9.150495230153448123e-01
7.547369738353857382e-01 -4.181443045321293628e-01
7.610264486173472509e-01 -5.966050354230973962e-01
7.673159233993087636e-01 7.479139429969494657e-01
7.736053981812702762e-01 6.759008664398145072e-01
7.798948729632318999e-01 -2.776861104976875438e-01
7.861843477451934126e-01 -2.851181453388176301e-01
7.924738225271549252e-01 -1.095557046291681047e+00
7.987632973091165489e-01 8.111700404140811393e-01
8.050527720910780616e-01 4.484618908242556934e-01
8.113422468730395742e-01 6.085035918972052649e-01
8.176317216550011979e-01 -9.013752690686609448e-01
8.239211964369627106e-01 9.958096983213835518e-01
8.302106712189242232e-01 4.867239122273352425e-01
8.365001460008858469e-01 2.869617225530878279e-01
8.427896207828473596e-01 -1.852486878612066290e-01
8.490790955648088723e-01 -7.179114015228238443e-01
8.553685703467703849e-01 -9.126496017432650376e-03
8.616580451287320086e-01 -6.978483730678997077e-03
8.679475199106935213e-01 -4.231948770117004432e-01
8.742369946926550339e-01 -6.575247042448684187e-01
8.805264694746166576e-01 -2.245139944636573848e-01
8.868159442565781703e-01 3.348428900984459222e-01
8.931054190385396829e-01 -5.638696642931528835e-02
8.993948938205013066e-01 -2.176542718871965487e-02
9.056843686024628193e-01 2.465050183137511564e-01
9.119738433844243319e-01 -3.356973295869933871e-01
9.182633181663859556e-01 -2.488061539048955773e-01
9.245527929483474683e-01 1.090143311401269743e+00
9.308422677303089809e-01 1.040323670226292574e+00
9.371317425122706046e-01 5.888599562613681115e-01
9.434212172942321173e-01 8.331685680270366490e-01
9.497106920761936300e-01 -8.417783440257803340e-02
9.560001668581552536e-01 1.100026524284075213e+00
9.622896416401167663e-01 6.163476683221480457e-03
9.685791164220782790e-01 1.780608551007698270e-01
9.748685912040397916e-01 -9.704338517830804478e-02
9.811580659860014153e-01 2.966203651372365524e-01
9.874475407679629280e-01 1.536775951441390786e+00
9.937370155499244406e-01 8.570027612030910458e-01
1.000026490331886064e+00 1.372701724279570046e+00
1.006315965113847577e+00 1.053699878549230418e+00
1.012605439895809090e+00 1.041372257974228388e+00
1.018894914677770602e+00 1.069815288022907040e+00
1.025184389459732115e+00 1.961117256377693741e+00
1.031473864241693850e+00 3.312731047051418187e-01
1.037763339023655362e+00 9.800630472197043863e-01
1.044052813805616875e+00 6.664504241828310693e-01
1.050342288587578388e+00 1.265458186846338595e+00
1.056631763369539900e+00 5.789749268587293107e-01
1.062921238151501413e+00 7.313359635209824017e-01
1.069210712933463148e+00 1.434188307543923013e+00
1.075500187715424660e+00 8.658316979057398832e-01
1.081789662497386173e+00 5.985602681877446596e-01
1.088079137279347686e+00 1.570923720948192770e+00
1.094368612061309198e+00 5.925785036674837691e-01
1.100658086843270711e+00 1.876986459010317354e+00
1.106947561625232446e+00 1.317218657940603332e+00
1.113237036407193958e+00 6.628096428982834798e-01
1.119526511189155471e+00 7.092688410220590045e-01
1.125815985971116984e+00 8.033821902861006947e-01
1.132105460753078496e+00 9.507262032934453710e-01
1.138394935535040009e+00 1.989549716051947303e+00
1.144684410317001522e+00 1.728417457304863625e+00
1.150973885098963256e+00 2.204214517003753038e+00
1.157263359880924769e+00 2.301172849992456193e+00
1.163552834662886282e+00 2.526975915063043310e+00
1.169842309444847794e+00 1.367339961263710713e+00
1.176131784226809307e+00 1.923806782695167250e+00
1.182421259008770820e+00 1.260427507995591334e+00
1.188710733790732554e+00 1.358569386846299132e+00
1.195000208572694067e+00 3.007273763416964840e+00
1.201289683354655580e+00 2.770290736690528277e+00
1.207579158136617092e+00 1.578350931945255553e+00
1.213868632918578605e+00 1.736979310129130205e+00
1.220158107700540118e+00 1.783185182576023209e+00
1.226447582482501630e+00 3.074664958843655427e+00
1.232737057264463365e+00 2.495828948145597082e+00
1.239026532046424878e+00 1.355548721146520919e+00
1.245316006828386390e+00 1.304199066169032806e+00
1.251605481610347903e+00 1.216749021916319062e+00
1.257894956392309416e+00 2.349320349490780835e+00
1.264184431174270928e+00 1.451266912312495494e+00
1.270473905956232663e+00 3.055649719671614140e+00
1.276763380738194176e+00 1.546032702895029809e+00
1.283052855520155688e+00 3.146676433048943622e+00
1.289342330302117201e+00 2.977261818148453365e+00
1.295631805084078714e+00 2.036163797176577361e+00
1.301921279866040226e+00 2.303849535697977124e+00
1.308210754648001739e+00 2.657182214815845267e+00
1.314500229429963474e+00 2.047096433373079893e+00
1.320789704211924986e+00 1.273622568196626226e+00
1.327079178993886499e+00 2.521405385865722160e+00
1.333368653775848012e+00 1.739406798069762949e+00
1.339658128557809524e+00 2.996770216953694721e+00
1.345947603339771037e+00 1.756225429310939168e+00
1.352237078121732772e+00 1.800596067659309130e+00
1.358526552903694284e+00 2.629596271114763351e+00
1.364816027685655797e+00 2.481656077687683926e+00
1.371105502467617310e+00 1.127069724584185195e+00
1.377394977249578822e+00 1.750861840936989600e+00
1.383684452031540335e+00 2.301781152530340435e+00
1.389973926813502070e+00 2.782903830164927150e+00
1.396263401595463582e+00 2.873262168372381353e+00
1.402552876377425095e+00 1.013329033343662422e+00
1.408842351159386608e+00 2.868114293824728378e+00
1.415131825941348120e+00 1.086719734325928055e+00
1.421421300723309633e+00 1.058352499023700100e+00
1.427710775505271146e+00 2.041264290511324297e+00
1.434000250287232880e+00 1.643507430775355438e+00
1.440289725069194393e+00 2.354221329943168239e+00
1.446579199851155906e+00 1.239693240164327026e+00
1.452868674633117418e+00 1.775786052006711913e+00
1.459158149415078931e+00 2.423978780892997342e+00
1.465447624197040444e+00 5.709849318692602482e-01
1.471737098979002178e+00 1.154568765284523568e+00
1.478026573760963691e+00 7.345246587394708149e-01
1.484316048542925204e+00 1.112923370441690318e+00
1.490605523324886716e+00 1.546977947924632835e+00
1.496894998106848229e+00 1.635013808701208049e+00
1.503184472888809742e+00 2.092764595784776027e+00
1.509473947670771476e+00 1.803098322045884938e+00
1.515763422452732989e+00 1.128111863265177206e+00
1.522052897234694502e+00 1.487506707068771306e+00
1.528342372016656014e+00 1.852138414421115042e+00
1.534631846798617527e+00 3.391977615136573254e-01
1.540921321580579040e+00 2.964562068490515512e-01
1.547210796362540552e+00 5.081490805033719860e-02
1.553500271144502287e+00 5.978436666825555079e-01
1.559789745926463800e+00 1.718196293083533055e+00
1.566079220708425312e+00 1.273295181697745027e-02
1.572368695490386825e+00 4.180798323731199639e-02
1.578658170272348338e+00 5.955530816712687470e-01
1.584947645054309850e+00 1.122404779464828639e+00
1.591237119836271585e+00 -1.596381782218381229e-03
1.597526594618233098e+00 -1.112510160263136538e-01
1.603816069400194610e+00 1.224572880614201331e+00
1.610105544182156123e+00 1.276629539353374643e+00
1.616395018964117636e+00 -2.969898432571311808e-01
1.622684493746079148e+00 1.091906591981475882e+00
1.628973968528040661e+00 4.251027945038540201e-01
1.635263443310002396e+00 5.832849959075150359e-01
1.641552918091963909e+00 1.078167329368959759e+00
1.647842392873925421e+00 6.800331334870459710e-01
1.654131867655886934e+00 4.700104092601560257e-01
1.660421342437848446e+00 -7.777426388455577211e-04
1.666710817219809959e+00 -5.317418609457171819e-01
1.673000292001771694e+00 4.049979305395869922e-01
1.679289766783733207e+00 -4.078603957708044625e-01
1.685579241565694719e+00 5.020897475544014998e-01
1.691868716347656232e+00 -3.399111191729258241e-01
1.698158191129617745e+00 1.233933728164089416e-01
1.704447665911579257e+00 -5.907673540428626247e-01
1.710737140693540770e+00 -5.508998051248856775e-01
1.717026615475502505e+00 -3.521851635443418171e-01
1.723316090257464017e+00 -5.123871362293737075e-01
1.729605565039425530e+00 -1.034769569933399636e+00
1.735895039821387043e+00 -1.171067606291109620e+00
1.742184514603348555e+00 -4.900049401891677370e-01
1.748473989385310068e+00 -6.583505880159439272e-01
1.754763464167271803e+00 4.249918189042745098e-02
1.761052938949233315e+00 -2.273927763686982573e-01
1.767342413731194828e+00 -1.303472947819996453e+00
1.773631888513156341e+00 -8.288931829411994023e-02
1.779921363295117853e+00 -5.894237663970038898e-01
1.786210838077079366e+00 -1.085129830327634881e+00
1.792500312859041101e+00 -1.157640184499868052e+00
1.798789787641002613e+00 -8.982156962862060112e-01
1.805079262422964126e+00 -1.101710847000267668e+00
1.811368737204925639e+00 -1.623070822495405574e+00
1.817658211986887151e+00 -1.514820919241779862e+00
1.823947686768848664e+00 -5.398987220282798205e-01
1.830237161550810177e+00 -2.768074373008151401e-01
1.836526636332771911e+00 -1.672693739470700880e-01
1.842816111114733424e+00 -6.479364795907267549e-01
1.849105585896694937e+00 -1.395103309104082978e+00
1.855395060678656449e+00 -6.508948831054439665e-02
1.861684535460617962e+00 -1.632860075585431892e+00
1.867974010242579475e+00 -1.558531595250032709e+00
1.874263485024541209e+00 -1.582036433665256814e+00
1.880552959806502722e+00 -1.961112470815504993e+00
1.886842434588464235e+00 -1.831448575341165119e+00
1.893131909370425747e+00 -4.189746356167123320e-01
1.899421384152387260e+00 -1.269908062538904092e+00
1.905710858934348773e+00 -1.821604146841651062e+00
1.912000333716310507e+00 -1.942629508187424525e+00
1.918289808498272020e+00 -1.980502373348713263e+00
1.924579283280233533e+00 -6.203031933046632140e-01
1.930868758062195045e+00 -1.754684071781144272e+00
1.937158232844156558e+00 -1.926349644655287907e+00
1.943447707626118071e+00 -1.773003705733976698e+00
1.949737182408079583e+00 -2.032089102997529650e-01
1.956026657190041318e+00 -1.592979990487454867e+00
1.962316131972002831e+00 -6.282767232900008381e-01
1.968605606753964343e+00 -1.516380208677193142e+00
1.974895081535925856e+00 -1.424127942495170274e-01
1.981184556317887369e+00 -1.471582556691787724e+00
1.987474031099848881e+00 -1.694716054034015595e-01
1.993763505881810616e+00 -1.667869256580988946e+00
2.000052980663772129e+00 -8.569266320772637169e-01
2.006342455445733641e+00 -3.495388955921829854e-01
2.012631930227695154e+00 -1.212200439519920403e+00
2.018921405009656667e+00 -5.717886399068086156e-01
2.025210879791618179e+00 1.644041728066976127e-01
2.031500354573579692e+00 -9.585229820129614886e-01
2.037789829355541205e+00 3.919494854190161970e-01
2.044079304137502717e+00 -3.696583141015326035e-01
2.050368778919464230e+00 3.698845590210462220e-01
2.056658253701426187e+00 -6.419858611141342486e-01
2.062947728483387699e+00 6.168807857947709028e-01
2.069237203265349212e+00 5.468234993788354537e-01
2.075526678047310725e+00 1.534009352047394081e-02
2.081816152829272237e+00 -2.066249572607612439e-01
2.088105627611233750e+00 -1.028214043039096914e+00
2.094395102393195263e+00 -1.384044528525740780e-02
2.100684577175156775e+00 -5.677920496113271209e-01
2.106974051957118288e+00 -1.880745472096770898e-01
2.113263526739079801e+00 6.636810645181795421e-01
2.119553001521041313e+00 4.398907630280619596e-01
2.125842476303002826e+00 1.469506206081471200e-01
2.132131951084964339e+00 7.549194964902834482e-01
2.138421425866926295e+00 -5.301425735128433292e-01
2.144710900648887808e+00 -5.314392568723564914e-01
2.151000375430849321e+00 9.185419753646195673e-01
2.157289850212810833e+00 -1.346259926958082165e-01
2.163579324994772346e+00 -4.440927368122964958e-01
2.169868799776733859e+00 8.269440913234213930e-01
2.176158274558695371e+00 1.172236908329704619e+00
2.182447749340656884e+00 5.922721925143911159e-01
2.188737224122618397e+00 1.750458222846877021e+00
2.195026698904579909e+00 1.007063495462239278e+00
2.201316173686541422e+00 -7.318736215655080590e-02
2.207605648468502935e+00 1.058055616857028536e+00
2.213895123250464891e+00 3.556204798716147142e-01
2.220184598032426404e+00 1.571960658059873062e+00
2.226474072814387917e+00 5.646226515632362108e-01
2.232763547596349429e+00 2.067425411706802052e+00
2.239053022378310942e+00 8.241359563166130719e-01
2.245342497160272455e+00 2.213506604843450631e+00
2.251631971942233967e+00 2.283133691807547994e+00
2.257921446724195480e+00 1.294036077047503452e+00
2.264210921506156993e+00 1.171103189269220080e+00
2.270500396288118505e+00 2.266288488352176334e+00
2.276789871070080018e+00 1.383017984715492865e+00
2.283079345852041531e+00 2.001053366019662327e+00
2.289368820634003043e+00 1.200749685447560555e+00
2.295658295415965000e+00 1.117089931640728562e+00
2.301947770197926513e+00 2.091584633175733732e+00
2.308237244979888025e+00 2.566902089365670214e+00
2.314526719761849538e+00 2.790382073499412474e+00
2.320816194543811051e+00 2.679884329855728886e+00
2.327105669325772563e+00 2.139778094972609068e+00
2.333395144107734076e+00 1.767740432985229981e+00
2.339684618889695589e+00 3.075237003378830103e+00
2.345974093671657101e+00 2.510049855549369102e+00
2.352263568453618614e+00 2.868356888611197419e+00
2.358553043235580127e+00 1.780434418349276182e+00
2.364842518017541639e+00 3.372137199867844437e+00
2.371131992799503152e+00 3.292485879992240516e+00
2.377421467581465109e+00 2.478759562974249597e+00
2.383710942363426621e+00 2.324487194947791657e+00
2.390000417145388134e+00 1.954409271133749293e+00
2.396289891927349647e+00 3.085302951075165723e+00
2.402579366709311159e+00 2.883605031231502913e+00
2.408868841491272672e+00 3.046027255854724558e+00
2.415158316273234185e+00 3.513878886872348950e+00
2.421447791055195697e+00 3.359401099632776777e+00
2.427737265837157210e+00 1.923572226449568934e+00
2.434026740619118723e+00 3.363582994861379127e+00
2.440316215401080235e+00 2.604786772982120802e+00
2.446605690183041748e+00 2.966172514435941210e+00
2.452895164965003261e+00 2.171100536097018807e+00
2.459184639746965217e+00 3.491735200283133445e+00
2.465474114528926730e+00 2.230151603982307051e+00
2.471763589310888243e+00 3.864103967825572639e+00
2.478053064092849755e+00 2.763927168796399769e+00
2.484342538874811268e+00 2.346495539988915802e+00
2.490632013656772781e+00 3.765924400775369385e+00
2.496921488438734293e+00 3.817845619092141263e+00
2.503210963220695806e+00 3.741816457473158941e+00
2.509500438002657319e+00 2.983827868267516337e+00
2.515789912784618831e+00 3.603910388112454566e+00
2.522079387566580344e+00 3.369923295416228815e+00
2.528368862348541857e+00 1.989262535317649183e+00
2.534658337130503369e+00 2.968676545795679189e+00
2.540947811912465326e+00 2.963232168145043310e+00
2.547237286694426839e+00 2.926686557978675829e+00
2.553526761476388351e+00 2.052517745722774123e+00
2.559816236258349864e+00 2.089620751794846853e+00
2.566105711040311377e+00 2.682934824633493420e+00
2.572395185822272889e+00 3.044092069730311323e+00
2.578684660604234402e+00 2.002353796093226279e+00
2.584974135386195915e+00 1.959869559837206454e+00
2.591263610168157427e+00 2.539171752388290404e+00
2.597553084950118940e+00 3.085897472634929528e+00
2.603842559732080453e+00 2.114240531482216134e+00
2.610132034514041965e+00 3.367683680936766510e+00
2.616421509296003478e+00 3.507315750370854079e+00
2.622710984077965435e+00 3.345424380987951807e+00
2.629000458859926947e+00 2.756563403415497326e+00
2.635289933641888460e+00 2.972161505049083274e+00
2.641579408423849973e+00 2.152829064968697192e+00
2.647868883205811485e+00 2.133651091246520082e+00
2.654158357987772998e+00 1.695902890080177361e+00
2.660447832769734511e+00 2.131733209659754102e+00
2.666737307551696023e+00 3.057939552425939844e+00
2.673026782333657536e+00 2.412480102121633330e+00
2.679316257115619049e+00 2.561126210558345218e+00
2.685605731897580561e+00 2.890641257646484164e+00
2.691895206679542074e+00 3.118920327952857896e+00
2.698184681461504031e+00 2.479097977859397783e+00
2.704474156243465544e+00 2.312138987419829483e+00
2.710763631025427056e+00 1.168304638203004897e+00
2.717053105807388569e+00 1.231949763882714821e+00
2.723342580589350082e+00 2.546913590157867890e+00
2.729632055371311594e+00 2.581446184340216110e+00
2.735921530153273107e+00 2.517759937113349000e+00
2.742211004935234619e+00 1.163241730554945619e+00
2.748500479717196132e+00 1.345531978066338841e+00
2.754789954499157645e+00 2.075705526187301864e+00
2.761079429281119157e+00 2.567116589188545461e+00
2.767368904063080670e+00 7.433832512808074000e-01
2.773658378845042183e+00 1.703350442465035641e+00
2.779947853627004140e+00 6.865839320528942524e-01
2.786237328408965652e+00 1.069546271970624796e+00
2.792526803190927165e+00 1.056484172622222273e+00
2.798816277972888678e+00 3.374637741738614749e-01
2.805105752754850190e+00 2.026037990699828928e+00
2.811395227536811703e+00 1.413454410281193674e+00
2.817684702318773216e+00 1.228186762891614991e+00
2.823974177100734728e+00 5.311646560813829687e-01
2.830263651882696241e+00 1.531544100395623165e+00
2.836553126664657754e+00 1.107239943829064321e+00
2.842842601446619266e+00 3.607526962917908531e-01
2.849132076228580779e+00 5.734086896945871370e-01
2.855421551010542291e+00 1.230845282278104857e+00
2.861711025792504248e+00 1.052247860914125699e+00
2.868000500574465761e+00 8.426986233392739223e-01
2.874289975356427274e+00 3.065086867394071213e-01
2.880579450138388786e+00 -3.318030022230590292e-01
2.886868924920350299e+00 7.366415417277037969e-01
2.893158399702311812e+00 1.566551985125258506e-01
2.899447874484273324e+00 -4.735927376203741268e-01
2.905737349266234837e+00 2.215987055035301134e-01
2.912026824048196350e+00 8.572202258229792982e-01
2.918316298830157862e+00 9.618819612295028687e-01
2.924605773612119375e+00 8.192138632168090018e-01
2.930895248394080888e+00 4.137258920657893579e-01
2.937184723176042400e+00 -5.196718257450900769e-01
2.943474197958004357e+00 1.117592247035683606e-01
2.949763672739965870e+00 9.215009570717647147e-01
2.956053147521927382e+00 2.018136130567516062e-01
2.962342622303888895e+00 -7.885033118160014176e-01
2.968632097085850408e+00 -6.585164730133317157e-01
2.974921571867811920e+00 3.185565280550384237e-02
2.981211046649773433e+00 1.922365060772273093e-01
2.987500521431734946e+00 -1.084009220185025102e+00
2.993789996213696458e+00 -6.224959167471788568e-01
3.000079470995657971e+00 -1.289229120026513797e+00
3.006368945777619484e+00 2.017720506621678567e-02
3.012658420559580996e+00 -1.574918928163400178e-01
3.018947895341542953e+00 -4.994449717716944459e-01
3.025237370123504466e+00 8.742237558861876145e-02
3.031526844905465978e+00 -1.065144499813755807e+00
3.037816319687427491e+00 -5.457666076837011104e-01
3.044105794469389004e+00 -1.437279008320212714e+00
3.050395269251350516e+00 2.771119797460088741e-01
3.056684744033312029e+00 -1.103454013107285858e+00
3.062974218815273542e+00 -8.137171721992595419e-01
3.069263693597235054e+00 -1.038356545570517708e+00
3.075553168379196567e+00 -2.058075813483377647e-01
3.081842643161158080e+00 -8.712924444848058059e-01
3.088132117943119592e+00 2.205891761527798423e-01
3.094421592725081105e+00 -3.983083768543622671e-01
3.100711067507043062e+00 -1.523009806494123985e+00
3.107000542289004574e+00 -9.572364054029269820e-01
3.113290017070966087e+00 -1.665660789942497999e-01
3.119579491852927600e+00 -4.811942118546852498e-03
3.125868966634889112e+00 -4.675142202977624617e-01
3.132158441416850625e+00 -1.621957478326497615e+00
3.138447916198812138e+00 -2.094307998800257753e-01
3.144737390980773650e+00 -3.030353313404683391e-01
3.151026865762735163e+00 -1.144073989640731481e+00
3.157316340544696676e+00 -4.513031645448450924e-02
3.163605815326658188e+00 -8.628224440680409835e-01
3.169895290108619701e+00 -7.995521971406494011e-01
3.176184764890581214e+00 -1.946943146755131249e-01
3.182474239672543170e+00 -5.688549974945296128e-01
3.188763714454504683e+00 -4.838262779300086525e-01
3.195053189236466196e+00 -1.032372171596114052e+00
3.201342664018427708e+00 2.926316398623582948e-01
3.207632138800389221e+00 -1.277653143677939696e+00
3.213921613582350734e+00 -7.435075407293245675e-02
3.220211088364312246e+00 -2.769733351470426985e-01
3.226500563146273759e+00 -1.129537448717720771e+00
3.232790037928235272e+00 -6.506271496439313129e-01
3.239079512710196784e+00 -1.069257192495296716e+00
3.245368987492158297e+00 3.783875914472232260e-01
3.251658462274119810e+00 -1.218893225621456411e+00
3.257947937056081322e+00 5.109437408269785763e-01
3.264237411838043279e+00 4.333572350203818146e-03
3.270526886620004792e+00 -1.102549796766636891e+00
3.276816361401966304e+00 4.506009165205888678e-01
3.283105836183927817e+00 2.344015446619187593e-01
3.289395310965889330e+00 2.543766301579779565e-01
3.295684785747850842e+00 -1.826665680854777651e-01
3.301974260529812355e+00 -7.550525809586550174e-01
3.308263735311773868e+00 8.007745651333870729e-01
3.314553210093735380e+00 -1.730594542357086763e-01
3.320842684875696893e+00 2.611335567331820595e-01
3.327132159657658406e+00 -2.786906617475259917e-02
3.333421634439619918e+00 -7.860485305231812436e-01
3.339711109221581431e+00 7.130980853768168481e-01
3.346000584003543388e+00 6.564742968721182237e-01
3.352290058785504900e+00 4.154692370176822358e-01
3.358579533567466413e+00 -4.813195053844703253e-01
3.364869008349427926e+00 8.819496812323375234e-01
3.371158483131389438e+00 -1.509439772993564910e-01
3.377447957913350951e+00 9.055769425390525207e-02
3.383737432695312464e+00 1.867416789165984303e-01
3.390026907477273976e+00 1.266926200908076838e+00
3.396316382259235489e+00 8.622547854477196072e-01
3.402605857041197002e+00 2.943775595025939218e-01
3.408895331823158514e+00 1.094149170698738072e+00
3.415184806605120027e+00 7.892600787907501081e-01
3.421474281387081540e+00 7.795556413405521079e-01
3.427763756169043496e+00 1.169203779038996416e+00
3.434053230951005009e+00 -1.584621600042646072e-02
3.440342705732966522e+00 1.869341811600953585e-01
3.446632180514928034e+00 5.689387456013433875e-01
3.452921655296889547e+00 2.379819851469984482e-01
3.459211130078851060e+00 2.550358776518735215e-01
3.465500604860812572e+00 1.751778623774147725e+00
3.471790079642774085e+00 2.043396077973332225e+00
3.478079554424735598e+00 5.521556328505103917e-01
3.484369029206697110e+00 2.162184266593273563e+00
3.490658503988658623e+00 1.205402251736442887e+00
3.496947978770620136e+00 5.925308800199706738e-01
3.503237453552582092e+00 1.458033478228045077e+00
3.509526928334543605e+00 1.916643521740222900e+00
3.515816403116505118e+00 1.790705960644100481e+00
3.522105877898466630e+00 2.315843988224732808e+00
3.528395352680428143e+00 1.129752347898188569e+00
3.534684827462389656e+00 8.902818544823246638e-01
3.540974302244351168e+00 1.044192021544598781e+00
3.547263777026312681e+00 1.073805358227116979e+00
3.553553251808274194e+00 6.903891245201906335e-01
3.559842726590235706e+00 1.445772307842083659e+00
3.566132201372197219e+00 2.071577186593285713e+00
3.572421676154158732e+00 1.055021325015446987e+00
3.578711150936120244e+00 9.104082569346201304e-01
3.585000625718082201e+00 1.503022586424484608e+00
3.591290100500043714e+00 1.263254595594691887e+00
3.597579575282005226e+00 8.933382239639352518e-01
3.603869050063966739e+00 2.207579913143185912e+00
3.610158524845928252e+00 2.439545670558410873e+00
3.616447999627889764e+00 1.271532955768900353e+00
3.622737474409851277e+00 2.629283909920128171e+00
3.629026949191812790e+00 2.531978857519693982e+00
3.635316423973774302e+00 2.292446187618557119e+00
3.641605898755735815e+00 1.732662437213389195e+00
3.647895373537697328e+00 1.848766659476485774e+00
3.654184848319658840e+00 1.551012823108266714e+00
3.660474323101620353e+00 2.967006505551457174e+00
3.666763797883582310e+00 2.494604471811646018e+00
3.673053272665543822e+00 1.144481939055089770e+00
3.679342747447505335e+00 1.799368492792177143e+00
3.685632222229466848e+00 2.322733611810762433e+00
3.691921697011428360e+00 2.153746577624268799e+00
3.698211171793389873e+00 2.601329748982322165e+00
3.704500646575351386e+00 2.199186198511455803e+00
3.710790121357312898e+00 2.156916745654019252e+00
3.717079596139274411e+00 2.537237210118706621e+00
3.723369070921235924e+00 1.539724982451734281e+00
3.729658545703197436e+00 3.055682140156228854e+00
3.735948020485158949e+00 1.672227544800050536e+00
3.742237495267120462e+00 2.377097581149105743e+00
3.748526970049082419e+00 1.484553757775787464e+00
3.754816444831043931e+00 2.270475165266667705e+00
3.761105919613005444e+00 2.869553554805860607e+00
3.767395394394966956e+00 1.422127835295603715e+00
3.773684869176928469e+00 2.473319235776699543e+00
3.779974343958889982e+00 2.985651440851630589e+00
3.786263818740851494e+00 2.339126070440700644e+00
3.792553293522813007e+00 3.061173399345642032e+00
3.798842768304774520e+00 2.584527049241769792e+00
3.805132243086736032e+00 2.455498768649981400e+00
3.811421717868697545e+00 2.614255108467408384e+00
3.817711192650659058e+00 2.745966175940536935e+00
3.824000667432621015e+00 3.000877668472480941e+00
3.830290142214582527e+00 2.291581936648718010e+00
3.836579616996544040e+00 2.415819364306814876e+00
3.842869091778505553e+00 1.210460307995486762e+00
3.849158566560467065e+00 2.794232166757175673e+00
3.855448041342428578e+00 2.171244329583262189e+00
3.861737516124390091e+00 9.143893315406688149e-01
3.868026990906351603e+00 1.859845070487232244e+00
3.874316465688313116e+00 1.684081249446888418e+00
3.880605940470274628e+00 2.206556635034605307e+00
3.886895415252236141e+00 2.488253539977619333e+00
3.893184890034197654e+00 2.241369774702813178e+00
3.899474364816159166e+00 2.659081852545027935e+00
3.905763839598121123e+00 1.155051562934004128e+00
3.912053314380082636e+00 2.652238479797194071e+00
3.918342789162044149e+00 1.358488375995550168e+00
3.924632263944005661e+00 1.933213293872741545e+00
3.930921738725967174e+00 1.453416877643595839e+00
3.937211213507928687e+00 1.026574665365992400e+00
3.943500688289890199e+00 1.404100780738927190e+00
3.949790163071851712e+00 2.319653131178793792e+00
3.956079637853813225e+00 2.070159707811610073e+00
3.962369112635774737e+00 7.382749216652688684e-01
3.968658587417736250e+00 5.353219800641056958e-01
3.974948062199697763e+00 2.107853571047428431e+00
3.981237536981659275e+00 8.495108994732456509e-01
3.987527011763621232e+00 5.281373844008206975e-01
3.993816486545582745e+00 1.637854183525275120e+00
4.000105961327544257e+00 1.376786878198450914e+00
4.006395436109505326e+00 3.708822203735431255e-01
4.012684910891467283e+00 4.272994048284809443e-01
4.018974385673428351e+00 8.346959486472185219e-01
4.025263860455390308e+00 2.026240786417849993e+00
4.031553335237352265e+00 4.345071290343321402e-01
4.037842810019313333e+00 9.034976194302966057e-01
4.044132284801275290e+00 5.802854713608529558e-01
4.050421759583236359e+00 5.114392963654021962e-01
4.056711234365198315e+00 1.289629554589701632e+00
4.063000709147159384e+00 1.026909763708889201e-01
4.069290183929121341e+00 6.763807058022203167e-01
4.075579658711082409e+00 3.648396239775061334e-01
4.081869133493044366e+00 7.504880895081227354e-01
4.088158608275005435e+00 8.548042836887173035e-01
4.094448083056967391e+00 1.823342258190645548e-01
4.100737557838928460e+00 -1.679084614861116043e-01
4.107027032620890417e+00 4.494354558140575828e-01
4.113316507402852373e+00 1.583737610493682446e+00
4.119605982184813442e+00 -1.728335544898916831e-01
4.125895456966775399e+00 -4.764309262747734586e-02
4.132184931748736467e+00 1.369355101276916731e+00
4.138474406530698424e+00 1.165509264661184763e-01
4.144763881312659493e+00 -9.420288352194072790e-02
4.151053356094621449e+00 3.706817837811436922e-01
4.157342830876582518e+00 1.277275412342784744e+00
4.163632305658544475e+00 -9.204882010902903922e-02
4.169921780440505543e+00 9.326304611668203570e-01
4.176211255222467500e+00 6.203265214278368411e-01
4.182500730004428569e+00 9.574559184211960394e-01
4.188790204786390525e+00 -3.296620310683009425e-01
4.195079679568352482e+00 1.237568638073173855e+00
4.201369154350313551e+00 1.386147551515822585e+00
4.207658629132275507e+00 1.412017091722132189e+00
4.213948103914236576e+00 -1.423090633461465693e-01
4.220237578696198533e+00 1.172041641109283328e+00
4.226527053478159601e+00 8.707291680983608728e-02
4.232816528260121558e+00 5.558724146270466182e-02
4.239106003042082627e+00 1.758471226875932825e-01
4.245395477824044583e+00 6.934950894122091647e-01
4.251684952606005652e+00 2.918844994648024382e-01
4.257974427387967609e+00 -5.555976328976151013e-01
4.264263902169928677e+00 6.189615380000685896e-01
4.270553376951890634e+00 4.708772368335323311e-01
4.276842851733852591e+00 1.048167192269657377e+00
4.283132326515813659e+00 3.243667194496786532e-01
4.289421801297775616e+00 4.666079302135870410e-01
4.295711276079736685e+00 8.437022865210745959e-01
4.302000750861698641e+00 9.809948152386216425e-01
4.308290225643659710e+00 -2.245428195058485343e-01
4.314579700425621667e+00 1.152344781296382958e+00
4.320869175207582735e+00 8.416011446031687049e-01
4.327158649989544692e+00 -1.936406515459864197e-01
4.333448124771505761e+00 -3.673724515830334436e-01
4.339737599553467717e+00 5.124079364970203221e-01
4.346027074335428786e+00 4.717705743393801887e-01
4.352316549117390743e+00 7.843037951819491482e-01
4.358606023899352699e+00 -5.204960354699649239e-01
4.364895498681313768e+00 3.098785893365966215e-01
4.371184973463275725e+00 -1.111924842884159936e-01
4.377474448245236793e+00 9.464051432516512596e-01
4.383763923027198750e+00 8.291960490857785970e-03
4.390053397809159819e+00 1.645318250014674577e-01
4.396342872591121775e+00 -4.646196741703521038e-01
4.402632347373082844e+00 -5.613633734812879528e-01
4.408921822155044801e+00 7.218929517602579171e-01
4.415211296937005869e+00 -6.374450956633137544e-02
4.421500771718967826e+00 8.489304589306445603e-02
4.427790246500929783e+00 1.470149049955942200e-01
4.434079721282890851e+00 9.567240801551114560e-01
4.440369196064852808e+00 1.377756743003134332e+00
4.446658670846813877e+00 4.459259653600751161e-01
4.452948145628775833e+00 4.476275130392073365e-01
4.459237620410736902e+00 1.556477284610082723e-01
4.465527095192698859e+00 -1.873187831622676880e-01
4.471816569974659927e+00 1.023723335034171900e+00
4.478106044756621884e+00 9.745599841012682063e-01
4.484395519538582953e+00 1.409221124821556925e+00
4.490684994320544909e+00 -2.437965555286269459e-01
4.496974469102505978e+00 5.332036923677783147e-01
4.503263943884467935e+00 2.118993660373269527e-01
4.509553418666429891e+00 3.232255016248691271e-01
4.515842893448390960e+00 5.878575721943269938e-01
4.522132368230352917e+00 9.421629202418591031e-01
4.528421843012313985e+00 1.551021489789812025e+00
4.534711317794275942e+00 9.607620084279498984e-01
4.541000792576237011e+00 -3.682983582134423672e-01
4.547290267358198967e+00 1.462735965797508753e+00
4.553579742140160036e+00 4.803174315076128020e-01
4.559869216922121993e+00 1.297390816828410509e+00
4.566158691704083061e+00 8.539095684692012966e-01
4.572448166486045018e+00 5.520457548935979730e-01
4.578737641268006087e+00 2.371420433390162286e-01
4.585027116049968043e+00 -2.055585325593357604e-01
4.591316590831930000e+00 7.309446697614581101e-01
4.597606065613891069e+00 8.386217615683533300e-02
4.603895540395853025e+00 5.072913866885608858e-02
4.610185015177814094e+00 7.228829615713061596e-01
4.616474489959776051e+00 1.070582514119478246e+00
4.622763964741737119e+00 7.221818716918864123e-01
4.629053439523699076e+00 1.470640036064695177e+00
4.635342914305660145e+00 7.972784187013778334e-01
4.641632389087622101e+00 1.638806003644723397e+00
4.647921863869583170e+00 3.780638981526051046e-01
4.654211338651545127e+00 1.531667055603976424e+00
4.660500813433506195e+00 1.329023368245794812e+00
4.666790288215468152e+00 9.657907769337381598e-01
4.673079762997430109e+00 -1.819019033812016017e-01
4.679369237779391177e+00 7.062396153884370475e-01
4.685658712561353134e+00 9.668181125820114463e-01
4.691948187343314203e+00 1.242815183243384691e+00
4.698237662125276159e+00 9.361762619120163054e-01
4.704527136907237228e+00 1.244833593835720009e+00
4.710816611689199185e+00 1.400743902981269606e+00
4.717106086471160253e+00 -1.687860549306005598e-01
4.723395561253122210e+00 -1.203309787900394556e-01
4.729685036035083279e+00 1.230028531984441065e+00
4.735974510817045235e+00 4.509717580503388445e-01
4.742263985599006304e+00 9.037296920069164408e-01
4.748553460380968261e+00 -2.277183418135674819e-01
4.754842935162930218e+00 5.340235797229344605e-01
4.761132409944891286e+00 7.135128857311880957e-01
4.767421884726853243e+00 3.337795856169265551e-01
4.773711359508814311e+00 8.561634247311560308e-01
4.780000834290776268e+00 1.125036427020098762e+00
4.786290309072737337e+00 1.231190678407844574e+00
4.792579783854699293e+00 4.370271157533180406e-01
4.798869258636660362e+00 -1.742420422301357852e-01
4.805158733418622319e+00 8.221430306850835423e-02
4.811448208200583387e+00 8.813947520285878579e-01
4.817737682982545344e+00 1.297746322970636301e+00
4.824027157764506413e+00 6.648686087086570495e-01
4.830316632546468369e+00 -1.350824590388077229e-01
4.836606107328430326e+00 4.511720441509102786e-01
4.842895582110391395e+00 6.641299102626031514e-01
4.849185056892353352e+00 9.628038730827511715e-01
4.855474531674314420e+00 -3.662092978199915638e-02
4.861764006456276377e+00 1.303755197057043347e+00
4.868053481238237445e+00 9.371552939960452466e-01
4.874342956020199402e+00 -2.148370432448324374e-01
4.880632430802160471e+00 2.077027843483793546e-01
4.886921905584122428e+00 2.643207504779422345e-01
4.893211380366083496e+00 4.704790809750221126e-01
4.899500855148045453e+00 7.396082968457501350e-01
4.905790329930006521e+00 1.437500462767383747e-01
4.912079804711968478e+00 2.097944657281787251e-01
4.918369279493930435e+00 1.046744524320441849e+00
4.924658754275891503e+00 -2.409505063520471779e-01
4.930948229057853460e+00 1.106923586110913682e+00
4.937237703839814529e+00 1.396529964839111848e+00
4.943527178621776486e+00 7.214381955914481726e-01
4.949816653403737554e+00 -4.469273123512944590e-01
4.956106128185699511e+00 1.106438508393579045e-01
4.962395602967660579e+00 -2.604506923681482178e-01
4.968685077749622536e+00 -4.211073470365377380e-01
4.974974552531583605e+00 1.185049877337536195e+00
4.981264027313545562e+00 7.708643419008680553e-01
4.987553502095506630e+00 1.130430955997314690e+00
4.993842976877468587e+00 1.163220826582860301e-01
5.000132451659430544e+00 1.262742539440224965e+00
5.006421926441391612e+00 -4.839151589394301567e-01
5.012711401223353569e+00 5.223051100894765542e-01
5.019000876005314637e+00 1.184483897955020293e+00
5.025290350787276594e+00 1.048812073270650069e+00
5.031579825569237663e+00 9.097688576039391073e-01
5.037869300351199620e+00 4.571614117840847591e-01
5.044158775133160688e+00 -1.294046237070126670e-01
5.050448249915122645e+00 2.104767944211425323e-01
5.056737724697083713e+00 7.710047219365802063e-01
5.063027199479045670e+00 -2.877573677902836025e-01
5.069316674261006739e+00 9.617708559441562333e-01
5.075606149042968696e+00 -3.412960855161206730e-02
5.081895623824930652e+00 6.221532638724334152e-01
5.088185098606891721e+00 1.177347951564454043e+00
5.094474573388853678e+00 4.055209324184471109e-01
5.100764048170814746e+00 1.426414214895910249e-01
5.107053522952776703e+00 -3.574208160208003360e-01
5.113342997734737772e+00 -1.406118012258819050e-01
5.119632472516699728e+00 -7.156435651113211005e-01
5.125921947298660797e+00 3.625860960469301508e-01
5.132211422080622754e+00 -8.324821912930469026e-02
5.138500896862583822e+00 2.394378245003179195e-01
5.144790371644545779e+00 -5.719104152352053605e-01
5.151079846426506847e+00 9.438383569855097743e-01
5.157369321208468804e+00 -4.197258771111900266e-02
5.163658795990430761e+00 5.771511203073611540e-01
5.169948270772391830e+00 1.081479981101166388e+00
5.176237745554353786e+00 7.639446334308611641e-01
5.182527220336314855e+00 5.041717254931845638e-01
5.188816695118276812e+00 4.427359866686663148e-01
5.195106169900237880e+00 1.014694157666844898e+00
5.201395644682199837e+00 -6.988813811070497817e-01
5.207685119464160906e+00 1.169656265834364550e+00
5.213974594246122862e+00 -7.169433197399726065e-01
5.220264069028083931e+00 5.569813263460376973e-01
5.226553543810045888e+00 -4.306735251553517330e-02
5.232843018592006956e+00 8.725435175690479106e-01
5.239132493373968913e+00 1.026479618103725677e+00
5.245421968155930870e+00 4.251449727858547245e-01
5.251711442937891938e+00 4.577102560749668481e-01
5.258000917719853895e+00 -2.084461837960331909e-01
5.264290392501814964e+00 3.252749840998361286e-01
5.270579867283776920e+00 1.154261408196534555e+00
5.276869342065737989e+00 5.900461931542857474e-01
5.283158816847699946e+00 -4.180317792167057567e-01
5.289448291629661014e+00 5.386890057442308422e-01
5.295737766411622971e+00 9.740097506025426899e-01
5.302027241193584040e+00 7.537986113708537994e-01
5.308316715975545996e+00 1.399230806222392598e+00
5.314606190757507953e+00 2.535381262662534385e-01
5.320895665539469022e+00 -7.654923415575720647e-03
5.327185140321430978e+00 -1.982849480840509493e-01
5.333474615103392047e+00 7.469573286468883522e-02
5.339764089885354004e+00 -1.035850830046953219e-01
5.346053564667315072e+00 1.194673444486768155e+00
5.352343039449277029e+00 2.306853255200005948e-01
5.358632514231238098e+00 8.729453667247483173e-01
5.364921989013200054e+00 -1.507441144030006730e-01
5.371211463795161123e+00 -9.860263755401610375e-02
5.377500938577123080e+00 1.227343826433662688e+00
5.383790413359084148e+00 1.361958058673188976e+00
5.390079888141046105e+00 1.003662996287670861e+00
5.396369362923008062e+00 1.824025269850686470e+00
5.402658837704969130e+00 1.493402539151692965e+00
5.408948312486931087e+00 5.592247529832705677e-01
5.415237787268892156e+00 1.485863907493039981e+00
5.421527262050854112e+00 5.065192478389404229e-01
5.427816736832815181e+00 9.855182237529889200e-01
5.434106211614777138e+00 8.965200376754659528e-01
5.440395686396738206e+00 1.157464487660135433e+00
5.446685161178700163e+00 1.767274141137424204e+00
5.452974635960661232e+00 1.550264833605220050e+00
5.459264110742623188e+00 1.531277984639635381e+00
5.465553585524584257e+00 9.774090955459728836e-01
5.471843060306546214e+00 1.426799545849043671e+00
5.478132535088508170e+00 1.185877222746060555e+00
5.484422009870469239e+00 1.368562677146000661e+00
5.490711484652431196e+00 2.106923639848913510e+00
5.497000959434392264e+00 1.137135060081026161e+00
5.503290434216354221e+00 7.900553685436237927e-01
5.509579908998315290e+00 1.515543453431521304e+00
5.515869383780277246e+00 2.319240578791709417e+00
5.522158858562238315e+00 9.600840911705592617e-01
5.528448333344200272e+00 1.005505826735578756e+00
5.534737808126161340e+00 1.311829705242817390e+00
5.541027282908123297e+00 1.280282896900750478e+00
5.547316757690084366e+00 6.678192408534202595e-01
5.553606232472046322e+00 2.139235503591744969e+00
5.559895707254008279e+00 6.092946731512258740e-01
5.566185182035969348e+00 1.031438028324735967e+00
5.572474656817931304e+00 1.820624376344767370e+00
5.578764131599892373e+00 1.817566446397171687e+00
5.585053606381854330e+00 1.448504807583169018e+00
5.591343081163815398e+00 1.329380718393347927e+00
5.597632555945777355e+00 2.402319009896051849e+00
5.603922030727738424e+00 7.592801676779372677e-01
5.610211505509700380e+00 8.255208113130076963e-01
5.616500980291661449e+00 7.700017047405312010e-01
5.622790455073623406e+00 1.143521768075689948e+00
5.629079929855584474e+00 8.385631146078288412e-01
5.635369404637546431e+00 2.453266060458604958e+00
5.641658879419508388e+00 2.140134974166401527e+00
5.647948354201469456e+00 8.217385985019092232e-01
5.654237828983431413e+00 2.108896302279834600e+00
5.660527303765392482e+00 1.286933557149335883e+00
5.666816778547354438e+00 1.373158399210135272e+00
5.673106253329315507e+00 1.024158799439588652e+00
5.679395728111277464e+00 2.306806362292631807e+00
5.685685202893238532e+00 2.624410057896149340e+00
5.691974677675200489e+00 1.669338666658994885e+00
5.698264152457161558e+00 8.199289375800850044e-01
5.704553627239123514e+00 2.020547488345739939e+00
5.710843102021084583e+00 1.847950029667734029e+00
5.717132576803046540e+00 8.449685209801515162e-01
5.723422051585008496e+00 1.173076884646037099e+00
5.729711526366969565e+00 1.315133238525645565e+00
5.736001001148931522e+00 1.903914470165888773e+00
5.742290475930892590e+00 2.024271096364263833e+00
5.748579950712854547e+00 1.505670798762357654e+00
5.754869425494815616e+00 2.014091889587053874e+00
5.761158900276777572e+00 1.154352260471085412e+00
5.767448375058738641e+00 7.509318580692461165e-01
5.773737849840700598e+00 2.163336161981229910e+00
5.780027324622661666e+00 2.267190439828338011e+00
5.786316799404623623e+00 6.135287517955225756e-01
5.792606274186584692e+00 2.106641147297239947e+00
5.798895748968546648e+00 2.388927545430775456e+00
5.805185223750508605e+00 1.090613584494652288e+00
5.811474698532469674e+00 9.666721133303535218e-01
5.817764173314431631e+00 1.769207684014963755e+00
5.824053648096392699e+00 1.036560268366077509e+00
5.830343122878354656e+00 2.041466059941556388e+00
5.836632597660315724e+00 2.101297241526516313e+00
5.842922072442277681e+00 1.681813345414313154e+00
5.849211547224238750e+00 5.180914789510436824e-01
5.855501022006200706e+00 5.810478749932879161e-01
5.861790496788161775e+00 1.277638996322843168e+00
5.868079971570123732e+00 3.682064965407865764e-01
5.874369446352084800e+00 7.442361815741740383e-01
5.880658921134046757e+00 6.687636159838070693e-01
5.886948395916008714e+00 5.068529350973229874e-01
5.893237870697969782e+00 1.945895995036354131e+00
5.899527345479931739e+00 4.502143581686307572e-01
5.905816820261892808e+00 9.956251816313392844e-01
5.912106295043854765e+00 2.352852003810315118e-01
5.918395769825815833e+00 1.733431539330517079e+00
5.924685244607777790e+00 1.343978934531114611e+00
5.930974719389738858e+00 8.015014403246443209e-01
5.937264194171700815e+00 1.134944691852517451e+00
5.943553668953661884e+00 7.837449682773217630e-01
5.949843143735623840e+00 7.423481909987388327e-01
5.956132618517584909e+00 1.201058149326270197e+00
5.962422093299546866e+00 1.088747598039507380e+00
5.968711568081508823e+00 1.219223113658182811e+00
5.975001042863469891e+00 -4.666674514108104521e-01
5.981290517645431848e+00 3.572439186720346438e-01
5.987579992427392916e+00 4.272105404690882402e-01
5.993869467209354873e+00 -1.450171996351847792e-01
6.000158941991315942e+00 9.629925466482691654e-02
6.006448416773277899e+00 5.412449908379746155e-01
6.012737891555238967e+00 6.467612323627918158e-01
6.019027366337200924e+00 3.093125587245071362e-01
6.025316841119161992e+00 -9.151285993812541264e-02
6.031606315901123949e+00 -4.073593274656781560e-01
6.037895790683085906e+00 -8.377201667211040537e-01
6.044185265465046974e+00 -3.861416152633934118e-02
6.050474740247008931e+00 3.638422806361478745e-01
6.056764215028970000e+00 8.704412442188780297e-02
6.063053689810931957e+00 4.145942032048339776e-01
6.069343164592893025e+00 5.478267431859267234e-01
6.075632639374854982e+00 -8.682612245415242125e-01
6.081922114156816050e+00 5.845311180430967646e-01
6.088211588938778007e+00 -9.663863844121083346e-01
6.094501063720739076e+00 8.086464160472761620e-02
6.100790538502701033e+00 -1.383666083296063221e+00
6.107080013284662101e+00 -8.369222943303160633e-01
6.113369488066624058e+00 -3.429187183775412873e-01
6.119658962848586015e+00 -2.114088200392383321e-01
6.125948437630547083e+00 -7.044718536213108173e-01
6.132237912412509040e+00 -9.161645579058941280e-01
6.138527387194470109e+00 1.637466908853288938e-01
6.144816861976432065e+00 -4.689731166967476828e-01
6.151106336758393134e+00 -2.773917345972563009e-01
6.157395811540355091e+00 -1.247478725970495139e+00
6.163685286322316159e+00 -6.328300710577041688e-01
6.169974761104278116e+00 -1.586508493820899535e-01
6.176264235886239184e+00 -1.045938208116697243e+00
6.182553710668201141e+00 1.495288778646797212e-02
6.188843185450162210e+00 -8.374310622327336695e-01
6.195132660232124167e+00 -1.810516615583538602e+00
6.201422135014086123e+00 -6.040201909112574707e-01
6.207711609796047192e+00 -2.711542108725082389e-01
6.214001084578009149e+00 -3.095973698602079160e-01
6.220290559359970217e+00 -1.273475049285245131e+00
6.226580034141932174e+00 -7.072285221925949106e-01
6.232869508923893243e+00 -1.352634900176852950e+00
6.239158983705855199e+00 -1.238097811102829127e+00
6.245448458487816268e+00 -8.156398426056057360e-01
6.251737933269778225e+00 -1.544721983185213032e+00
6.258027408051739293e+00 -2.047987107865636425e+00
6.264316882833701250e+00 -2.671765349982153648e-01
6.270606357615662318e+00 -1.728316607530400173e+00
6.276895832397624275e+00 -2.549798623672889786e-01
6.283185307179586232e+00 -1.212578110449980651e+00
