0.000000000000000000e+00 9.899517119197940307e-01
6.289474781961547356e-03 1.434203900751972904e+00
1.257894956392309471e-02 1.474038527982434399e+00
1.886842434588464207e-02 1.325091325519322183e+00
2.515789912784618942e-02 5.318313343347980116e-01
3.144737390980773678e-02 1.333132866398792249e+00
3.773684869176928414e-02 -4.199248759884306459e-01
4.402632347373083149e-02 -1.180949331795571045e-01
5.031579825569237885e-02 1.866921920477548902e-01
5.660527303765392620e-02 6.918747305967806183e-01
6.289474781961547356e-02 1.570754758806419904e+00
6.918422260157702786e-02 -1.444898147244215725e-01
7.547369738353856827e-02 1.761713572388459714e-01
8.176317216550010869e-02 1.225331229905549435e+00
8.805264694746166299e-02 1.579859050952244548e+00
9.434212172942321728e-02 1.155215886397765956e+00
1.006315965113847577e-01 1.528826063572505944e+00
1.069210712933462981e-01 -1.219682807455267914e-01
1.132105460753078524e-01 6.157079697625663650e-01
1.195000208572694067e-01 -9.156340049943550996e-02
1.257894956392309471e-01 1.581491131521022497e+00
1.320789704211924875e-01 9.548555738231337964e-01
1.383684452031540557e-01 4.352914923908257627e-02
1.446579199851155961e-01 -2.709678684845575614e-01
1.509473947670771365e-01 7.536179542324367153e-02
1.572368695490386770e-01 -4.192978363056631963e-02
1.635263443310002174e-01 1.272531352566370622e+00
1.698158191129617856e-01 1.397637965066227395e+00
1.761052938949233260e-01 -1.178035669271391139e-01
1.823947686768848664e-01 8.534896159065841204e-01
1.886842434588464346e-01 7.898106917275982131e-02
1.949737182408079750e-01 -1.653794714466740312e-01
2.012631930227695154e-01 3.165246365750167823e-01
2.075526678047310558e-01 5.957894299166499597e-02
2.138421425866925962e-01 4.144911296237767662e-01
2.201316173686541644e-01 1.157821440797520918e+00
2.264210921506157048e-01 -1.463384001548103663e-01
2.327105669325772452e-01 1.345070855510407615e+00
2.390000417145388134e-01 1.489211902791921283e+00
2.452895164965003538e-01 1.546446313710945875e+00
2.515789912784618942e-01 1.501127436622543776e+00
2.578684660604234624e-01 -3.062917331257760112e-01
2.641579408423849751e-01 -1.678555956833741591e-01
2.704474156243465433e-01 9.379044791726145469e-01
2.767368904063081114e-01 5.739150685495628679e-01
2.830263651882696241e-01 1.478372648874778372e-01
2.893158399702311923e-01 1.042462198903395532e+00
2.956053147521927049e-01 -1.736506922581112500e-01
3.018947895341542731e-01 1.047085834395397486e+00
3.081842643161158413e-01 9.832872173291979934e-01
3.144737390980773539e-01 1.416300144672429484e+00
3.207632138800389221e-01 6.858610738429947729e-01
3.270526886620004348e-01 1.314636926380240212e+00
3.333421634439620029e-01 2.254015882145002925e-01
3.396316382259235711e-01 5.087523591355411767e-01
3.459211130078850838e-01 6.269655871523105439e-01
3.522105877898466519e-01 3.534032092795880153e-01
3.585000625718082201e-01 4.968026144111862274e-01
3.647895373537697328e-01 -8.475241136234257233e-02
3.710790121357313009e-01 -4.123247840272878939e-01
3.773684869176928691e-01 1.200208817494301528e-01
3.836579616996543818e-01 9.392160894952205075e-01
3.899474364816159500e-01 2.850075425380427241e-01
3.962369112635774626e-01 5.409045735193509508e-01
4.025263860455390308e-01 1.071151780905343465e+00
4.088158608275005990e-01 4.063767447309729608e-02
4.151053356094621116e-01 1.115224916098933372e+00
4.213948103914236798e-01 5.642382379105979062e-01
4.276842851733851925e-01 1.022917933260497847e+00
4.339737599553467606e-01 3.024488785762868837e-01
4.402632347373083288e-01 1.077879565221780300e+00
4.465527095192698415e-01 3.493396051603787633e-01
4.528421843012314096e-01 -3.148537333354501921e-01
4.591316590831929778e-01 1.338818593788813072e-01
4.654211338651544905e-01 -8.786604742368151477e-01
4.717106086471160586e-01 -4.051787640433649473e-01
4.780000834290776268e-01 2.009658906783928778e-01
4.842895582110391395e-01 -7.328902387539092400e-01
4.905790329930007077e-01 5.008664664523219123e-01
4.968685077749622203e-01 -5.138305738046260451e-01
5.031579825569237885e-01 -2.495453418946802504e-01
5.094474573388853011e-01 -9.047977410706369295e-01
5.157369321208469248e-01 -5.765124617902541715e-01
5.220264069028084375e-01 2.682146313288735762e-02
5.283158816847699502e-01 -1.279832635815831843e-01
5.346053564667315738e-01 -9.315902335514205657e-01
5.408948312486930865e-01 -1.014328035703734532e+00
5.471843060306545992e-01 8.788536846174777040e-02
5.534737808126162228e-01 7.131636966331025285e-01
5.597632555945777355e-01 -7.676233903023723659e-01
5.660527303765392482e-01 6.932526273999406463e-02
5.723422051585007608e-01 5.970671119325658971e-01
5.786316799404623845e-01 5.662207811847461691e-01
5.849211547224238972e-01 -5.033322484790196949e-01
5.912106295043854098e-01 -1.184971654318225154e+00
5.975001042863470335e-01 -3.251391074148606286e-01
6.037895790683085462e-01 -6.437509917546002658e-01
6.100790538502700588e-01 -1.170149312287726895e+00
6.163685286322316825e-01 5.259505834951014869e-01
6.226580034141931952e-01 5.797053516437991050e-01
6.289474781961547079e-01 -2.887068874678393460e-01
6.352369529781163315e-01 -6.656777196589103163e-02
6.415264277600778442e-01 -4.038009768380024234e-01
6.478159025420393569e-01 4.815016903420630268e-01
6.541053773240008695e-01 5.805366542939094376e-01
6.603948521059624932e-01 -7.872596637268247655e-01
6.666843268879240059e-01 -3.429474341567841922e-01
6.729738016698855185e-01 -4.504455462710383884e-01
6.792632764518471422e-01 -1.205783357507895559e+00
6.855527512338086549e-01 -5.814202525790723719e-01
6.918422260157701675e-01 -1.097670971749277635e+00
6.981317007977317912e-01 1.539117315852049916e-01
7.044211755796933039e-01 -8.376200992387672351e-01
7.107106503616548165e-01 2.419049366853971428e-01
7.170001251436164402e-01 -6.476422969103179383e-02
7.232895999255779529e-01 -6.350737991034989260e-01
7.295790747075394655e-01 -1.135677588118516601e+00
7.358685494895010892e-01 4.458824794868607722e-01
7.421580242714626019e-01 -2.484747850131128200e-01
7.484474990534241146e-01 -9.056752476070637492e-01
7.547369738353857382e-01 -7.565794252793132113e-01
7.610264486173472509e-01 1.785474150224892753e-01
7.673159233993087636e-01 -1.098785989836873922e+00
7.736053981812702762e-01 -1.889129463367771322e-01
7.798948729632318999e-01 -4.986859478819607450e-01
7.861843477451934126e-01 4.746119283678145173e-01
7.924738225271549252e-01 1.070815671225799903e-02
7.987632973091165489e-01 5.237971294923975396e-01
8.050527720910780616e-01 -7.602659712786097312e-01
8.113422468730395742e-01 8.919632498884644267e-01
8.176317216550011979e-01 3.525619344956425483e-01
8.239211964369627106e-01 -9.009728408131039146e-01
8.302106712189242232e-01 3.892868606419002120e-01
8.365001460008858469e-01 -8.252938179133442187e-01
8.427896207828473596e-01 -1.518773069214839344e-01
8.490790955648088723e-01 -7.072191954928064295e-01
8.553685703467703849e-01 -4.397836234347949347e-01
8.616580451287320086e-01 1.154217145485950891e+00
8.679475199106935213e-01 -1.098505263271891685e-01
8.742369946926550339e-01 -2.664040167011156868e-01
8.805264694746166576e-01 -5.000469570255592355e-01
8.868159442565781703e-01 1.143089988029984072e+00
8.931054190385396829e-01 1.383484700317723082e-01
8.993948938205013066e-01 -5.241812692924722183e-01
9.056843686024628193e-01 1.150829160449734712e+00
9.119738433844243319e-01 1.377532888101158370e+00
9.182633181663859556e-01 8.723605544946446688e-01
9.245527929483474683e-01 2.377326317092378627e-01
9.308422677303089809e-01 1.470856311328664123e+00
9.371317425122706046e-01 1.288078121045345359e+00
9.434212172942321173e-01 1.709975949396946859e-01
9.497106920761936300e-01 -3.093915779910433872e-01
9.560001668581552536e-01 1.008711786952330991e+00
9.622896416401167663e-01 1.258903132773299127e+00
9.685791164220782790e-01 1.636821028305631254e+00
9.748685912040397916e-01 1.134122578873043574e+00
9.811580659860014153e-01 7.582546648954866519e-01
9.874475407679629280e-01 1.822854060702445045e+00
9.937370155499244406e-01 2.606631175244138454e-01
1.000026490331886064e+00 6.839431430859905792e-01
1.006315965113847577e+00 1.734126099319022618e+00
1.012605439895809090e+00 1.574450593118459141e+00
1.018894914677770602e+00 1.861418781350094864e-01
1.025184389459732115e+00 1.072370530100812847e+00
1.031473864241693850e+00 1.586793141977059340e+00
1.037763339023655362e+00 7.629862992870853899e-01
1.044052813805616875e+00 1.539613652946660194e+00
1.050342288587578388e+00 4.279652792045975929e-01
1.056631763369539900e+00 1.232858197958482727e+00
1.062921238151501413e+00 3.709209978165001753e-01
1.069210712933463148e+00 1.171573215277565083e+00
1.075500187715424660e+00 2.288797175222769376e+00
1.081789662497386173e+00 2.025675349998328656e+00
1.088079137279347686e+00 1.943588505166451874e+00
1.094368612061309198e+00 1.152001109564705583e+00
1.100658086843270711e+00 1.533880054108052615e+00
1.106947561625232446e+00 1.145299532532936038e+00
1.113237036407193958e+00 1.081960207417355102e+00
1.119526511189155471e+00 2.664635042223669981e+00
1.125815985971116984e+00 2.695747911213062231e+00
1.132105460753078496e+00 8.810381530552453544e-01
1.138394935535040009e+00 2.041883698999376495e+00
1.144684410317001522e+00 1.220515615438540147e+00
1.150973885098963256e+00 2.390794848831792940e+00
1.157263359880924769e+00 2.501119148533476277e+00
1.163552834662886282e+00 1.986923900277175692e+00
1.169842309444847794e+00 2.925302457499037612e+00
1.176131784226809307e+00 1.556192728172251183e+00
1.182421259008770820e+00 2.236630127835040227e+00
1.188710733790732554e+00 1.396312347420966216e+00
1.195000208572694067e+00 2.413372255708863268e+00
1.201289683354655580e+00 1.898934759862405341e+00
1.207579158136617092e+00 2.210592151846276110e+00
1.213868632918578605e+00 2.533277927662568096e+00
1.220158107700540118e+00 2.327198368859169086e+00
1.226447582482501630e+00 3.037995392099945846e+00
1.232737057264463365e+00 2.468406968680401548e+00
1.239026532046424878e+00 1.779311193586383899e+00
1.245316006828386390e+00 1.458227049223373983e+00
1.251605481610347903e+00 1.778999156952986382e+00
1.257894956392309416e+00 2.523291683967502586e+00
1.264184431174270928e+00 3.081879394949982309e+00
1.270473905956232663e+00 2.434119734266707802e+00
1.276763380738194176e+00 1.777569342011655396e+00
1.283052855520155688e+00 1.753843201422747189e+00
1.289342330302117201e+00 2.887343288765016780e+00
1.295631805084078714e+00 2.883441755878569879e+00
1.301921279866040226e+00 1.263751644902098903e+00
1.308210754648001739e+00 1.539107391949001702e+00
1.314500229429963474e+00 2.822865219413021265e+00
1.320789704211924986e+00 1.298334335735934930e+00
1.327079178993886499e+00 2.661409977244597158e+00
1.333368653775848012e+00 3.080948898906279432e+00
1.339658128557809524e+00 1.513134889922764348e+00
1.345947603339771037e+00 1.212141866848864824e+00
1.352237078121732772e+00 1.241026815638243574e+00
1.358526552903694284e+00 2.244959010632877838e+00
1.364816027685655797e+00 2.848507658111896212e+00
1.371105502467617310e+00 2.008658435629823380e+00
1.377394977249578822e+00 1.676956982055587630e+00
1.383684452031540335e+00 2.297495313502768699e+00
1.389973926813502070e+00 2.303006660054772503e+00
1.396263401595463582e+00 1.986311402086035516e+00
1.402552876377425095e+00 2.696437718081239332e+00
1.408842351159386608e+00 1.371417012911486211e+00
1.415131825941348120e+00 1.170539357001432190e+00
1.421421300723309633e+00 1.322233582869260848e+00
1.427710775505271146e+00 1.824863367982916262e+00
1.434000250287232880e+00 8.268452600291937848e-01
1.440289725069194393e+00 1.227833486951802389e+00
1.446579199851155906e+00 1.065088551932254823e+00
1.452868674633117418e+00 9.717902608428525824e-01
1.459158149415078931e+00 1.191737184163384589e+00
1.465447624197040444e+00 2.110162270290623532e+00
1.471737098979002178e+00 2.120225219604770395e+00
1.478026573760963691e+00 2.015268637494671555e+00
1.484316048542925204e+00 1.570246710693703918e+00
1.490605523324886716e+00 2.205522533607144453e+00
1.496894998106848229e+00 1.433545368510811491e+00
1.503184472888809742e+00 1.987469012206110275e+00
1.509473947670771476e+00 9.365356404526503642e-01
1.515763422452732989e+00 1.717780043136842849e+00
1.522052897234694502e+00 9.086426894795713860e-01
1.528342372016656014e+00 5.717302705138900265e-01
1.534631846798617527e+00 1.394234879836126595e+00
1.540921321580579040e+00 1.314843997423039146e-01
1.547210796362540552e+00 6.239746417666868217e-01
1.553500271144502287e+00 1.774845238697842165e+00
1.559789745926463800e+00 1.832171503619617337e+00
1.566079220708425312e+00 1.328095181139269387e+00
1.572368695490386825e+00 1.518219950894679759e-01
1.578658170272348338e+00 -2.421097489953419890e-01
1.584947645054309850e+00 -2.467549554186082572e-01
1.591237119836271585e+00 1.361483005535671920e+00
1.597526594618233098e+00 1.099806304828838677e+00
1.603816069400194610e+00 5.514193853023414693e-01
1.610105544182156123e+00 5.869515876381530273e-01
1.616395018964117636e+00 7.394509577895185259e-01
1.622684493746079148e+00 7.052239346831101763e-02
1.628973968528040661e+00 9.385104698369671761e-01
1.635263443310002396e+00 -1.988238824383841141e-01
1.641552918091963909e+00 -2.602749147227544357e-01
1.647842392873925421e+00 -8.131082441585621989e-01
1.654131867655886934e+00 -4.191850424161636113e-02
1.660421342437848446e+00 9.012062586818458954e-02
1.666710817219809959e+00 2.627930228381385458e-01
1.673000292001771694e+00 -3.366630167434681020e-01
1.679289766783733207e+00 5.132367616736859262e-01
1.685579241565694719e+00 5.466944593602209856e-01
1.691868716347656232e+00 6.754221072282804439e-01
1.698158191129617745e+00 4.126243699007492438e-02
1.704447665911579257e+00 2.572300882226552510e-01
1.710737140693540770e+00 3.334152271147818869e-01
1.717026615475502505e+00 -4.313750788201422548e-01
1.723316090257464017e+00 1.831886877390891399e-01
1.729605565039425530e+00 1.246247695240336739e-01
1.735895039821387043e+00 -4.071202374840414695e-01
1.742184514603348555e+00 9.826917623321262951e-02
1.748473989385310068e+00 -3.776168923148053302e-01
1.754763464167271803e+00 -1.668408941473421558e+00
1.761052938949233315e+00 1.688864861197170164e-01
1.767342413731194828e+00 -4.140777187454038888e-01
1.773631888513156341e+00 -6.216625200585383926e-01
1.779921363295117853e+00 -2.842477767314821602e-01
1.786210838077079366e+00 -5.070446673854478448e-02
1.792500312859041101e+00 -1.380403655787805661e+00
1.798789787641002613e+00 -1.649926974060824447e+00
1.805079262422964126e+00 -8.379842916033142242e-01
1.811368737204925639e+00 -7.795495372323315575e-01
1.817658211986887151e+00 -2.461371088780057725e-01
1.823947686768848664e+00 -1.301975348707230529e+00
1.830237161550810177e+00 -9.512919171051357203e-01
1.836526636332771911e+00 -1.546526028417408494e+00
1.842816111114733424e+00 -8.118977234484858752e-01
1.849105585896694937e+00 -1.988276861086889502e+00
1.855395060678656449e+00 -6.735613376292666210e-01
1.861684535460617962e+00 -7.859281371116133563e-02
1.867974010242579475e+00 -9.134684478913084327e-01
1.874263485024541209e+00 -7.677057893675196532e-01
1.880552959806502722e+00 -2.921172880422164830e-01
1.886842434588464235e+00 -1.932336206027993608e-01
1.893131909370425747e+00 -1.757823786259357313e+00
1.899421384152387260e+00 -1.323560097914199485e+00
1.905710858934348773e+00 -1.111651327778730325e+00
1.912000333716310507e+00 -8.851094645407866501e-01
1.918289808498272020e+00 -2.033162818315703557e-01
1.924579283280233533e+00 -7.123702726872183089e-01
1.930868758062195045e+00 -1.694577117167809899e+00
1.937158232844156558e+00 -1.960402267266459608e+00
1.943447707626118071e+00 -7.000467809250336959e-01
1.949737182408079583e+00 -1.476271116936988426e+00
1.956026657190041318e+00 -9.719531111919816890e-01
1.962316131972002831e+00 -1.320101224603674961e+00
1.968605606753964343e+00 -5.227877342377555969e-01
1.974895081535925856e+00 -3.388689016678316790e-01
1.981184556317887369e+00 -1.158007200288666549e-01
1.987474031099848881e+00 -1.716632618666392496e+00
1.993763505881810616e+00 -1.386894414802850140e+00
2.000052980663772129e+00 -1.394973364051927955e-01
2.006342455445733641e+00 -9.324277199131918437e-01
2.012631930227695154e+00 -2.930054980871790171e-01
2.018921405009656667e+00 -3.638783994235161856e-02
2.025210879791618179e+00 -1.232855733377866470e+00
2.031500354573579692e+00 1.317488838301237308e-01
2.037789829355541205e+00 4.229339856291172151e-01
2.044079304137502717e+00 -9.843337105413219046e-01
2.050368778919464230e+00 1.956274542931075722e-01
2.056658253701426187e+00 -3.688023229672359182e-01
2.062947728483387699e+00 1.346213440954602270e-02
2.069237203265349212e+00 -8.191960922619725416e-01
2.075526678047310725e+00 -6.596374664608919414e-01
2.081816152829272237e+00 7.415847545714955302e-01
2.088105627611233750e+00 -7.151285255280459552e-01
2.094395102393195263e+00 7.409639623870911684e-02
2.100684577175156775e+00 -3.501654756537009305e-01
2.106974051957118288e+00 -4.517254287019488723e-01
2.113263526739079801e+00 -4.818625540922460981e-02
2.119553001521041313e+00 7.070765566866654694e-02
2.125842476303002826e+00 9.749426933204369261e-01
2.132131951084964339e+00 5.381519933075087359e-01
2.138421425866926295e+00 1.149757753115181691e+00
2.144710900648887808e+00 1.073796998733111963e-03
2.151000375430849321e+00 7.801884414064441664e-01
2.157289850212810833e+00 -4.008259642070992612e-01
2.163579324994772346e+00 9.980741009603175673e-01
2.169868799776733859e+00 1.485805966028220793e+00
2.176158274558695371e+00 1.370013390918762397e+00
2.182447749340656884e+00 -1.177319236984460948e-01
2.188737224122618397e+00 4.042125187685285392e-01
2.195026698904579909e+00 6.836213644618895913e-01
2.201316173686541422e+00 1.884574171850633695e+00
2.207605648468502935e+00 1.917381602787668893e-01
2.213895123250464891e+00 1.043201513040901363e+00
2.220184598032426404e+00 2.102240964020753555e+00
2.226474072814387917e+00 1.635032584196695726e+00
2.232763547596349429e+00 1.058561989627765376e+00
2.239053022378310942e+00 1.301493763631026646e+00
2.245342497160272455e+00 2.308521036475876365e+00
2.251631971942233967e+00 1.377759860357897326e+00
2.257921446724195480e+00 6.570152308568095734e-01
2.264210921506156993e+00 2.117646332477998605e+00
2.270500396288118505e+00 1.825117534696812704e+00
2.276789871070080018e+00 8.413266430048172984e-01
2.283079345852041531e+00 1.645470744730092250e+00
2.289368820634003043e+00 2.506644145518432953e+00
2.295658295415965000e+00 9.840924894915186183e-01
2.301947770197926513e+00 2.476999383767632956e+00
2.308237244979888025e+00 1.403197732789962071e+00
2.314526719761849538e+00 2.070431654785559683e+00
2.320816194543811051e+00 2.543217187360461207e+00
2.327105669325772563e+00 2.910552299566378398e+00
2.333395144107734076e+00 2.706810564233567362e+00
2.339684618889695589e+00 3.082800192051636134e+00
2.345974093671657101e+00 2.351644002015294888e+00
2.352263568453618614e+00 1.731195516656854672e+00
2.358553043235580127e+00 2.506581023028325639e+00
2.364842518017541639e+00 3.291199905078016741e+00
2.371131992799503152e+00 1.969152801528404773e+00
2.377421467581465109e+00 2.252819626669512409e+00
2.383710942363426621e+00 1.669273467452774495e+00
2.390000417145388134e+00 3.273422151106932798e+00
2.396289891927349647e+00 2.623173288716870388e+00
2.402579366709311159e+00 1.950491300877820855e+00
2.408868841491272672e+00 2.772238258228345131e+00
2.415158316273234185e+00 2.598618892518162582e+00
2.421447791055195697e+00 3.289334128917003497e+00
2.427737265837157210e+00 3.552265972744255151e+00
2.434026740619118723e+00 2.117636101555016026e+00
2.440316215401080235e+00 2.360410267700096654e+00
2.446605690183041748e+00 2.924909335262867227e+00
2.452895164965003261e+00 3.674851610604892738e+00
2.459184639746965217e+00 2.949198741469411189e+00
2.465474114528926730e+00 1.933871916047677608e+00
2.471763589310888243e+00 2.179766609526138765e+00
2.478053064092849755e+00 2.773492385104950664e+00
2.484342538874811268e+00 1.946162533240857417e+00
2.490632013656772781e+00 2.324741764542238798e+00
2.496921488438734293e+00 3.479592962513086363e+00
2.503210963220695806e+00 2.759830663612037327e+00
2.509500438002657319e+00 2.664607144226541990e+00
2.515789912784618831e+00 2.715863747571984455e+00
2.522079387566580344e+00 3.154877159126584285e+00
2.528368862348541857e+00 2.403262081593351862e+00
2.534658337130503369e+00 3.473290053611277628e+00
2.540947811912465326e+00 2.531792871412752000e+00
2.547237286694426839e+00 3.264891400508669328e+00
2.553526761476388351e+00 2.234566464091357396e+00
2.559816236258349864e+00 2.394818133605598032e+00
2.566105711040311377e+00 2.483950949885199044e+00
2.572395185822272889e+00 1.948684541417906146e+00
2.578684660604234402e+00 3.752168175003468775e+00
2.584974135386195915e+00 2.950934559881715380e+00
2.591263610168157427e+00 2.049561369458622995e+00
2.597553084950118940e+00 2.776726066148123451e+00
2.603842559732080453e+00 2.485178962032164485e+00
2.610132034514041965e+00 2.354639239218383029e+00
2.616421509296003478e+00 3.304176948432584915e+00
2.622710984077965435e+00 2.757463227135224848e+00
2.629000458859926947e+00 2.383761211560480930e+00
2.635289933641888460e+00 3.325727749492036978e+00
2.641579408423849973e+00 1.819694537941004109e+00
2.647868883205811485e+00 2.769407155361262696e+00
2.654158357987772998e+00 2.885554907904765543e+00
2.660447832769734511e+00 2.874774929379585231e+00
2.666737307551696023e+00 1.924403024211818858e+00
2.673026782333657536e+00 3.185278378047313730e+00
2.679316257115619049e+00 1.649978777492620452e+00
2.685605731897580561e+00 1.767078617072555424e+00
2.691895206679542074e+00 1.839771498959613227e+00
2.698184681461504031e+00 1.979444015772315435e+00
2.704474156243465544e+00 1.909853798377432410e+00
2.710763631025427056e+00 2.562369310301800596e+00
2.717053105807388569e+00 2.387071872442239950e+00
2.723342580589350082e+00 2.467037304937808706e+00
2.729632055371311594e+00 1.646188335167774852e+00
2.735921530153273107e+00 2.616526933707904234e+00
2.742211004935234619e+00 2.307989860831704210e+00
2.748500479717196132e+00 2.555676455987363926e+00
2.754789954499157645e+00 2.591086355547501441e+00
2.761079429281119157e+00 9.946536889795677405e-01
2.767368904063080670e+00 9.856058518496650933e-01
2.773658378845042183e+00 8.923040162684001686e-01
2.779947853627004140e+00 8.042525449823213490e-01
2.786237328408965652e+00 7.647445876519738395e-01
2.792526803190927165e+00 8.239948406464217001e-01
2.798816277972888678e+00 1.148140540279033228e+00
2.805105752754850190e+00 2.007866651299766714e-01
2.811395227536811703e+00 1.522889563705008387e+00
2.817684702318773216e+00 1.736416209521275678e-01
2.823974177100734728e+00 5.631234959334274759e-01
2.830263651882696241e+00 1.309872983345510722e+00
2.836553126664657754e+00 7.981146192582017074e-01
2.842842601446619266e+00 6.944621405553519367e-04
2.849132076228580779e+00 4.846213040501484159e-01
2.855421551010542291e+00 1.453236843762764963e+00
2.861711025792504248e+00 -3.172651977946993052e-01
2.868000500574465761e+00 -3.541602068417185056e-01
2.874289975356427274e+00 4.628682449966428081e-01
2.880579450138388786e+00 9.424334311241476803e-01
2.886868924920350299e+00 8.000011700312203988e-02
2.893158399702311812e+00 -1.260180317292941554e-01
2.899447874484273324e+00 -4.359603942083520867e-01
2.905737349266234837e+00 3.999029853162116011e-01
2.912026824048196350e+00 -3.028932180256409534e-01
2.918316298830157862e+00 7.064765539481632217e-01
2.924605773612119375e+00 3.182000776669512421e-01
2.930895248394080888e+00 4.270315105938364830e-01
2.937184723176042400e+00 -1.643921952113567286e-01
2.943474197958004357e+00 -5.989560114999741280e-01
2.949763672739965870e+00 -1.032971437686750260e+00
2.956053147521927382e+00 8.458446667348986647e-01
2.962342622303888895e+00 -9.239301488603646195e-01
2.968632097085850408e+00 -3.761016432440711377e-01
2.974921571867811920e+00 -2.033010677093824992e-01
2.981211046649773433e+00 -2.037755614340126531e-01
2.987500521431734946e+00 7.048921490644866061e-02
2.993789996213696458e+00 -8.256736400207811410e-01
3.000079470995657971e+00 -5.923903878464749084e-01
3.006368945777619484e+00 -6.990896914873756529e-01
3.012658420559580996e+00 -1.289533121848872588e+00
3.018947895341542953e+00 -1.201454115182523319e+00
3.025237370123504466e+00 -1.345019530658974949e+00
3.031526844905465978e+00 3.677731205965122374e-01
3.037816319687427491e+00 4.123246963711439950e-01
3.044105794469389004e+00 2.660045813110678559e-01
3.050395269251350516e+00 -4.873401150447160823e-01
3.056684744033312029e+00 -1.470072967991855162e+00
3.062974218815273542e+00 -7.242970649357398649e-01
3.069263693597235054e+00 -1.053027567362693429e+00
3.075553168379196567e+00 -4.089030893367033848e-01
3.081842643161158080e+00 -6.484595533646371202e-01
3.088132117943119592e+00 -1.400730318891163506e-02
3.094421592725081105e+00 -1.594985008601678134e+00
3.100711067507043062e+00 2.518972081131054530e-02
3.107000542289004574e+00 -1.335206634448949048e+00
3.113290017070966087e+00 -1.533265683599920326e-01
3.119579491852927600e+00 -4.451942055380144758e-01
3.125868966634889112e+00 -3.438850817215106659e-01
3.132158441416850625e+00 -1.223148298879580320e+00
3.138447916198812138e+00 -8.343485279201141580e-01
3.144737390980773650e+00 -9.268098002672802149e-01
3.151026865762735163e+00 -1.058139541726298649e+00
3.157316340544696676e+00 -8.111470808227205787e-01
3.163605815326658188e+00 -4.912879970153056775e-01
3.169895290108619701e+00 -1.488834544356932188e+00
3.176184764890581214e+00 -2.972822335169169605e-01
3.182474239672543170e+00 -9.433288993927575472e-01
3.188763714454504683e+00 3.457069008063193838e-01
3.195053189236466196e+00 -7.304356473764077595e-01
3.201342664018427708e+00 -9.380438917629645434e-01
3.207632138800389221e+00 -4.984975316655433364e-01
3.213921613582350734e+00 -1.410710304447173602e-01
3.220211088364312246e+00 -6.883106898246889038e-01
3.226500563146273759e+00 -6.822423039953360302e-01
3.232790037928235272e+00 -1.398475916683709075e+00
3.239079512710196784e+00 -9.251445345723028346e-01
3.245368987492158297e+00 1.905625177360041889e-01
3.251658462274119810e+00 3.965082284820666825e-01
3.257947937056081322e+00 2.857223817609193528e-01
3.264237411838043279e+00 -1.283489925827485445e+00
3.270526886620004792e+00 5.423590635556252426e-01
3.276816361401966304e+00 -1.070131576816303998e+00
3.283105836183927817e+00 3.535636503017269838e-02
3.289395310965889330e+00 -1.184363068800994512e+00
3.295684785747850842e+00 -7.168978442649951432e-01
3.301974260529812355e+00 2.564158605168846972e-01
3.308263735311773868e+00 -6.953986025823877259e-01
3.314553210093735380e+00 -1.879355686680115323e-01
3.320842684875696893e+00 -6.697769253358742958e-01
3.327132159657658406e+00 7.144667257850895181e-01
3.333421634439619918e+00 -2.998024570197401761e-01
3.339711109221581431e+00 9.866960998037880293e-01
3.346000584003543388e+00 -7.299952466344226121e-01
3.352290058785504900e+00 2.333876630877016467e-01
3.358579533567466413e+00 1.090171370525127026e+00
3.364869008349427926e+00 1.075987997502835469e+00
3.371158483131389438e+00 8.448534239844246452e-01
3.377447957913350951e+00 3.973223822908344971e-02
3.383737432695312464e+00 -3.614452870055949729e-01
3.390026907477273976e+00 6.115244319550292573e-01
3.396316382259235489e+00 1.169630172078865105e+00
3.402605857041197002e+00 1.479487055438371224e+00
3.408895331823158514e+00 3.373904274079871923e-01
3.415184806605120027e+00 1.428753359942717793e+00
3.421474281387081540e+00 7.005065633534413028e-02
3.427763756169043496e+00 9.091438308957362491e-01
3.434053230951005009e+00 1.198683663285143863e+00
3.440342705732966522e+00 5.474466087212914722e-01
3.446632180514928034e+00 1.230727809100212067e+00
3.452921655296889547e+00 1.574116631296992974e+00
3.459211130078851060e+00 8.550075330173672050e-01
3.465500604860812572e+00 3.710313948736421730e-01
3.471790079642774085e+00 1.326599544502094608e+00
3.478079554424735598e+00 1.221685939747643168e+00
3.484369029206697110e+00 6.968587945195432454e-01
3.490658503988658623e+00 1.399758118285759245e+00
3.496947978770620136e+00 6.608125886242115499e-01
3.503237453552582092e+00 4.130973935921824491e-01
3.509526928334543605e+00 1.759443806863076887e+00
3.515816403116505118e+00 1.074024501837458567e+00
3.522105877898466630e+00 5.211234083679889828e-01
3.528395352680428143e+00 2.354851998906839050e+00
3.534684827462389656e+00 6.692129522586541812e-01
3.540974302244351168e+00 9.188270116277912347e-01
3.547263777026312681e+00 2.041291710006659876e+00
3.553553251808274194e+00 2.360021293751803917e+00
3.559842726590235706e+00 6.717528276750330818e-01
3.566132201372197219e+00 2.310639824414057131e+00
3.572421676154158732e+00 1.099571085640199009e+00
3.578711150936120244e+00 2.150716373372381085e+00
3.585000625718082201e+00 1.357505918708273196e+00
3.591290100500043714e+00 2.227873963542317703e+00
3.597579575282005226e+00 2.272471285721088030e+00
3.603869050063966739e+00 1.111781028310981023e+00
3.610158524845928252e+00 2.619185465682348113e+00
3.616447999627889764e+00 2.157409422780129482e+00
3.622737474409851277e+00 1.621368301615292218e+00
3.629026949191812790e+00 2.882814967765412906e+00
3.635316423973774302e+00 2.880647234607268903e+00
3.641605898755735815e+00 1.964860473188888790e+00
3.647895373537697328e+00 2.456191158482253556e+00
3.654184848319658840e+00 2.406201245301652136e+00
3.660474323101620353e+00 1.519348186565847136e+00
3.666763797883582310e+00 2.005487224781447253e+00
3.673053272665543822e+00 2.159975635269212546e+00
3.679342747447505335e+00 2.400929165162851042e+00
3.685632222229466848e+00 1.501972561754766566e+00
3.691921697011428360e+00 2.718168478531687526e+00
3.698211171793389873e+00 1.441941291087750932e+00
3.704500646575351386e+00 1.986780509302758180e+00
3.710790121357312898e+00 1.587171315210316402e+00
3.717079596139274411e+00 1.962654079543972863e+00
3.723369070921235924e+00 2.102390770024748612e+00
3.729658545703197436e+00 2.725732761170879037e+00
3.735948020485158949e+00 1.462033456516399710e+00
3.742237495267120462e+00 2.653807465349901307e+00
3.748526970049082419e+00 1.696959824520975157e+00
3.754816444831043931e+00 2.364892400969710096e+00
3.761105919613005444e+00 2.182597523028776187e+00
3.767395394394966956e+00 1.835489576742841411e+00
3.773684869176928469e+00 2.624702013475860518e+00
3.779974343958889982e+00 1.718448598584372489e+00
3.786263818740851494e+00 2.452762998552918017e+00
3.792553293522813007e+00 1.616169889774333068e+00
3.798842768304774520e+00 2.743774671890478967e+00
3.805132243086736032e+00 1.679468312959248477e+00
3.811421717868697545e+00 2.959522586103629394e+00
3.817711192650659058e+00 1.476889932438246955e+00
3.824000667432621015e+00 2.704258644338241702e+00
3.830290142214582527e+00 1.471604040237918243e+00
3.836579616996544040e+00 1.116679122249294887e+00
3.842869091778505553e+00 1.620757336119387437e+00
3.849158566560467065e+00 1.780004853709708623e+00
3.855448041342428578e+00 2.650133633372544928e+00
3.861737516124390091e+00 2.295350317249211791e+00
3.868026990906351603e+00 1.312335891564262003e+00
3.874316465688313116e+00 9.376466778125686075e-01
3.880605940470274628e+00 2.143871942575637402e+00
3.886895415252236141e+00 8.751194764740152232e-01
3.893184890034197654e+00 2.495664088745470188e+00
3.899474364816159166e+00 8.492038963365476922e-01
3.905763839598121123e+00 1.059577084626588839e+00
3.912053314380082636e+00 1.044765054625367728e+00
3.918342789162044149e+00 2.256745077272485300e+00
3.924632263944005661e+00 2.638056385923263303e+00
3.930921738725967174e+00 2.024749307108092200e+00
3.937211213507928687e+00 2.278221589386053125e+00
3.943500688289890199e+00 1.896985353888274828e+00
3.949790163071851712e+00 2.523585813967405223e+00
3.956079637853813225e+00 2.137560372167289113e+00
3.962369112635774737e+00 1.413100906658998346e+00
3.968658587417736250e+00 9.909364414507449981e-01
3.974948062199697763e+00 1.859878050250739712e+00
3.981237536981659275e+00 3.879601269578336620e-01
3.987527011763621232e+00 4.800031546951223360e-01
3.993816486545582745e+00 5.848404547821981492e-01
4.000105961327544257e+00 1.037241008122530506e+00
4.006395436109505326e+00 1.876443355746110653e+00
4.012684910891467283e+00 4.481843077150248211e-01
4.018974385673428351e+00 2.172514754465079800e+00
4.025263860455390308e+00 2.102914905928353395e+00
4.031553335237352265e+00 7.650799342906116074e-01
4.037842810019313333e+00 1.440210241099590949e+00
4.044132284801275290e+00 1.236388648650643685e+00
4.050421759583236359e+00 3.880042927723896806e-01
4.056711234365198315e+00 3.859710267070151635e-02
4.063000709147159384e+00 1.895372094357674619e+00
4.069290183929121341e+00 -2.256364390572034723e-02
4.075579658711082409e+00 1.350232364100734106e+00
4.081869133493044366e+00 1.789877394108746245e+00
4.088158608275005435e+00 1.423928762628388967e+00
4.094448083056967391e+00 1.322012833909822049e+00
4.100737557838928460e+00 1.092934496592583571e+00
4.107027032620890417e+00 4.868525583108160304e-01
4.113316507402852373e+00 1.242984336981281412e+00
4.119605982184813442e+00 9.210525188805406271e-01
4.125895456966775399e+00 -6.593872698471403559e-02
4.132184931748736467e+00 -2.842365712718653570e-01
4.138474406530698424e+00 1.145204619930239476e+00
4.144763881312659493e+00 1.038601249080288280e+00
4.151053356094621449e+00 4.035179196387034262e-01
4.157342830876582518e+00 5.474893414256748470e-02
4.163632305658544475e+00 1.117428378922004306e+00
4.169921780440505543e+00 1.398774953375768959e+00
4.176211255222467500e+00 1.439435231976995855e+00
4.182500730004428569e+00 1.310163285169051672e+00
4.188790204786390525e+00 1.519996802194940377e+00
4.195079679568352482e+00 -2.623542196331465348e-01
4.201369154350313551e+00 9.358030898198240743e-01
4.207658629132275507e+00 1.167889685117014853e+00
4.213948103914236576e+00 -2.519315472881031859e-01
4.220237578696198533e+00 4.711306336806491135e-01
4.226527053478159601e+00 1.982675517125898068e-01
4.232816528260121558e+00 4.871049504407868325e-01
4.239106003042082627e+00 5.177715955661106317e-01
4.245395477824044583e+00 2.697679749278449890e-01
4.251684952606005652e+00 -1.031042949154590271e-01
4.257974427387967609e+00 -1.756121793697864586e-01
4.264263902169928677e+00 5.676066068479170834e-01
4.270553376951890634e+00 2.985120080226058015e-01
4.276842851733852591e+00 1.253940017317262123e-01
4.283132326515813659e+00 9.546239747943958687e-01
4.289421801297775616e+00 -4.762938293180083438e-01
4.295711276079736685e+00 6.729461947284831602e-02
4.302000750861698641e+00 1.340981690460903319e+00
4.308290225643659710e+00 1.087407499873303207e+00
4.314579700425621667e+00 -3.530529044834407326e-02
4.320869175207582735e+00 -2.876364064908317753e-01
4.327158649989544692e+00 1.342753450340758103e+00
4.333448124771505761e+00 -3.140773546373456515e-01
4.339737599553467717e+00 -4.085098605865497001e-01
4.346027074335428786e+00 1.151144481828969557e+00
4.352316549117390743e+00 -7.332569232229602108e-02
4.358606023899352699e+00 -4.737115675075483923e-01
4.364895498681313768e+00 5.861995291924969598e-01
4.371184973463275725e+00 1.293206328361972357e+00
4.377474448245236793e+00 1.704894061686956785e-02
4.383763923027198750e+00 4.052038370440398385e-01
4.390053397809159819e+00 -2.517813521432205048e-01
4.396342872591121775e+00 1.338975171000886144e+00
4.402632347373082844e+00 -5.528254484173691363e-01
4.408921822155044801e+00 4.815473229340123673e-01
4.415211296937005869e+00 3.791489595400994173e-01
4.421500771718967826e+00 1.590077532146668693e-01
4.427790246500929783e+00 7.177527993106227466e-01
4.434079721282890851e+00 -1.272492957534693270e-01
4.440369196064852808e+00 2.665130950896448248e-01
4.446658670846813877e+00 1.762420033261431485e-01
4.452948145628775833e+00 1.158954944560349531e+00
4.459237620410736902e+00 -2.356923741072369793e-01
4.465527095192698859e+00 1.288318208488019145e+00
4.471816569974659927e+00 1.159310387076944782e+00
4.478106044756621884e+00 7.744526387142804946e-01
4.484395519538582953e+00 -3.619703850684627966e-01
4.490684994320544909e+00 1.368412640607002073e+00
4.496974469102505978e+00 6.695866737778142230e-01
4.503263943884467935e+00 9.348392257905091540e-01
4.509553418666429891e+00 8.722691190396083538e-01
4.515842893448390960e+00 7.035347458896631379e-01
4.522132368230352917e+00 1.041179727070790095e-02
4.528421843012313985e+00 2.627986280550200782e-01
4.534711317794275942e+00 1.148072052762909578e+00
4.541000792576237011e+00 5.125217688512887504e-01
4.547290267358198967e+00 -1.033588584162541402e-01
4.553579742140160036e+00 5.273772990850607023e-01
4.559869216922121993e+00 -3.533349111830252909e-02
4.566158691704083061e+00 5.151414768624584806e-01
4.572448166486045018e+00 1.363370934522998734e+00
4.578737641268006087e+00 1.253048919926237348e-01
4.585027116049968043e+00 1.238798825684392924e+00
4.591316590831930000e+00 -2.679858328398439515e-01
4.597606065613891069e+00 1.627449548669779311e-03
4.603895540395853025e+00 4.395446010428164518e-01
4.610185015177814094e+00 1.063007662431785905e+00
4.616474489959776051e+00 1.231017801479658558e-01
4.622763964741737119e+00 1.135853411994995898e-01
4.629053439523699076e+00 1.573724186796546132e+00
4.635342914305660145e+00 8.942258112129871650e-01
4.641632389087622101e+00 8.012830087830083992e-01
4.647921863869583170e+00 3.605146898606348405e-02
4.654211338651545127e+00 7.228413139325764458e-01
4.660500813433506195e+00 1.369305530354993250e+00
4.666790288215468152e+00 4.238310202994577391e-01
4.673079762997430109e+00 1.746480587727152312e+00
4.679369237779391177e+00 1.024083401323756304e+00
4.685658712561353134e+00 4.303295138979701395e-03
4.691948187343314203e+00 8.827594214269784967e-01
4.698237662125276159e+00 2.197606338866041897e-01
4.704527136907237228e+00 1.494086633528801222e+00
4.710816611689199185e+00 1.745165380844245107e+00
4.717106086471160253e+00 1.707587445401403059e+00
4.723395561253122210e+00 1.102225069306363991e+00
4.729685036035083279e+00 3.280215212125015545e-01
4.735974510817045235e+00 9.392178492096003861e-02
4.742263985599006304e+00 2.986588900153343551e-01
4.748553460380968261e+00 1.530654217380476578e-01
4.754842935162930218e+00 5.800760527737067740e-01
4.761132409944891286e+00 2.543533180779264935e-01
4.767421884726853243e+00 1.127352248271463298e+00
4.773711359508814311e+00 1.621967161723492534e+00
4.780000834290776268e+00 1.054212521026249405e+00
4.786290309072737337e+00 1.638350818678184107e+00
4.792579783854699293e+00 1.503289585874358014e+00
4.798869258636660362e+00 -1.531114027905262076e-01
4.805158733418622319e+00 6.582359830034654191e-01
4.811448208200583387e+00 -2.845879393366979038e-02
4.817737682982545344e+00 -3.091572870404249440e-01
4.824027157764506413e+00 8.130585294488641424e-01
4.830316632546468369e+00 6.097676820879334159e-01
4.836606107328430326e+00 1.266126003422546553e+00
4.842895582110391395e+00 1.484674229902328779e+00
4.849185056892353352e+00 3.790533626906825715e-01
4.855474531674314420e+00 3.904364619511860868e-01
4.861764006456276377e+00 -1.521971279762859841e-01
4.868053481238237445e+00 1.328850304429316287e+00
4.874342956020199402e+00 1.009381684048207273e+00
4.880632430802160471e+00 1.420614250194838668e+00
4.886921905584122428e+00 1.097609812305023969e+00
4.893211380366083496e+00 -1.819500702722613994e-01
4.899500855148045453e+00 8.757408162765497606e-01
4.905790329930006521e+00 1.297333730764304693e+00
4.912079804711968478e+00 2.545497872250406246e-01
4.918369279493930435e+00 1.032386884535765548e+00
4.924658754275891503e+00 5.399128800360946112e-01
4.930948229057853460e+00 2.539706646229111797e-01
4.937237703839814529e+00 8.386811590664635663e-01
4.943527178621776486e+00 8.465068307495902111e-01
4.949816653403737554e+00 -6.483131906372108233e-02
4.956106128185699511e+00 1.336085835730427718e+00
4.962395602967660579e+00 -8.479550605911345684e-02
4.968685077749622536e+00 1.231147888126519208e-01
4.974974552531583605e+00 1.241609611267325386e+00
4.981264027313545562e+00 6.480858500747139761e-01
4.987553502095506630e+00 -6.371977824581068761e-01
4.993842976877468587e+00 6.497184478979847189e-01
5.000132451659430544e+00 3.409606145374830533e-01
5.006421926441391612e+00 9.567721222023779504e-01
5.012711401223353569e+00 6.632996042119343461e-02
5.019000876005314637e+00 6.414383577667168712e-01
5.025290350787276594e+00 9.072157089392076657e-01
5.031579825569237663e+00 9.354139444739011378e-01
5.037869300351199620e+00 -4.854152413971291047e-02
5.044158775133160688e+00 1.140473176555046875e-01
5.050448249915122645e+00 1.028122982007898090e+00
5.056737724697083713e+00 1.039236994343535336e+00
5.063027199479045670e+00 1.173011388496434160e+00
5.069316674261006739e+00 -2.069339732582018421e-01
5.075606149042968696e+00 9.977083337122447659e-01
5.081895623824930652e+00 4.432301510916809573e-01
5.088185098606891721e+00 -2.198571725345158656e-01
5.094474573388853678e+00 8.653073519705872796e-01
5.100764048170814746e+00 1.621053379149826057e-01
5.107053522952776703e+00 3.605313389104074506e-01
5.113342997734737772e+00 -4.181268898366781173e-01
5.119632472516699728e+00 8.435400597785982502e-01
5.125921947298660797e+00 5.969041013982246957e-01
5.132211422080622754e+00 4.576042357802927452e-01
5.138500896862583822e+00 -2.857446524187070569e-01
5.144790371644545779e+00 5.902345815374535620e-01
5.151079846426506847e+00 6.245705188387742357e-01
5.157369321208468804e+00 7.991158804340336985e-01
5.163658795990430761e+00 8.321009254860887161e-01
5.169948270772391830e+00 -6.678556387606119360e-01
5.176237745554353786e+00 3.452681281972053151e-01
5.182527220336314855e+00 1.188142092598850619e+00
5.188816695118276812e+00 -3.596083228610792437e-01
5.195106169900237880e+00 1.087996251749964394e+00
5.201395644682199837e+00 -1.894698073010763206e-01
5.207685119464160906e+00 -3.380924334140530396e-01
5.213974594246122862e+00 5.504332393358433162e-01
5.220264069028083931e+00 6.419031327233644113e-01
5.226553543810045888e+00 4.833352026711006388e-01
5.232843018592006956e+00 1.353324149085539663e-01
5.239132493373968913e+00 1.087978981329199568e+00
5.245421968155930870e+00 -3.623933116004085520e-01
5.251711442937891938e+00 8.927866859601807370e-02
5.258000917719853895e+00 6.922130904167682619e-01
5.264290392501814964e+00 1.190439295210533599e+00
5.270579867283776920e+00 1.095209392587588315e+00
5.276869342065737989e+00 3.373650435516459822e-01
5.283158816847699946e+00 -4.573384204573543999e-01
5.289448291629661014e+00 1.164176633537868488e+00
5.295737766411622971e+00 -4.614300952772738551e-01
5.302027241193584040e+00 -5.352866153826033591e-01
5.308316715975545996e+00 1.474218833119554262e+00
5.314606190757507953e+00 9.559154762250393622e-02
5.320895665539469022e+00 1.517356468583306306e+00
5.327185140321430978e+00 2.605033597652250954e-01
5.333474615103392047e+00 1.081769440300704765e+00
5.339764089885354004e+00 1.517756616078499876e+00
5.346053564667315072e+00 3.663566454009474227e-01
5.352343039449277029e+00 3.959460860211235222e-01
5.358632514231238098e+00 1.144009367378245656e+00
5.364921989013200054e+00 1.407133173555640937e+00
5.371211463795161123e+00 4.921473072482787092e-01
5.377500938577123080e+00 2.977498476537021599e-02
5.383790413359084148e+00 -1.339331172696278660e-01
5.390079888141046105e+00 1.145941354277591806e+00
5.396369362923008062e+00 2.235873886617257833e-01
5.402658837704969130e+00 1.419337099565393112e-02
5.408948312486931087e+00 1.376372878519938947e+00
5.415237787268892156e+00 1.499804776442932752e+00
5.421527262050854112e+00 1.284280921521075536e+00
5.427816736832815181e+00 7.480998110710629367e-02
5.434106211614777138e+00 1.993342143856139392e-01
5.440395686396738206e+00 8.749213524026515643e-01
5.446685161178700163e+00 4.882341129910710564e-01
5.452974635960661232e+00 4.515742945333645064e-01
5.459264110742623188e+00 1.381841617014104351e+00
5.465553585524584257e+00 1.978498834160437259e+00
5.471843060306546214e+00 5.790448262592982065e-01
5.478132535088508170e+00 7.597977206785666571e-01
5.484422009870469239e+00 2.094791137875178677e+00
5.490711484652431196e+00 1.838375472524012011e+00
5.497000959434392264e+00 1.085308464026058406e+00
5.503290434216354221e+00 2.161050396920444872e+00
5.509579908998315290e+00 1.900112084149741865e+00
5.515869383780277246e+00 1.587355366263478729e+00
5.522158858562238315e+00 1.693226650486711726e+00
5.528448333344200272e+00 2.164714965847683192e+00
5.534737808126161340e+00 1.994040407949935645e+00
5.541027282908123297e+00 1.236423514584363614e+00
5.547316757690084366e+00 1.756512779149490777e+00
5.553606232472046322e+00 1.818870602453049212e+00
5.559895707254008279e+00 1.110743190714697626e+00
5.566185182035969348e+00 1.136111315835820257e+00
5.572474656817931304e+00 1.547922090361689484e+00
5.578764131599892373e+00 2.461095084711554470e+00
5.585053606381854330e+00 1.895821113522765833e+00
5.591343081163815398e+00 1.193757383086164747e+00
5.597632555945777355e+00 2.418448209664353588e+00
5.603922030727738424e+00 7.286892507204676406e-01
5.610211505509700380e+00 1.974895781357108193e+00
5.616500980291661449e+00 2.143400221084823976e+00
5.622790455073623406e+00 2.508519144989701743e+00
5.629079929855584474e+00 1.721460027749310395e+00
5.635369404637546431e+00 8.621745112810137446e-01
5.641658879419508388e+00 1.328988849333295308e+00
5.647948354201469456e+00 1.033597247803849983e+00
5.654237828983431413e+00 1.095239769459470658e+00
5.660527303765392482e+00 2.145486903938104817e+00
5.666816778547354438e+00 2.135074398626287895e+00
5.673106253329315507e+00 2.714608154118748118e+00
5.679395728111277464e+00 2.508193190192004707e+00
5.685685202893238532e+00 1.782706537106292677e+00
5.691974677675200489e+00 1.288231595478090519e+00
5.698264152457161558e+00 1.885030829682772247e+00
5.704553627239123514e+00 1.599604972437379313e+00
5.710843102021084583e+00 1.865283924070088695e+00
5.717132576803046540e+00 1.552363703657822835e+00
5.723422051585008496e+00 1.578940030199357691e+00
5.729711526366969565e+00 1.485628625973511863e+00
5.736001001148931522e+00 7.120796696996490871e-01
5.742290475930892590e+00 1.880676873877183297e+00
5.748579950712854547e+00 2.577707440636417324e+00
5.754869425494815616e+00 1.359872834836130640e+00
5.761158900276777572e+00 8.250590483615399817e-01
5.767448375058738641e+00 1.498168773996443326e+00
5.773737849840700598e+00 8.448790674643665843e-01
5.780027324622661666e+00 1.606780869716341931e+00
5.786316799404623623e+00 2.055308590630203547e+00
5.792606274186584692e+00 6.143187342933698059e-01
5.798895748968546648e+00 6.672847213967570967e-01
5.805185223750508605e+00 1.861438724945290613e+00
5.811474698532469674e+00 1.914367378456553803e+00
5.817764173314431631e+00 1.558559255917656428e+00
5.824053648096392699e+00 6.444794076801829696e-01
5.830343122878354656e+00 6.287801867324047667e-01
5.836632597660315724e+00 1.729989281349728625e+00
5.842922072442277681e+00 1.993764528253511914e+00
5.849211547224238750e+00 1.244306255159911778e+00
5.855501022006200706e+00 1.664324316444059537e+00
5.861790496788161775e+00 1.888404878263952869e+00
5.868079971570123732e+00 1.288175368262168830e+00
5.874369446352084800e+00 1.954117405619116177e+00
5.880658921134046757e+00 1.838097286532808905e+00
5.886948395916008714e+00 6.717771270194266009e-01
5.893237870697969782e+00 1.658988700800347882e-01
5.899527345479931739e+00 2.739809643478433587e-01
5.905816820261892808e+00 9.387429098009327788e-01
5.912106295043854765e+00 -1.607775995946725267e-02
5.918395769825815833e+00 3.179053229150219373e-02
5.924685244607777790e+00 7.049662188102774341e-01
5.930974719389738858e+00 9.810776995778844878e-01
5.937264194171700815e+00 6.676101518486178277e-01
5.943553668953661884e+00 1.460378855540196419e+00
5.949843143735623840e+00 1.471985137089066864e-01
5.956132618517584909e+00 2.725158879431686665e-01
5.962422093299546866e+00 1.539933880912843778e+00
5.968711568081508823e+00 8.808431373710141621e-01
5.975001042863469891e+00 1.053888913241758374e-01
5.981290517645431848e+00 -3.283600778560356037e-01
5.987579992427392916e+00 6.900237185104556303e-01
5.993869467209354873e+00 7.304972415520685214e-01
6.000158941991315942e+00 8.176529463405430853e-01
6.006448416773277899e+00 -1.405074156227992255e-02
6.012737891555238967e+00 -2.457824473198513271e-01
6.019027366337200924e+00 6.061833212423439754e-02
6.025316841119161992e+00 -5.049486435915961913e-01
6.031606315901123949e+00 -1.924789976527110369e-01
6.037895790683085906e+00 -4.600155224572533008e-01
6.044185265465046974e+00 5.460686423476328599e-01
6.050474740247008931e+00 5.462663631663484676e-01
6.056764215028970000e+00 2.690458395552495219e-01
6.063053689810931957e+00 -7.049062097444376285e-01
6.069343164592893025e+00 -1.046003134059098727e+00
6.075632639374854982e+00 -3.521242655650571596e-01
6.081922114156816050e+00 -9.616619496139831025e-01
6.088211588938778007e+00 -2.434543914708586776e-02
6.094501063720739076e+00 2.681078924930586638e-01
6.100790538502701033e+00 -5.300936918545584575e-01
6.107080013284662101e+00 -6.264936271738767992e-01
6.113369488066624058e+00 -1.409799073900365851e+00
6.119658962848586015e+00 -1.232852607086987184e-02
6.125948437630547083e+00 -1.528120202594851706e+00
6.132237912412509040e+00 -3.170484238863635618e-01
6.138527387194470109e+00 -1.443495909738872429e+00
6.144816861976432065e+00 -9.391470427872170568e-01
6.151106336758393134e+00 -7.809063701301863780e-01
6.157395811540355091e+00 -7.103612304452902038e-01
6.163685286322316159e+00 -1.084219617933965374e+00
6.169974761104278116e+00 -1.107027792112402986e+00
6.176264235886239184e+00 -4.897967392446755941e-01
6.182553710668201141e+00 -1.199379782306641440e+00
6.188843185450162210e+00 -8.523002366790375373e-01
6.195132660232124167e+00 -3.716980492611523523e-01
6.201422135014086123e+00 -1.885396919008059058e+00
6.207711609796047192e+00 -1.455785382834408059e+00
6.214001084578009149e+00 -8.989260881829921335e-01
6.220290559359970217e+00 -1.113785499002941659e-01
6.226580034141932174e+00 -1.515446766313948146e+00
6.232869508923893243e+00 -1.906162528118634514e+00
6.239158983705855199e+00 -2.010577338047613960e+00
6.245448458487816268e+00 -7.131311843102898784e-01
6.251737933269778225e+00 -1.016694078261502598e+00
6.258027408051739293e+00 -3.544172674115089183e-01
6.264316882833701250e+00 -1.253247697922062365e+00
6.270606357615662318e+00 -2.915915294438584660e-01
6.276895832397624275e+00 -1.705780979952336018e+00
6.283185307179586232e+00 -1.841553704353939835e+00
