0.000000000000000000e+00 8.722120181434238617e-01
6.289474781961547356e-03 7.345705365921533225e-01
1.257894956392309471e-02 4.181403157765366529e-01
1.886842434588464207e-02 6.139279940224228183e-01
2.515789912784618942e-02 1.515785309943840309e+00
3.144737390980773678e-02 1.482512473819410093e-01
3.773684869176928414e-02 -1.280698518473484260e-01
4.402632347373083149e-02 4.165328693428886897e-01
5.031579825569237885e-02 1.322400361440376093e+00
5.660527303765392620e-02 1.390568939802813375e+00
6.289474781961547356e-02 8.165904425913215192e-01
6.918422260157702786e-02 2.213572871396771724e-01
7.547369738353856827e-02 1.516921525849642238e+00
8.176317216550010869e-02 -3.086050242926877130e-01
8.805264694746166299e-02 -3.427399052633950949e-01
9.434212172942321728e-02 -6.859107062888369910e-02
1.006315965113847577e-01 -2.537668834107274507e-01
1.069210712933462981e-01 -4.125919501652830501e-02
1.132105460753078524e-01 4.796170046030087120e-01
1.195000208572694067e-01 4.823096117316499898e-02
1.257894956392309471e-01 -6.806276381561421340e-02
1.320789704211924875e-01 1.041233167516605995e+00
1.383684452031540557e-01 1.197678038816793578e+00
1.446579199851155961e-01 -6.919119953889918406e-02
1.509473947670771365e-01 3.404690942826049116e-01
1.572368695490386770e-01 8.661752195870120463e-01
1.635263443310002174e-01 1.361712841216601078e+00
1.698158191129617856e-01 1.270069964251294703e+00
1.761052938949233260e-01 -4.720236548738854232e-02
1.823947686768848664e-01 1.640444167423475541e+00
1.886842434588464346e-01 1.401284301866860815e+00
1.949737182408079750e-01 5.360009017752662697e-01
2.012631930227695154e-01 3.688704703369006244e-01
2.075526678047310558e-01 1.457681493711307841e+00
2.138421425866925962e-01 5.600544797641251460e-01
2.201316173686541644e-01 -1.441160261299503365e-01
2.264210921506157048e-01 1.317102886790657568e+00
2.327105669325772452e-01 9.017277191194854602e-01
2.390000417145388134e-01 1.588750659913197749e+00
2.452895164965003538e-01 1.509556252905135398e+00
2.515789912784618942e-01 1.108291129903541838e+00
2.578684660604234624e-01 7.172361636840034471e-01
2.641579408423849751e-01 3.481176198041456837e-01
2.704474156243465433e-01 1.018659637689853792e+00
2.767368904063081114e-01 1.527069221959987955e+00
2.830263651882696241e-01 -8.128534698445155637e-02
2.893158399702311923e-01 8.787590735424097854e-01
2.956053147521927049e-01 -3.133347289746702957e-01
3.018947895341542731e-01 8.760127639916484021e-01
3.081842643161158413e-01 1.168202726632848742e+00
3.144737390980773539e-01 -8.332469530745334474e-02
3.207632138800389221e-01 -4.189694516500196420e-01
3.270526886620004348e-01 2.340590779958184875e-01
3.333421634439620029e-01 -3.455875910112876648e-01
3.396316382259235711e-01 -2.531966366808127145e-01
3.459211130078850838e-01 -4.044080931818003766e-01
3.522105877898466519e-01 9.491774680303333156e-02
3.585000625718082201e-01 -7.147147809068810087e-02
3.647895373537697328e-01 -1.609374587036482840e-01
3.710790121357313009e-01 7.666752974824309064e-01
3.773684869176928691e-01 -3.087554046206602010e-01
3.836579616996543818e-01 1.409998404341105127e-01
3.899474364816159500e-01 2.429461779499297869e-01
3.962369112635774626e-01 7.225638409654355776e-02
4.025263860455390308e-01 5.716123226577266569e-01
4.088158608275005990e-01 -1.234927287282102659e-01
4.151053356094621116e-01 -7.379097710409070476e-01
4.213948103914236798e-01 8.570721808086372295e-01
4.276842851733851925e-01 -1.810147227850206209e-01
4.339737599553467606e-01 -7.344427696940700745e-01
4.402632347373083288e-01 8.991126764874097788e-01
4.465527095192698415e-01 8.142690220572053050e-01
4.528421843012314096e-01 9.401377677727515980e-01
4.591316590831929778e-01 -7.013653401896438044e-01
4.654211338651544905e-01 5.238243237953104092e-01
4.717106086471160586e-01 5.371721852798382324e-01
4.780000834290776268e-01 -4.669178334272303665e-01
4.842895582110391395e-01 9.430259097473022711e-01
4.905790329930007077e-01 7.997645917354891942e-01
4.968685077749622203e-01 -4.129298219234922573e-01
5.031579825569237885e-01 -3.916203021805431117e-01
5.094474573388853011e-01 -9.344421984807624870e-01
5.157369321208469248e-01 8.683456882959346146e-01
5.220264069028084375e-01 -1.047734922740774621e+00
5.283158816847699502e-01 2.627483669435923819e-01
5.346053564667315738e-01 -8.799888533604760532e-01
5.408948312486930865e-01 3.919975314240553566e-02
5.471843060306545992e-01 -3.484579701970058618e-01
5.534737808126162228e-01 -3.415309491913178785e-01
5.597632555945777355e-01 -9.887341277361663128e-01
5.660527303765392482e-01 -8.368838814436228013e-01
5.723422051585007608e-01 4.611411770420230649e-01
5.786316799404623845e-01 -1.887181546548761801e-01
5.849211547224238972e-01 1.438610592991897974e-01
5.912106295043854098e-01 -5.597550608672552386e-01
5.975001042863470335e-01 -6.232570308789260327e-01
6.037895790683085462e-01 5.461877879627856647e-01
6.100790538502700588e-01 -6.968483118029107359e-01
6.163685286322316825e-01 1.258130233702901002e-01
6.226580034141931952e-01 6.736980952544375789e-01
6.289474781961547079e-01 -1.039459456991836950e+00
6.352369529781163315e-01 4.034194890532050159e-02
6.415264277600778442e-01 -1.350114979906045232e-01
6.478159025420393569e-01 6.008561876564848525e-01
6.541053773240008695e-01 -1.073942525946302462e+00
6.603948521059624932e-01 -7.728548407467417114e-02
6.666843268879240059e-01 -1.145605076590432425e-01
6.729738016698855185e-01 -1.083322096929624667e+00
6.792632764518471422e-01 -8.123441837598328608e-01
6.855527512338086549e-01 -2.360090598821702468e-01
6.918422260157701675e-01 -9.601806127751189024e-03
6.981317007977317912e-01 -7.017144842451370490e-01
7.044211755796933039e-01 -3.770911938154495324e-01
7.107106503616548165e-01 -2.448365674771113554e-02
7.170001251436164402e-01 2.581652636293574332e-02
7.232895999255779529e-01 -9.447722360224752869e-02
7.295790747075394655e-01 -1.032404188510133380e+00
7.358685494895010892e-01 -1.230840403859732035e+00
7.421580242714626019e-01 -5.542141334288641641e-01
7.484474990534241146e-01 5.625929184952971340e-01
7.547369738353857382e-01 -6.431002417553242090e-01
7.610264486173472509e-01 7.258240958696648981e-01
7.673159233993087636e-01 4.532560270032486294e-01
7.736053981812702762e-01 4.271455098108456472e-01
7.798948729632318999e-01 -7.390860010152198178e-01
7.861843477451934126e-01 -1.001254708262584447e-01
7.924738225271549252e-01 4.750213608333719861e-02
7.987632973091165489e-01 -1.039504154427553839e+00
8.050527720910780616e-01 -7.007309527553475803e-01
8.113422468730395742e-01 8.514709354946718989e-01
8.176317216550011979e-01 -4.920451316025078459e-01
8.239211964369627106e-01 -7.797944389310360602e-01
8.302106712189242232e-01 -7.137512513167165729e-01
8.365001460008858469e-01 2.458262776391750837e-01
8.427896207828473596e-01 3.780827193235453132e-01
8.490790955648088723e-01 6.420588344784317059e-04
8.553685703467703849e-01 -1.852234815767987985e-01
8.616580451287320086e-01 9.989764871865913776e-01
8.679475199106935213e-01 -1.389053336858760979e-01
8.742369946926550339e-01 -3.295859275160468727e-01
8.805264694746166576e-01 2.116101507416474625e-01
8.868159442565781703e-01 8.707426186309197291e-02
8.931054190385396829e-01 -1.132231567261248184e-01
8.993948938205013066e-01 6.234635915553307095e-01
9.056843686024628193e-01 7.929909471487839312e-01
9.119738433844243319e-01 6.984200815180141575e-02
9.182633181663859556e-01 1.000431812442986734e+00
9.245527929483474683e-01 9.872708381936607935e-01
9.308422677303089809e-01 -3.171140084640881041e-01
9.371317425122706046e-01 7.603362079769730997e-01
9.434212172942321173e-01 -9.067924657056192217e-03
9.497106920761936300e-01 1.111403381700541981e+00
9.560001668581552536e-01 9.714611434757811637e-01
9.622896416401167663e-01 1.293655617236521671e+00
9.685791164220782790e-01 3.790870065005420564e-01
9.748685912040397916e-01 1.839372228241565599e-01
9.811580659860014153e-01 4.361781617905355901e-01
9.874475407679629280e-01 6.895256974810020090e-01
9.937370155499244406e-01 1.724972604623452588e+00
1.000026490331886064e+00 7.161500069525184031e-01
1.006315965113847577e+00 1.562948470744551788e+00
1.012605439895809090e+00 1.657185167872308407e+00
1.018894914677770602e+00 9.495673522106085063e-01
1.025184389459732115e+00 8.041098598237248485e-01
1.031473864241693850e+00 2.792336920361544461e-01
1.037763339023655362e+00 6.616940285165143765e-01
1.044052813805616875e+00 1.202037917893429286e+00
1.050342288587578388e+00 1.649902748479761039e+00
1.056631763369539900e+00 1.385765668050289001e+00
1.062921238151501413e+00 8.212289259425495924e-01
1.069210712933463148e+00 4.296948926423114212e-01
1.075500187715424660e+00 7.319500744734606101e-01
1.081789662497386173e+00 6.904925050925010410e-01
1.088079137279347686e+00 9.244776595037846878e-01
1.094368612061309198e+00 2.336017604766960964e+00
1.100658086843270711e+00 2.127616734178641167e+00
1.106947561625232446e+00 2.074283126643994724e+00
1.113237036407193958e+00 1.824281741964004055e+00
1.119526511189155471e+00 1.865216292458478531e+00
1.125815985971116984e+00 2.498992382230124765e+00
1.132105460753078496e+00 2.742674155893227717e+00
1.138394935535040009e+00 1.665361023914080141e+00
1.144684410317001522e+00 2.391395940572970780e+00
1.150973885098963256e+00 2.420310920985784708e+00
1.157263359880924769e+00 2.835625597905521822e+00
1.163552834662886282e+00 2.492949610154151507e+00
1.169842309444847794e+00 1.963028339242792519e+00
1.176131784226809307e+00 2.169323975574274144e+00
1.182421259008770820e+00 1.004814963486122092e+00
1.188710733790732554e+00 1.605264015976304748e+00
1.195000208572694067e+00 1.470109896048477527e+00
1.201289683354655580e+00 1.045059525061769357e+00
1.207579158136617092e+00 1.765158856326301651e+00
1.213868632918578605e+00 1.772848549933817353e+00
1.220158107700540118e+00 2.902577535291000821e+00
1.226447582482501630e+00 1.577778090730861837e+00
1.232737057264463365e+00 2.221244942658923804e+00
1.239026532046424878e+00 3.109465437039225844e+00
1.245316006828386390e+00 2.569752565566979285e+00
1.251605481610347903e+00 1.507519289344968261e+00
1.257894956392309416e+00 1.901642283201905315e+00
1.264184431174270928e+00 1.434261745459546544e+00
1.270473905956232663e+00 1.534796446317651997e+00
1.276763380738194176e+00 2.160617444058233971e+00
1.283052855520155688e+00 3.108660973271719641e+00
1.289342330302117201e+00 2.876937124387580980e+00
1.295631805084078714e+00 1.344615047745805647e+00
1.301921279866040226e+00 1.868162637506752599e+00
1.308210754648001739e+00 1.341795121208736896e+00
1.314500229429963474e+00 1.549293319318438833e+00
1.320789704211924986e+00 1.166171529368045467e+00
1.327079178993886499e+00 3.139682328870931016e+00
1.333368653775848012e+00 1.586935213024745606e+00
1.339658128557809524e+00 1.726289054185256910e+00
1.345947603339771037e+00 2.081693918570944213e+00
1.352237078121732772e+00 2.799661379065275568e+00
1.358526552903694284e+00 1.508093697218896523e+00
1.364816027685655797e+00 3.044774751667682189e+00
1.371105502467617310e+00 2.444984872139766896e+00
1.377394977249578822e+00 1.179908240831935684e+00
1.383684452031540335e+00 1.243237072640622110e+00
1.389973926813502070e+00 2.059606547681954947e+00
1.396263401595463582e+00 2.654176561737655149e+00
1.402552876377425095e+00 2.904329720498488587e+00
1.408842351159386608e+00 2.193786016117845072e+00
1.415131825941348120e+00 1.934884209782720133e+00
1.421421300723309633e+00 9.077525086893067918e-01
1.427710775505271146e+00 2.282162101096162576e+00
1.434000250287232880e+00 8.807914130666865127e-01
1.440289725069194393e+00 2.361215373168461085e+00
1.446579199851155906e+00 2.329770121557916074e+00
1.452868674633117418e+00 1.913024260830700429e+00
1.459158149415078931e+00 1.736746319057579369e+00
1.465447624197040444e+00 7.655791482054129515e-01
1.471737098979002178e+00 1.002988984424438401e+00
1.478026573760963691e+00 1.675183275339468647e+00
1.484316048542925204e+00 1.656633108198855453e+00
1.490605523324886716e+00 4.592687637751669549e-01
1.496894998106848229e+00 3.692378654182300046e-01
1.503184472888809742e+00 3.282906766564568368e-01
1.509473947670771476e+00 1.755356121327990460e+00
1.515763422452732989e+00 2.171587891763349987e+00
1.522052897234694502e+00 1.315486774830843197e+00
1.528342372016656014e+00 4.300368337158488319e-01
1.534631846798617527e+00 2.575276035708861100e-01
1.540921321580579040e+00 3.164437847100063927e-01
1.547210796362540552e+00 1.054583795219964815e+00
1.553500271144502287e+00 1.540896902425411108e+00
1.559789745926463800e+00 1.824467549062981142e+00
1.566079220708425312e+00 1.576730207836148034e+00
1.572368695490386825e+00 1.341804191968712368e-01
1.578658170272348338e+00 1.624057147315555394e+00
1.584947645054309850e+00 1.622647200437898896e+00
1.591237119836271585e+00 1.217628227099220251e+00
1.597526594618233098e+00 -4.400068861437534395e-01
1.603816069400194610e+00 4.159948387591962948e-01
1.610105544182156123e+00 2.922886762780272374e-01
1.616395018964117636e+00 -1.642293773689658121e-01
1.622684493746079148e+00 9.760618970087298063e-01
1.628973968528040661e+00 -4.144915733024278071e-01
1.635263443310002396e+00 -2.523402115888153663e-01
1.641552918091963909e+00 -3.393458151008746926e-01
1.647842392873925421e+00 -2.935316566769523572e-01
1.654131867655886934e+00 3.235660053515996282e-01
1.660421342437848446e+00 4.552391978350489588e-01
1.666710817219809959e+00 -9.414538753661909620e-01
1.673000292001771694e+00 5.585915569221220345e-01
1.679289766783733207e+00 4.241597313389007251e-01
1.685579241565694719e+00 -6.803268713107022414e-01
1.691868716347656232e+00 -3.852027792143923879e-01
1.698158191129617745e+00 -2.112974097950957031e-01
1.704447665911579257e+00 -1.025930903911431935e+00
1.710737140693540770e+00 4.399656391191659743e-01
1.717026615475502505e+00 -8.370332217905460670e-01
1.723316090257464017e+00 -4.590973336169843488e-01
1.729605565039425530e+00 -1.138967752093303920e+00
1.735895039821387043e+00 -7.603486273680624130e-01
1.742184514603348555e+00 1.402682210521222217e-02
1.748473989385310068e+00 -1.077732593849036524e+00
1.754763464167271803e+00 -2.290374382638249440e-01
1.761052938949233315e+00 1.704420157363824018e-01
1.767342413731194828e+00 -1.244883010667970691e+00
1.773631888513156341e+00 -1.002191341898984955e+00
1.779921363295117853e+00 -1.548788037582771171e-01
1.786210838077079366e+00 -3.663709109409059028e-01
1.792500312859041101e+00 -1.696656232371871909e+00
1.798789787641002613e+00 -1.381151563198459220e+00
1.805079262422964126e+00 -3.563508689717096445e-01
1.811368737204925639e+00 -1.303855101266924166e-01
1.817658211986887151e+00 -1.624427948836894453e+00
1.823947686768848664e+00 -1.958690029031440405e+00
1.830237161550810177e+00 -9.269131388173827979e-01
1.836526636332771911e+00 -1.819366682797578738e+00
1.842816111114733424e+00 -7.190103556729054990e-01
1.849105585896694937e+00 -2.242385187594846396e-01
1.855395060678656449e+00 -1.131069876624870574e+00
1.861684535460617962e+00 -1.317423656841728352e+00
1.867974010242579475e+00 -1.368305038667141371e+00
1.874263485024541209e+00 -2.552687762201675259e-01
1.880552959806502722e+00 -5.686156095934398191e-01
1.886842434588464235e+00 -1.842669734340171894e+00
1.893131909370425747e+00 -4.439344675764640424e-01
1.899421384152387260e+00 -6.267004578534147718e-01
1.905710858934348773e+00 -1.793735163112565090e+00
1.912000333716310507e+00 -1.843731680092444813e+00
1.918289808498272020e+00 -1.400769694434411017e+00
1.924579283280233533e+00 -1.281927628201820824e+00
1.930868758062195045e+00 -7.629685230089140457e-01
1.937158232844156558e+00 -5.783772460931126957e-01
1.943447707626118071e+00 -1.947374390815113099e+00
1.949737182408079583e+00 -1.274467716113075522e+00
1.956026657190041318e+00 -1.405361115752692402e+00
1.962316131972002831e+00 -6.452188726659771056e-01
1.968605606753964343e+00 -4.223924466176198766e-01
1.974895081535925856e+00 -6.405866214212418974e-02
1.981184556317887369e+00 -9.675840397591708442e-01
1.987474031099848881e+00 -1.602136627510531319e+00
1.993763505881810616e+00 1.574486606263048039e-01
2.000052980663772129e+00 -1.748935806003503401e+00
2.006342455445733641e+00 -1.093202773655256532e+00
2.012631930227695154e+00 -8.348552754463172132e-01
2.018921405009656667e+00 -4.594933680472279569e-01
2.025210879791618179e+00 -5.919654088174286510e-01
2.031500354573579692e+00 2.999379116615195073e-01
2.037789829355541205e+00 -6.903921393808107876e-01
2.044079304137502717e+00 -8.614635490537174700e-01
2.050368778919464230e+00 2.288823038723872827e-01
2.056658253701426187e+00 -5.312600167021976905e-01
2.062947728483387699e+00 -4.237057638851318142e-01
2.069237203265349212e+00 -1.135149450783761171e+00
2.075526678047310725e+00 8.707046303110343999e-02
2.081816152829272237e+00 -1.118354700979326655e+00
2.088105627611233750e+00 -1.034451009498543739e+00
2.094395102393195263e+00 -1.006057578384043971e+00
2.100684577175156775e+00 2.461140503153733672e-01
2.106974051957118288e+00 6.351668066836687609e-01
2.113263526739079801e+00 -3.117674416504995216e-01
2.119553001521041313e+00 1.439724310209520297e-01
2.125842476303002826e+00 6.583184849368212133e-01
2.132131951084964339e+00 -1.483338712171076157e-01
2.138421425866926295e+00 -3.392832642206211613e-01
2.144710900648887808e+00 -1.389330743054841832e-01
2.151000375430849321e+00 5.137285263092690180e-01
2.157289850212810833e+00 -1.376591908394197983e-01
2.163579324994772346e+00 1.532425591411632704e+00
2.169868799776733859e+00 3.553969156925216311e-01
2.176158274558695371e+00 1.490148059261916291e+00
2.182447749340656884e+00 6.410281477214642143e-01
2.188737224122618397e+00 1.003760500598829708e+00
2.195026698904579909e+00 1.212395206372963496e+00
2.201316173686541422e+00 5.293451766665684399e-01
2.207605648468502935e+00 9.048464573122287913e-01
2.213895123250464891e+00 1.676728980632575361e+00
2.220184598032426404e+00 8.738883317032405396e-01
2.226474072814387917e+00 1.724435715063524555e+00
2.232763547596349429e+00 7.779985866951600881e-01
2.239053022378310942e+00 9.133575802629350093e-01
2.245342497160272455e+00 7.269842337733429805e-01
2.251631971942233967e+00 1.746705816993549432e+00
2.257921446724195480e+00 2.359047798400153440e+00
2.264210921506156993e+00 1.359901729809507964e+00
2.270500396288118505e+00 9.016184031008609434e-01
2.276789871070080018e+00 1.417616848217170489e+00
2.283079345852041531e+00 1.366416983857651646e+00
2.289368820634003043e+00 2.280190022077968948e+00
2.295658295415965000e+00 2.533128517080610820e+00
2.301947770197926513e+00 1.106885747551617616e+00
2.308237244979888025e+00 1.684023534489908380e+00
2.314526719761849538e+00 1.110404511789334636e+00
2.320816194543811051e+00 1.510181023006471168e+00
2.327105669325772563e+00 1.633852657633231287e+00
2.333395144107734076e+00 1.722369392620336503e+00
2.339684618889695589e+00 2.319369412557878540e+00
2.345974093671657101e+00 2.140330782231746554e+00
2.352263568453618614e+00 2.932725811501162738e+00
2.358553043235580127e+00 2.510649844709400114e+00
2.364842518017541639e+00 2.693705855176829367e+00
2.371131992799503152e+00 2.068819357272020820e+00
2.377421467581465109e+00 2.663027813378301190e+00
2.383710942363426621e+00 2.540182237877314009e+00
2.390000417145388134e+00 1.565697783567297607e+00
2.396289891927349647e+00 2.365207808993345040e+00
2.402579366709311159e+00 2.459646511191643903e+00
2.408868841491272672e+00 2.364111850939846882e+00
2.415158316273234185e+00 2.418608693170977375e+00
2.421447791055195697e+00 2.992986879077798257e+00
2.427737265837157210e+00 3.200465089985659262e+00
2.434026740619118723e+00 3.003344099680694157e+00
2.440316215401080235e+00 3.714601457466267576e+00
2.446605690183041748e+00 2.838600204903864554e+00
2.452895164965003261e+00 1.991323469535395629e+00
2.459184639746965217e+00 1.877834704407339128e+00
2.465474114528926730e+00 2.037991619368845875e+00
2.471763589310888243e+00 2.739421254822582696e+00
2.478053064092849755e+00 2.629873521858081986e+00
2.484342538874811268e+00 1.993031758184848234e+00
2.490632013656772781e+00 3.844038016238024547e+00
2.496921488438734293e+00 2.564594032487682362e+00
2.503210963220695806e+00 2.641229530165915662e+00
2.509500438002657319e+00 2.104472006148842222e+00
2.515789912784618831e+00 3.646897936993493516e+00
2.522079387566580344e+00 2.815509172821379025e+00
2.528368862348541857e+00 3.100218552561828211e+00
2.534658337130503369e+00 2.513626255533436549e+00
2.540947811912465326e+00 2.379577219463277160e+00
2.547237286694426839e+00 2.579887601570100664e+00
2.553526761476388351e+00 2.694971964551025501e+00
2.559816236258349864e+00 3.003484781551289728e+00
2.566105711040311377e+00 2.183812264707517325e+00
2.572395185822272889e+00 3.536891926752450566e+00
2.578684660604234402e+00 3.534020723671812192e+00
2.584974135386195915e+00 3.391199529104940602e+00
2.591263610168157427e+00 2.569593780692528640e+00
2.597553084950118940e+00 2.210631259007699967e+00
2.603842559732080453e+00 3.337351970552250524e+00
2.610132034514041965e+00 2.496591169683032518e+00
2.616421509296003478e+00 2.463406861743235865e+00
2.622710984077965435e+00 2.162536251789602737e+00
2.629000458859926947e+00 2.271508980844674674e+00
2.635289933641888460e+00 2.939572632412745357e+00
2.641579408423849973e+00 2.074659090807469131e+00
2.647868883205811485e+00 2.102061110785079290e+00
2.654158357987772998e+00 3.339676266220821699e+00
2.660447832769734511e+00 1.909930044713412656e+00
2.666737307551696023e+00 3.247421044153250058e+00
2.673026782333657536e+00 2.189160119376901470e+00
2.679316257115619049e+00 3.104210300991217863e+00
2.685605731897580561e+00 1.842910553032890864e+00
2.691895206679542074e+00 2.668319570176709732e+00
2.698184681461504031e+00 2.897355208565079998e+00
2.704474156243465544e+00 2.388030268142260937e+00
2.710763631025427056e+00 3.034118627048987271e+00
2.717053105807388569e+00 1.832322421170781590e+00
2.723342580589350082e+00 2.612007445503479630e+00
2.729632055371311594e+00 1.167265541343370128e+00
2.735921530153273107e+00 1.315419775016541504e+00
2.742211004935234619e+00 1.721016060216508325e+00
2.748500479717196132e+00 1.381238490938451857e+00
2.754789954499157645e+00 1.477642481432255295e+00
2.761079429281119157e+00 1.691334891327283874e+00
2.767368904063080670e+00 2.181193607608903129e+00
2.773658378845042183e+00 1.124096906192148637e+00
2.779947853627004140e+00 2.278742886068298112e+00
2.786237328408965652e+00 8.672762665017326178e-01
2.792526803190927165e+00 6.341307200581356440e-01
2.798816277972888678e+00 1.532915050781379795e+00
2.805105752754850190e+00 1.451406091094228579e+00
2.811395227536811703e+00 4.560144944499615050e-01
2.817684702318773216e+00 2.727110397149762333e-01
2.823974177100734728e+00 1.327273151274626306e+00
2.830263651882696241e+00 1.442955720651296847e+00
2.836553126664657754e+00 1.649536899181415217e+00
2.842842601446619266e+00 1.704198669752450490e+00
2.849132076228580779e+00 1.211588940700683903e+00
2.855421551010542291e+00 1.519495944575205870e+00
2.861711025792504248e+00 1.360427454845087425e+00
2.868000500574465761e+00 3.074126187646752384e-01
2.874289975356427274e+00 1.022417580625620381e+00
2.880579450138388786e+00 -3.295718749286247196e-03
2.886868924920350299e+00 1.064572178966231686e+00
2.893158399702311812e+00 1.230583287759893452e+00
2.899447874484273324e+00 -4.641925112651932306e-01
2.905737349266234837e+00 -4.719269888186475859e-01
2.912026824048196350e+00 -5.711585394478362332e-01
2.918316298830157862e+00 -3.811184480353246862e-01
2.924605773612119375e+00 3.981944168107032223e-02
2.930895248394080888e+00 -7.149756322697220501e-01
2.937184723176042400e+00 1.001209467445117296e+00
2.943474197958004357e+00 2.798477701006361062e-01
2.949763672739965870e+00 1.969120167618214623e-01
2.956053147521927382e+00 -6.077904209432183347e-01
2.962342622303888895e+00 -8.847315128112134275e-01
2.968632097085850408e+00 1.207126954981878608e-01
2.974921571867811920e+00 2.380578822577157361e-01
2.981211046649773433e+00 -9.106434263183869060e-01
2.987500521431734946e+00 -3.810583595124437117e-01
2.993789996213696458e+00 4.485251835671115739e-01
3.000079470995657971e+00 2.643606770099582448e-01
3.006368945777619484e+00 -1.586352607403627157e-01
3.012658420559580996e+00 2.892185086334164712e-01
3.018947895341542953e+00 1.731790526216312465e-01
3.025237370123504466e+00 -1.455571616797335377e+00
3.031526844905465978e+00 -1.354802812400816014e+00
3.037816319687427491e+00 4.180239533976375377e-01
3.044105794469389004e+00 -6.548163024031621315e-01
3.050395269251350516e+00 -1.296824973483194920e-01
3.056684744033312029e+00 -1.242826665375567963e+00
3.062974218815273542e+00 -3.026684099034901987e-01
3.069263693597235054e+00 -1.086684014146890753e+00
3.075553168379196567e+00 -7.896270839808687825e-01
3.081842643161158080e+00 -4.658152460404121342e-01
3.088132117943119592e+00 -1.063812533801075544e+00
3.094421592725081105e+00 7.880086819851461755e-02
3.100711067507043062e+00 -4.591719954149799943e-01
3.107000542289004574e+00 -1.451651533938027372e+00
3.113290017070966087e+00 -1.473790571682743522e+00
3.119579491852927600e+00 -1.004979398043377437e-01
3.125868966634889112e+00 7.401210959028992065e-02
3.132158441416850625e+00 1.272175194059115277e-01
3.138447916198812138e+00 -3.286018237773526973e-01
3.144737390980773650e+00 -4.931210763705198286e-01
3.151026865762735163e+00 -3.858947325348995872e-01
3.157316340544696676e+00 -4.548410921160384035e-01
3.163605815326658188e+00 -5.781637106327448539e-01
3.169895290108619701e+00 -2.689398719460931453e-01
3.176184764890581214e+00 -1.407901708392211848e+00
3.182474239672543170e+00 -6.790182148967547349e-01
3.188763714454504683e+00 -9.547280228748622477e-03
3.195053189236466196e+00 2.656837272363035130e-01
3.201342664018427708e+00 -5.287701485847293714e-01
3.207632138800389221e+00 -1.421905979180719148e+00
3.213921613582350734e+00 -1.345160950791834953e-01
3.220211088364312246e+00 -1.211493049081854290e+00
3.226500563146273759e+00 -8.175642118220982635e-01
3.232790037928235272e+00 -6.086348530655312228e-01
3.239079512710196784e+00 3.746308167213507900e-02
3.245368987492158297e+00 2.971553441056393741e-01
3.251658462274119810e+00 -7.222416728540290709e-01
3.257947937056081322e+00 1.613882653785168042e-01
3.264237411838043279e+00 4.452797256488529865e-01
3.270526886620004792e+00 3.405275886222716153e-01
3.276816361401966304e+00 -1.118558780127280050e+00
3.283105836183927817e+00 -7.371056505859732155e-01
3.289395310965889330e+00 -8.755887364065708667e-01
3.295684785747850842e+00 4.572217983774973238e-01
3.301974260529812355e+00 6.030097787289467881e-02
3.308263735311773868e+00 -1.008652486280109839e+00
3.314553210093735380e+00 9.291177718674639152e-01
3.320842684875696893e+00 -3.067426897052940582e-01
3.327132159657658406e+00 -7.325193276309790447e-01
3.333421634439619918e+00 -6.938920680439188970e-01
3.339711109221581431e+00 -7.824388546683469503e-02
3.346000584003543388e+00 -7.879298137858830042e-01
3.352290058785504900e+00 9.264952180625092293e-01
3.358579533567466413e+00 1.354387486612089742e-01
3.364869008349427926e+00 1.046244529867251360e+00
3.371158483131389438e+00 3.781579525140693621e-01
3.377447957913350951e+00 3.040385734870920675e-01
3.383737432695312464e+00 1.124337909229845778e+00
3.390026907477273976e+00 -4.675598463142842665e-01
3.396316382259235489e+00 7.015695600617852801e-01
3.402605857041197002e+00 1.028057124165610459e+00
3.408895331823158514e+00 1.924804384070066821e-02
3.415184806605120027e+00 7.835543922517010929e-01
3.421474281387081540e+00 1.160314312111241364e+00
3.427763756169043496e+00 1.641198808197619208e-01
3.434053230951005009e+00 -1.556352979739448195e-01
3.440342705732966522e+00 3.568281776857976095e-01
3.446632180514928034e+00 1.278988750875266200e+00
3.452921655296889547e+00 3.033895809447198499e-02
3.459211130078851060e+00 1.767427618473942363e-01
3.465500604860812572e+00 1.524514804511457822e+00
3.471790079642774085e+00 4.636467045038513146e-01
3.478079554424735598e+00 3.377285540328984204e-01
3.484369029206697110e+00 8.820404993234554070e-01
3.490658503988658623e+00 4.770200986358738016e-01
3.496947978770620136e+00 1.182259174599827656e+00
3.503237453552582092e+00 1.201786973619318077e+00
3.509526928334543605e+00 1.535301138253675868e+00
3.515816403116505118e+00 6.161602576226981043e-01
3.522105877898466630e+00 1.820549512362693578e+00
3.528395352680428143e+00 8.679164991567254184e-01
3.534684827462389656e+00 6.065787959765686077e-01
3.540974302244351168e+00 9.241595218350522334e-01
3.547263777026312681e+00 1.615853284884168906e+00
3.553553251808274194e+00 2.397023281960120489e+00
3.559842726590235706e+00 2.343706370447647291e+00
3.566132201372197219e+00 1.341653331800674920e+00
3.572421676154158732e+00 2.050015839530238804e+00
3.578711150936120244e+00 2.244584483852383627e+00
3.585000625718082201e+00 1.021583538121521251e+00
3.591290100500043714e+00 2.074778133965591298e+00
3.597579575282005226e+00 2.185530559037330622e+00
3.603869050063966739e+00 1.256368765216905325e+00
3.610158524845928252e+00 2.821919674952134471e+00
3.616447999627889764e+00 2.327096565151261842e+00
3.622737474409851277e+00 2.388722368341808178e+00
3.629026949191812790e+00 1.634179238362892361e+00
3.635316423973774302e+00 2.144242871416289997e+00
3.641605898755735815e+00 2.146053147262821703e+00
3.647895373537697328e+00 1.354195564076481562e+00
3.654184848319658840e+00 2.181993843041400094e+00
3.660474323101620353e+00 1.841987509042353199e+00
3.666763797883582310e+00 2.945042621250371084e+00
3.673053272665543822e+00 2.762278587071749669e+00
3.679342747447505335e+00 1.438604504193052858e+00
3.685632222229466848e+00 2.422860646607156276e+00
3.691921697011428360e+00 2.927714496550250622e+00
3.698211171793389873e+00 2.289894287464704803e+00
3.704500646575351386e+00 2.401628440600218628e+00
3.710790121357312898e+00 2.894669143223437047e+00
3.717079596139274411e+00 2.342231259320420200e+00
3.723369070921235924e+00 2.041748850249607727e+00
3.729658545703197436e+00 2.226680579910360169e+00
3.735948020485158949e+00 1.830700583010633098e+00
3.742237495267120462e+00 1.471146235054428431e+00
3.748526970049082419e+00 3.135187928609171060e+00
3.754816444831043931e+00 2.657150953157304762e+00
3.761105919613005444e+00 1.522047319924876296e+00
3.767395394394966956e+00 2.707263527139873727e+00
3.773684869176928469e+00 1.719633391717815929e+00
3.779974343958889982e+00 1.860755739116928931e+00
3.786263818740851494e+00 2.472494079496311947e+00
3.792553293522813007e+00 2.193642775664902622e+00
3.798842768304774520e+00 2.426357235283864711e+00
3.805132243086736032e+00 2.682478931374896014e+00
3.811421717868697545e+00 1.412609003318988643e+00
3.817711192650659058e+00 2.133320412925554965e+00
3.824000667432621015e+00 2.974353583715646288e+00
3.830290142214582527e+00 1.912770452203284011e+00
3.836579616996544040e+00 1.879835685770956166e+00
3.842869091778505553e+00 2.277157246621194453e+00
3.849158566560467065e+00 1.345670653516236825e+00
3.855448041342428578e+00 1.050608650887217443e+00
3.861737516124390091e+00 1.486176408759505296e+00
3.868026990906351603e+00 2.679360446287700981e+00
3.874316465688313116e+00 2.480657681685191296e+00
3.880605940470274628e+00 1.298631827890419199e+00
3.886895415252236141e+00 2.437445890171579865e+00
3.893184890034197654e+00 2.497390697651411084e+00
3.899474364816159166e+00 2.166337508409097001e+00
3.905763839598121123e+00 1.187992814229129390e+00
3.912053314380082636e+00 1.352140703862139581e+00
3.918342789162044149e+00 1.834156930694567311e+00
3.924632263944005661e+00 2.624920011887456273e+00
3.930921738725967174e+00 2.312784930437163045e+00
3.937211213507928687e+00 2.473127429692036472e+00
3.943500688289890199e+00 1.076110801562062180e+00
3.949790163071851712e+00 1.206539378989968103e+00
3.956079637853813225e+00 1.600111033698186525e+00
3.962369112635774737e+00 2.290020667550527023e+00
3.968658587417736250e+00 2.280055379559989603e+00
3.974948062199697763e+00 2.178762932053586621e+00
3.981237536981659275e+00 1.825459408066106182e+00
3.987527011763621232e+00 1.856768253924383938e+00
3.993816486545582745e+00 2.111748964523077809e+00
4.000105961327544257e+00 1.768458882916203567e+00
4.006395436109505326e+00 1.351741015147433167e+00
4.012684910891467283e+00 5.857477452861717948e-01
4.018974385673428351e+00 1.452233116611397534e+00
4.025263860455390308e+00 1.925223841218935306e+00
4.031553335237352265e+00 8.001518951354202880e-01
4.037842810019313333e+00 1.960823748940148326e+00
4.044132284801275290e+00 1.205571209313238690e+00
4.050421759583236359e+00 1.754612223297198792e+00
4.056711234365198315e+00 1.138082348855222747e+00
4.063000709147159384e+00 1.799614604421248432e+00
4.069290183929121341e+00 1.178176783718124510e+00
4.075579658711082409e+00 9.040372309208423163e-01
4.081869133493044366e+00 5.382317802694775999e-01
4.088158608275005435e+00 1.430409268556303681e+00
4.094448083056967391e+00 6.317387203929536454e-01
4.100737557838928460e+00 1.644750511680751703e+00
4.107027032620890417e+00 8.497967117623701494e-01
4.113316507402852373e+00 1.538956888741573881e+00
4.119605982184813442e+00 4.416911836001659042e-01
4.125895456966775399e+00 1.162060348023293832e+00
4.132184931748736467e+00 1.592329650252142237e+00
4.138474406530698424e+00 7.925207997361796153e-01
4.144763881312659493e+00 4.028692901818076155e-02
4.151053356094621449e+00 1.076795969828988397e+00
4.157342830876582518e+00 8.388296732253210930e-01
4.163632305658544475e+00 1.168795740083348189e-01
4.169921780440505543e+00 1.110669159290236463e+00
4.176211255222467500e+00 -2.401296780977817957e-01
4.182500730004428569e+00 1.410463715806676621e+00
4.188790204786390525e+00 1.322498296386942718e+00
4.195079679568352482e+00 2.188391932918465344e-02
4.201369154350313551e+00 1.367806912703118716e+00
4.207658629132275507e+00 8.543711493211683106e-01
4.213948103914236576e+00 1.447143601505978205e+00
4.220237578696198533e+00 8.360336837266553189e-01
4.226527053478159601e+00 7.499689684939507828e-01
4.232816528260121558e+00 1.893966483284311719e-01
4.239106003042082627e+00 9.120973290278655554e-01
4.245395477824044583e+00 -1.720363792423158511e-01
4.251684952606005652e+00 2.618029449783287887e-01
4.257974427387967609e+00 8.461147825383361631e-01
4.264263902169928677e+00 1.027778632551608284e+00
4.270553376951890634e+00 1.141249057031645808e-01
4.276842851733852591e+00 9.735284565686393998e-01
4.283132326515813659e+00 6.577220325789163713e-01
4.289421801297775616e+00 7.582739525063386665e-01
4.295711276079736685e+00 5.269628898848073284e-01
4.302000750861698641e+00 1.052636094548276002e+00
4.308290225643659710e+00 7.679460249597738208e-01
4.314579700425621667e+00 1.184357120518691353e+00
4.320869175207582735e+00 -1.197961539696831279e-01
4.327158649989544692e+00 1.250586377814089545e+00
4.333448124771505761e+00 -3.852797208981142418e-01
4.339737599553467717e+00 1.309681041746927121e+00
4.346027074335428786e+00 -2.716242651471353353e-01
4.352316549117390743e+00 9.761751981023587543e-01
4.358606023899352699e+00 4.146088942211764161e-01
4.364895498681313768e+00 9.905919308545400037e-01
4.371184973463275725e+00 8.735078278334427182e-01
4.377474448245236793e+00 -4.584266693734265763e-01
4.383763923027198750e+00 7.315910472047442159e-01
4.390053397809159819e+00 1.118204571660110336e+00
4.396342872591121775e+00 -1.281898759205390981e-01
4.402632347373082844e+00 -3.719197930562145871e-02
4.408921822155044801e+00 -4.019137219993784704e-01
4.415211296937005869e+00 6.523143094473071724e-01
4.421500771718967826e+00 -8.369833090465961245e-02
4.427790246500929783e+00 -5.116074741914398150e-01
4.434079721282890851e+00 2.718090779341700847e-01
4.440369196064852808e+00 3.662409755692119795e-01
4.446658670846813877e+00 1.452097722843140870e+00
4.452948145628775833e+00 -1.691609907869495721e-01
4.459237620410736902e+00 -4.412824503277361643e-01
4.465527095192698859e+00 5.817947437100253749e-01
4.471816569974659927e+00 3.178901559300784108e-03
4.478106044756621884e+00 1.275783597416602078e+00
4.484395519538582953e+00 8.932361362017116058e-01
4.490684994320544909e+00 7.068532043474362592e-01
4.496974469102505978e+00 4.316106364839000786e-01
4.503263943884467935e+00 9.873506043698432322e-01
4.509553418666429891e+00 -4.260050615889163228e-01
4.515842893448390960e+00 -1.789110524257818691e-01
4.522132368230352917e+00 3.580163395599307852e-01
4.528421843012313985e+00 -3.881410322282150549e-01
4.534711317794275942e+00 1.026045789031872157e+00
4.541000792576237011e+00 -2.854017381082872840e-01
4.547290267358198967e+00 -3.755778837185141938e-03
4.553579742140160036e+00 1.613410464984743609e+00
4.559869216922121993e+00 9.885697996429092527e-01
4.566158691704083061e+00 4.709894525865652715e-01
4.572448166486045018e+00 2.172809535555191296e-01
4.578737641268006087e+00 4.512747056960745295e-01
4.585027116049968043e+00 7.384865491368882706e-01
4.591316590831930000e+00 -1.968876356596760968e-01
4.597606065613891069e+00 5.464878097302859894e-01
4.603895540395853025e+00 4.953855039352071943e-01
4.610185015177814094e+00 9.683431578389380956e-01
4.616474489959776051e+00 5.251839628220547063e-01
4.622763964741737119e+00 9.527205550212023422e-01
4.629053439523699076e+00 1.016460432686762783e+00
4.635342914305660145e+00 1.617892697897739485e+00
4.641632389087622101e+00 1.149501485858433369e+00
4.647921863869583170e+00 1.050045293078331055e-01
4.654211338651545127e+00 -2.430244004787673884e-01
4.660500813433506195e+00 2.550062795494196233e-01
4.666790288215468152e+00 1.606896759077661274e+00
4.673079762997430109e+00 7.818823060804450664e-01
4.679369237779391177e+00 1.456389601944248602e+00
4.685658712561353134e+00 -2.670739266194738226e-02
4.691948187343314203e+00 2.024560611692816092e-04
4.698237662125276159e+00 3.415895286849258694e-01
4.704527136907237228e+00 6.810430234255304693e-01
4.710816611689199185e+00 1.470941299789839896e+00
4.717106086471160253e+00 2.481685115053600676e-01
4.723395561253122210e+00 -1.250922346834732468e-01
4.729685036035083279e+00 3.660500466669874275e-01
4.735974510817045235e+00 9.893020642760465000e-01
4.742263985599006304e+00 1.711147461097687117e+00
4.748553460380968261e+00 1.275772215920647046e+00
4.754842935162930218e+00 -1.216026070299426887e-01
4.761132409944891286e+00 7.093847695689614596e-01
4.767421884726853243e+00 1.327384143358840696e+00
4.773711359508814311e+00 -1.824206623409456163e-01
4.780000834290776268e+00 5.764172419750910326e-01
4.786290309072737337e+00 -2.780146056161025836e-01
4.792579783854699293e+00 2.525860008157659875e-02
4.798869258636660362e+00 5.483283527798146206e-01
4.805158733418622319e+00 1.474488075084912309e+00
4.811448208200583387e+00 8.725735491608046512e-01
4.817737682982545344e+00 9.373062553688087384e-01
4.824027157764506413e+00 -1.509693136515313783e-01
4.830316632546468369e+00 1.274931079476574913e+00
4.836606107328430326e+00 4.440765362127526705e-01
4.842895582110391395e+00 6.166777179639276740e-01
4.849185056892353352e+00 3.029513346237766580e-02
4.855474531674314420e+00 -5.946756561543742325e-02
4.861764006456276377e+00 1.852383369356981890e-01
4.868053481238237445e+00 6.018262183358278339e-01
4.874342956020199402e+00 1.007699464337792783e+00
4.880632430802160471e+00 -2.674541790589438084e-01
4.886921905584122428e+00 5.980749797887446872e-01
4.893211380366083496e+00 1.213547918135465364e+00
4.899500855148045453e+00 1.205181721458992605e+00
4.905790329930006521e+00 2.557346847693801051e-01
4.912079804711968478e+00 -4.948367171060334968e-01
4.918369279493930435e+00 2.349610952784617623e-01
4.924658754275891503e+00 1.042580266529185229e+00
4.930948229057853460e+00 1.192946808938353254e-01
4.937237703839814529e+00 1.238822185828852174e+00
4.943527178621776486e+00 -1.921147762901855849e-01
4.949816653403737554e+00 -3.987129030082137149e-03
4.956106128185699511e+00 6.955040782146153511e-01
4.962395602967660579e+00 -5.315887998699528882e-01
4.968685077749622536e+00 6.919058263356178129e-01
4.974974552531583605e+00 -5.758556359685207404e-01
4.981264027313545562e+00 1.022360155657538572e+00
4.987553502095506630e+00 3.924791163265793914e-01
4.993842976877468587e+00 1.638233766847025930e-01
5.000132451659430544e+00 -4.335193075522036921e-01
5.006421926441391612e+00 6.808493710565186596e-01
5.012711401223353569e+00 -6.138933581854947308e-01
5.019000876005314637e+00 1.183612192916083883e+00
5.025290350787276594e+00 1.824054164991018023e-01
5.031579825569237663e+00 1.065527243215041997e+00
5.037869300351199620e+00 1.072701481588557604e+00
5.044158775133160688e+00 1.187427603679749755e+00
5.050448249915122645e+00 -4.765445889383446154e-01
5.056737724697083713e+00 8.277287763776574048e-01
5.063027199479045670e+00 1.158243660247972429e+00
5.069316674261006739e+00 8.908989592460594409e-01
5.075606149042968696e+00 1.104930752913559910e-01
5.081895623824930652e+00 7.402365511916508822e-01
5.088185098606891721e+00 3.336783204379890622e-01
5.094474573388853678e+00 4.565906740385515805e-01
5.100764048170814746e+00 -5.098896475451684118e-01
5.107053522952776703e+00 5.777062838754487561e-01
5.113342997734737772e+00 1.018237438551081064e+00
5.119632472516699728e+00 6.350901601051452960e-01
5.125921947298660797e+00 -8.161951990590295969e-01
5.132211422080622754e+00 1.136314674342129516e+00
5.138500896862583822e+00 -6.371570208863888141e-01
5.144790371644545779e+00 -7.195229828503835190e-02
5.151079846426506847e+00 1.079734238676619107e+00
5.157369321208468804e+00 1.067977546337077754e+00
5.163658795990430761e+00 8.596586528241785263e-01
5.169948270772391830e+00 6.457868659423230406e-01
5.176237745554353786e+00 -4.178208991920738802e-01
5.182527220336314855e+00 -2.651642096031152640e-01
5.188816695118276812e+00 4.692611997735544049e-01
5.195106169900237880e+00 -6.012057760628858327e-01
5.201395644682199837e+00 -4.943385262699273586e-01
5.207685119464160906e+00 1.386636300149352019e-01
5.213974594246122862e+00 -3.816573020029154772e-01
5.220264069028083931e+00 -3.432119632455394864e-01
5.226553543810045888e+00 3.809380503966179887e-01
5.232843018592006956e+00 2.563055932806839188e-01
5.239132493373968913e+00 5.959911201327541264e-01
5.245421968155930870e+00 7.441112477571321104e-01
5.251711442937891938e+00 -4.282260341580836904e-01
5.258000917719853895e+00 3.902480949955984268e-01
5.264290392501814964e+00 2.409943226585580245e-01
5.270579867283776920e+00 7.409504772545332241e-01
5.276869342065737989e+00 1.074190840296476157e-01
5.283158816847699946e+00 -3.470174095616750387e-01
5.289448291629661014e+00 4.943056864421757624e-01
5.295737766411622971e+00 -4.294662276993899130e-01
5.302027241193584040e+00 -4.542677238223890024e-01
5.308316715975545996e+00 6.854005019096139906e-01
5.314606190757507953e+00 5.075762514844039952e-01
5.320895665539469022e+00 -2.276343889392495878e-02
5.327185140321430978e+00 -2.990860009144149512e-01
5.333474615103392047e+00 1.394657861949277100e+00
5.339764089885354004e+00 5.493710972232774825e-01
5.346053564667315072e+00 1.218920978233547725e+00
5.352343039449277029e+00 -1.249799454942980836e-01
5.358632514231238098e+00 8.015697636968367457e-01
5.364921989013200054e+00 1.053683855284183735e-01
5.371211463795161123e+00 -4.243336129229224873e-02
5.377500938577123080e+00 1.419093624939543385e+00
5.383790413359084148e+00 6.064600159540052271e-01
5.390079888141046105e+00 1.219927634952590934e+00
5.396369362923008062e+00 3.948461551622294285e-01
5.402658837704969130e+00 -3.509868471652460853e-02
5.408948312486931087e+00 1.245353712707979454e-01
5.415237787268892156e+00 1.780706651805293861e+00
5.421527262050854112e+00 1.103605733739126071e+00
5.427816736832815181e+00 1.122843675408602193e+00
5.434106211614777138e+00 1.599757339988638893e+00
5.440395686396738206e+00 5.888643291161830273e-01
5.446685161178700163e+00 3.746229070090636992e-01
5.452974635960661232e+00 9.531698621256474713e-01
5.459264110742623188e+00 7.361899293046382242e-01
5.465553585524584257e+00 3.506916537147493074e-01
5.471843060306546214e+00 1.585803451049794033e+00
5.478132535088508170e+00 1.038583730798891658e+00
5.484422009870469239e+00 2.128405955253835025e+00
5.490711484652431196e+00 2.887727286169178287e-01
5.497000959434392264e+00 4.082645789625554134e-01
5.503290434216354221e+00 2.083063181798291197e+00
5.509579908998315290e+00 1.042309189025081295e+00
5.515869383780277246e+00 1.572838906345208176e+00
5.522158858562238315e+00 1.398913600274625857e+00
5.528448333344200272e+00 9.678430847431180872e-01
5.534737808126161340e+00 4.408741625074025228e-01
5.541027282908123297e+00 5.732391538925101226e-01
5.547316757690084366e+00 1.209873586117843569e+00
5.553606232472046322e+00 2.173725480108890551e+00
5.559895707254008279e+00 1.536783220947388839e+00
5.566185182035969348e+00 1.706373696232466042e+00
5.572474656817931304e+00 1.807788923341595133e+00
5.578764131599892373e+00 1.433892243845747094e+00
5.585053606381854330e+00 8.016418693152758124e-01
5.591343081163815398e+00 1.771810286483178842e+00
5.597632555945777355e+00 1.482917584439600311e+00
5.603922030727738424e+00 1.939140997931289023e+00
5.610211505509700380e+00 1.666892872815311621e+00
5.616500980291661449e+00 1.260007409245439414e+00
5.622790455073623406e+00 1.562663151583160381e+00
5.629079929855584474e+00 2.439956283777493518e+00
5.635369404637546431e+00 2.047845934287033209e+00
5.641658879419508388e+00 1.813342338961651423e+00
5.647948354201469456e+00 1.378817923971156212e+00
5.654237828983431413e+00 1.350231397797968524e+00
5.660527303765392482e+00 1.549340970891521563e+00
5.666816778547354438e+00 1.611888923059657142e+00
5.673106253329315507e+00 2.037401073791434758e+00
5.679395728111277464e+00 2.602538684582981432e+00
5.685685202893238532e+00 1.400590106449681960e+00
5.691974677675200489e+00 1.762054435654787365e+00
5.698264152457161558e+00 2.543847995120793737e+00
5.704553627239123514e+00 2.381554773628137056e+00
5.710843102021084583e+00 2.345230226004842766e+00
5.717132576803046540e+00 1.188802251241690477e+00
5.723422051585008496e+00 2.198932048159319308e+00
5.729711526366969565e+00 2.624158638463709448e+00
5.736001001148931522e+00 2.010717795246919071e+00
5.742290475930892590e+00 1.487648344432541681e+00
5.748579950712854547e+00 2.271134382796168971e+00
5.754869425494815616e+00 6.750702559892596266e-01
5.761158900276777572e+00 1.909972623171996009e+00
5.767448375058738641e+00 1.032778318535119810e+00
5.773737849840700598e+00 1.721371848390129689e+00
5.780027324622661666e+00 2.117559146194360586e+00
5.786316799404623623e+00 2.535224812512844039e+00
5.792606274186584692e+00 1.093566863572271730e+00
5.798895748968546648e+00 1.685664668638474417e+00
5.805185223750508605e+00 1.895868682803467653e+00
5.811474698532469674e+00 2.209193056319534332e+00
5.817764173314431631e+00 2.297264056748095751e+00
5.824053648096392699e+00 1.650541716564542849e+00
5.830343122878354656e+00 1.685910019818090522e+00
5.836632597660315724e+00 1.890102754718668843e+00
5.842922072442277681e+00 7.387103236007610541e-01
5.849211547224238750e+00 1.552959671282894583e+00
5.855501022006200706e+00 8.834504076733207256e-01
5.861790496788161775e+00 1.673589389192167820e+00
5.868079971570123732e+00 2.130674409671988734e+00
5.874369446352084800e+00 1.964409844900252500e+00
5.880658921134046757e+00 1.737839421502800130e+00
5.886948395916008714e+00 1.858047067734868829e+00
5.893237870697969782e+00 1.749962296364563352e+00
5.899527345479931739e+00 1.552930641556113489e+00
5.905816820261892808e+00 1.084536274438193892e+00
5.912106295043854765e+00 1.238534187043572210e+00
5.918395769825815833e+00 1.367224308018355483e+00
5.924685244607777790e+00 1.060209916961716958e+00
5.930974719389738858e+00 7.668528995164907158e-01
5.937264194171700815e+00 3.847118215394015328e-01
5.943553668953661884e+00 1.548993044162936705e+00
5.949843143735623840e+00 6.572236895839065340e-01
5.956132618517584909e+00 1.427711928642091621e+00
5.962422093299546866e+00 4.857365353579564116e-01
5.968711568081508823e+00 2.933896746044244441e-01
5.975001042863469891e+00 -4.449844693313731447e-01
5.981290517645431848e+00 2.382593285377716530e-01
5.987579992427392916e+00 -3.197960844947187464e-01
5.993869467209354873e+00 4.314630473381084741e-01
6.000158941991315942e+00 9.667199273372368840e-01
6.006448416773277899e+00 2.984977409210294308e-01
6.012737891555238967e+00 -1.898224098401932736e-01
6.019027366337200924e+00 -8.138825359706940432e-01
6.025316841119161992e+00 6.495683892978598717e-01
6.031606315901123949e+00 -2.011652407295949629e-02
6.037895790683085906e+00 1.978766786336279004e-01
6.044185265465046974e+00 -9.373090547093201330e-01
6.050474740247008931e+00 -6.363647817066115930e-01
6.056764215028970000e+00 5.682721591586843424e-01
6.063053689810931957e+00 4.025881355389051564e-01
6.069343164592893025e+00 3.703528155718689430e-01
6.075632639374854982e+00 -3.679584687468677728e-01
6.081922114156816050e+00 3.715791524603551110e-02
6.088211588938778007e+00 -1.260899272088655598e+00
6.094501063720739076e+00 2.489338173564366041e-01
6.100790538502701033e+00 -8.762454502054601857e-01
6.107080013284662101e+00 -6.828307217592739509e-01
6.113369488066624058e+00 -7.935751452700381403e-01
6.119658962848586015e+00 -1.262044528290106271e+00
6.125948437630547083e+00 -1.049070208489987666e+00
6.132237912412509040e+00 -1.036148198949284671e+00
6.138527387194470109e+00 -1.116563859486132904e+00
6.144816861976432065e+00 -1.475525886286932264e+00
6.151106336758393134e+00 1.463906816209230577e-01
6.157395811540355091e+00 -7.902729399403467525e-01
6.163685286322316159e+00 -1.014293931049268238e-01
6.169974761104278116e+00 -1.788909394126763974e+00
6.176264235886239184e+00 -9.736973914220428128e-01
6.182553710668201141e+00 -1.762045645972524666e+00
6.188843185450162210e+00 -4.033449376822937360e-01
6.195132660232124167e+00 -8.242637213906172100e-01
6.201422135014086123e+00 -2.019725609990897119e+00
6.207711609796047192e+00 -5.638725461365974301e-01
6.214001084578009149e+00 -1.869432318632595624e+00
6.220290559359970217e+00 -1.929886730552849539e+00
6.226580034141932174e+00 -7.889976376031255789e-01
6.232869508923893243e+00 -2.069940769300498751e+00
6.239158983705855199e+00 -1.469689757494586191e+00
6.245448458487816268e+00 -2.046082130779853347e+00
6.251737933269778225e+00 -8.313227601774180187e-01
6.258027408051739293e+00 -1.009105255131961476e+00
6.264316882833701250e+00 -1.005641846704755871e+00
6.270606357615662318e+00 -1.976586152250751738e+00
6.276895832397624275e+00 -4.315582693761053079e-01
6.283185307179586232e+00 -1.412520862867955751e+00
