0.000000000000000000e+00 1.497444654827633448e+00
6.289474781961547356e-03 1.010125512871252074e+00
1.257894956392309471e-02 -2.186560716257328618e-01
1.886842434588464207e-02 6.715066151995615629e-01
2.515789912784618942e-02 5.478495036087871473e-01
3.144737390980773678e-02 1.272423342372426713e+00
3.773684869176928414e-02 1.346738617775244951e-01
4.402632347373083149e-02 2.714953751209716604e-01
5.031579825569237885e-02 5.677220257734005848e-02
5.660527303765392620e-02 3.257082929177786967e-01
6.289474781961547356e-02 1.477158661997603373e+00
6.918422260157702786e-02 1.576013113785845521e+00
7.547369738353856827e-02 9.061657910241154301e-01
8.176317216550010869e-02 -7.027322471170288631e-02
8.805264694746166299e-02 4.667679042130345457e-01
9.434212172942321728e-02 1.095875834511702784e+00
1.006315965113847577e-01 -2.357677782289793744e-01
1.069210712933462981e-01 1.704377982813111148e-01
1.132105460753078524e-01 6.894367825424881913e-01
1.195000208572694067e-01 3.610871763762847908e-01
1.257894956392309471e-01 1.478171701607406074e+00
1.320789704211924875e-01 1.314522861861940894e-01
1.383684452031540557e-01 1.135205415262564577e+00
1.446579199851155961e-01 1.459613363102108430e+00
1.509473947670771365e-01 1.442623158351876267e+00
1.572368695490386770e-01 5.109453067289557726e-01
1.635263443310002174e-01 2.189904269476777854e-01
1.698158191129617856e-01 2.331252483799920450e-01
1.761052938949233260e-01 -1.463414826798492552e-01
1.823947686768848664e-01 -2.779916831716700010e-02
1.886842434588464346e-01 1.345399074397349626e+00
1.949737182408079750e-01 3.153065575978700186e-01
2.012631930227695154e-01 4.241145952151033627e-01
2.075526678047310558e-01 5.329069100585382968e-01
2.138421425866925962e-01 -3.444807820909043805e-01
2.201316173686541644e-01 -3.256575282968969809e-01
2.264210921506157048e-01 5.829157484565182790e-01
2.327105669325772452e-01 1.226301447373451259e+00
2.390000417145388134e-01 1.000346438724006859e-01
2.452895164965003538e-01 1.027686363069367115e+00
2.515789912784618942e-01 -1.593513964467714317e-01
2.578684660604234624e-01 1.485300430603341937e+00
2.641579408423849751e-01 7.980163874341569263e-01
2.704474156243465433e-01 1.006423254383634447e+00
2.767368904063081114e-01 -3.718897095805211994e-01
2.830263651882696241e-01 5.495964511362109173e-01
2.893158399702311923e-01 1.350559942630066956e+00
2.956053147521927049e-01 1.289774607458648026e-01
3.018947895341542731e-01 1.481903041286075862e+00
3.081842643161158413e-01 1.264198761440897378e+00
3.144737390980773539e-01 1.020073175369829555e+00
3.207632138800389221e-01 3.168789362604563786e-01
3.270526886620004348e-01 6.053982957538674992e-01
3.333421634439620029e-01 9.750700442822356484e-01
3.396316382259235711e-01 4.880879263478488106e-02
3.459211130078850838e-01 -4.688072119886015354e-01
3.522105877898466519e-01 -5.517622312597159073e-02
3.585000625718082201e-01 3.240773873639958280e-01
3.647895373537697328e-01 7.455368019773105370e-01
3.710790121357313009e-01 -7.383620267228852008e-02
3.773684869176928691e-01 -1.535159983890146407e-01
3.836579616996543818e-01 1.311904350925001239e+00
3.899474364816159500e-01 7.168548246612667096e-01
3.962369112635774626e-01 1.016812206810123076e+00
4.025263860455390308e-01 -6.582936044548627352e-01
4.088158608275005990e-01 1.202811523777869152e+00
4.151053356094621116e-01 2.879990390082172169e-01
4.213948103914236798e-01 9.620267410048413126e-01
4.276842851733851925e-01 3.565060877025502117e-01
4.339737599553467606e-01 -7.916889318794142483e-01
4.402632347373083288e-01 -5.993846513252214514e-01
4.465527095192698415e-01 -5.049501475907951509e-01
4.528421843012314096e-01 1.595742946276739183e-01
4.591316590831929778e-01 -8.049281046845533361e-01
4.654211338651544905e-01 -3.461978450394256335e-01
4.717106086471160586e-01 9.415361386853794423e-01
4.780000834290776268e-01 -4.987437239822791746e-01
4.842895582110391395e-01 2.861194288007656850e-01
4.905790329930007077e-01 -1.020935565207583551e-01
4.968685077749622203e-01 -6.288474893655695563e-01
5.031579825569237885e-01 4.215734414501017824e-01
5.094474573388853011e-01 1.812905201523957732e-01
5.157369321208469248e-01 -2.957781976041615746e-01
5.220264069028084375e-01 -9.268440002839408720e-01
5.283158816847699502e-01 -5.625716233460729132e-01
5.346053564667315738e-01 7.783850970611605469e-01
5.408948312486930865e-01 -9.921837643441810961e-01
5.471843060306545992e-01 7.530425354628813572e-01
5.534737808126162228e-01 -9.002584687795740503e-01
5.597632555945777355e-01 -4.591249517548012804e-02
5.660527303765392482e-01 3.854404616056634758e-01
5.723422051585007608e-01 -9.380580836856171612e-01
5.786316799404623845e-01 5.444704701392268920e-01
5.849211547224238972e-01 -1.484729832764148938e-01
5.912106295043854098e-01 -8.885273247012128728e-01
5.975001042863470335e-01 2.179743132411109396e-01
6.037895790683085462e-01 -6.277795220812207866e-01
6.100790538502700588e-01 9.789906020863692326e-02
6.163685286322316825e-01 8.182845930045301586e-02
6.226580034141931952e-01 -9.215394803537289015e-01
6.289474781961547079e-01 2.638121257601220293e-01
6.352369529781163315e-01 1.240240290337772944e-01
6.415264277600778442e-01 5.983000834194474038e-02
6.478159025420393569e-01 -1.001723231005188230e+00
6.541053773240008695e-01 -7.422861992299436551e-01
6.603948521059624932e-01 2.239982248564231782e-02
6.666843268879240059e-01 3.144685256066286350e-01
6.729738016698855185e-01 -1.234638369843847228e+00
6.792632764518471422e-01 -3.574810902912259891e-01
6.855527512338086549e-01 3.420955314964713168e-02
6.918422260157701675e-01 -8.326825623750293559e-01
6.981317007977317912e-01 -1.310581803001784618e-01
7.044211755796933039e-01 -2.140756854359993078e-02
7.107106503616548165e-01 -8.205561254072757382e-01
7.170001251436164402e-01 -8.157956683005385123e-02
7.232895999255779529e-01 -2.523458839675185583e-01
7.295790747075394655e-01 -5.987175254350165510e-01
7.358685494895010892e-01 -1.110455869676325369e+00
7.421580242714626019e-01 -6.291735093928441103e-02
7.484474990534241146e-01 5.314431284297878033e-01
7.547369738353857382e-01 -6.511377548089367640e-01
7.610264486173472509e-01 3.392565427819582702e-02
7.673159233993087636e-01 -4.753342206630528644e-01
7.736053981812702762e-01 -6.332969393004934666e-01
7.798948729632318999e-01 1.064162473059908631e-01
7.861843477451934126e-01 6.573797752119434623e-01
7.924738225271549252e-01 4.042439889212692261e-01
7.987632973091165489e-01 7.414600862694822325e-01
8.050527720910780616e-01 -4.133139410565453975e-01
8.113422468730395742e-01 -3.144040928222504583e-01
8.176317216550011979e-01 3.766196148918803388e-01
8.239211964369627106e-01 -1.294237836247951190e-01
8.302106712189242232e-01 1.686684356778764826e-01
8.365001460008858469e-01 -8.813882431093467140e-01
8.427896207828473596e-01 6.517468495285402286e-01
8.490790955648088723e-01 -3.541955470242497128e-01
8.553685703467703849e-01 -6.448993844125072705e-02
8.616580451287320086e-01 1.395224878849528061e-01
8.679475199106935213e-01 1.124514447509771253e+00
8.742369946926550339e-01 1.192620746265284692e+00
8.805264694746166576e-01 9.101819540652154039e-01
8.868159442565781703e-01 9.773603652044535739e-01
8.931054190385396829e-01 7.478422122314953846e-02
8.993948938205013066e-01 5.644326768345219181e-01
9.056843686024628193e-01 1.358011875361278209e+00
9.119738433844243319e-01 1.184684572297740379e+00
9.182633181663859556e-01 3.221628496238055916e-01
9.245527929483474683e-01 -2.125469069022907220e-01
9.308422677303089809e-01 1.520374750296042077e+00
9.371317425122706046e-01 -1.598097657377102743e-01
9.434212172942321173e-01 2.172365228467860732e-01
9.497106920761936300e-01 1.264593506431417103e+00
9.560001668581552536e-01 -9.392087239544477661e-02
9.622896416401167663e-01 1.386439377680044105e+00
9.685791164220782790e-01 1.565406038472601180e+00
9.748685912040397916e-01 1.693111561453890523e+00
9.811580659860014153e-01 -5.016945902770822419e-02
9.874475407679629280e-01 7.418356619437482813e-02
9.937370155499244406e-01 -6.657754643232904890e-02
1.000026490331886064e+00 7.723168007154483927e-01
1.006315965113847577e+00 1.615904981676239194e+00
1.012605439895809090e+00 9.125217410277772778e-01
1.018894914677770602e+00 1.470733822495358334e+00
1.025184389459732115e+00 1.786126558835307687e+00
1.031473864241693850e+00 1.376355695387325717e+00
1.037763339023655362e+00 2.159486930271921512e+00
1.044052813805616875e+00 8.893884332411245985e-01
1.050342288587578388e+00 2.110089241083819012e+00
1.056631763369539900e+00 2.206888103986836658e+00
1.062921238151501413e+00 1.437304553130476226e+00
1.069210712933463148e+00 9.376369085954556759e-01
1.075500187715424660e+00 2.350436375049004489e+00
1.081789662497386173e+00 1.359803791925542127e+00
1.088079137279347686e+00 9.972308267428329209e-01
1.094368612061309198e+00 1.180424042474280455e+00
1.100658086843270711e+00 2.006780313183758935e+00
1.106947561625232446e+00 1.001647038839268866e+00
1.113237036407193958e+00 1.387088996245888772e+00
1.119526511189155471e+00 2.073081300186999876e+00
1.125815985971116984e+00 1.293743486736616211e+00
1.132105460753078496e+00 2.546931969481681435e+00
1.138394935535040009e+00 2.388495185626003270e+00
1.144684410317001522e+00 1.711719119732067362e+00
1.150973885098963256e+00 2.793348613688140691e+00
1.157263359880924769e+00 9.438193250352029384e-01
1.163552834662886282e+00 1.697845144217787317e+00
1.169842309444847794e+00 1.087676512711615917e+00
1.176131784226809307e+00 2.110404670062591581e+00
1.182421259008770820e+00 1.489346396990081534e+00
1.188710733790732554e+00 2.239372183923912907e+00
1.195000208572694067e+00 2.442070789108480522e+00
1.201289683354655580e+00 2.831609785120079881e+00
1.207579158136617092e+00 2.339090580826347576e+00
1.213868632918578605e+00 2.353647136486826774e+00
1.220158107700540118e+00 2.948722687524148789e+00
1.226447582482501630e+00 3.010152346364317388e+00
1.232737057264463365e+00 2.277649393779978659e+00
1.239026532046424878e+00 2.073526672097613321e+00
1.245316006828386390e+00 1.172406584651392469e+00
1.251605481610347903e+00 2.866261086281253867e+00
1.257894956392309416e+00 1.386482580850978197e+00
1.264184431174270928e+00 1.943009630582174241e+00
1.270473905956232663e+00 1.851766438733497111e+00
1.276763380738194176e+00 1.449920590486220018e+00
1.283052855520155688e+00 1.189590544278989581e+00
1.289342330302117201e+00 1.647017467137184443e+00
1.295631805084078714e+00 3.149330155300630540e+00
1.301921279866040226e+00 3.131422991624098540e+00
1.308210754648001739e+00 2.160034292157344549e+00
1.314500229429963474e+00 1.161108266369004882e+00
1.320789704211924986e+00 2.984274516174011627e+00
1.327079178993886499e+00 1.830057768155091802e+00
1.333368653775848012e+00 2.622898233197811457e+00
1.339658128557809524e+00 2.346545343086426261e+00
1.345947603339771037e+00 2.932027269724726715e+00
1.352237078121732772e+00 1.232467480482335898e+00
1.358526552903694284e+00 1.254161939081423593e+00
1.364816027685655797e+00 2.063510715611357682e+00
1.371105502467617310e+00 1.616444971098345285e+00
1.377394977249578822e+00 2.919333650648324507e+00
1.383684452031540335e+00 2.153494894426667194e+00
1.389973926813502070e+00 2.561038658473460128e+00
1.396263401595463582e+00 1.200969799195639620e+00
1.402552876377425095e+00 1.533598451294734710e+00
1.408842351159386608e+00 1.158033410443688016e+00
1.415131825941348120e+00 2.320030556566333502e+00
1.421421300723309633e+00 2.765970830375256817e+00
1.427710775505271146e+00 1.841637500917280956e+00
1.434000250287232880e+00 1.467997101403048621e+00
1.440289725069194393e+00 2.224555344816916858e+00
1.446579199851155906e+00 2.445185526807176046e+00
1.452868674633117418e+00 1.279197477457828525e+00
1.459158149415078931e+00 9.651883482072651788e-01
1.465447624197040444e+00 2.367183491911095228e+00
1.471737098979002178e+00 1.712154657085184661e+00
1.478026573760963691e+00 2.045529325012045874e+00
1.484316048542925204e+00 1.697510815766623660e+00
1.490605523324886716e+00 4.595300184376556740e-01
1.496894998106848229e+00 2.222738536487248062e+00
1.503184472888809742e+00 1.856658786059420585e+00
1.509473947670771476e+00 1.025030371445154742e+00
1.515763422452732989e+00 2.096611889958758912e+00
1.522052897234694502e+00 9.980722988640902127e-01
1.528342372016656014e+00 1.072691671262197555e-01
1.534631846798617527e+00 1.112340545050465757e+00
1.540921321580579040e+00 6.896856117630574268e-01
1.547210796362540552e+00 5.574584432780796406e-02
1.553500271144502287e+00 1.855560337150700123e+00
1.559789745926463800e+00 4.056358378335053194e-01
1.566079220708425312e+00 2.813607671549947509e-02
1.572368695490386825e+00 1.265395960080496041e+00
1.578658170272348338e+00 2.130253976713186725e-01
1.584947645054309850e+00 1.885329615667933334e-01
1.591237119836271585e+00 -2.937302863404622211e-01
1.597526594618233098e+00 4.907927235442310354e-01
1.603816069400194610e+00 6.407566419914318967e-01
1.610105544182156123e+00 1.224029122787042567e+00
1.616395018964117636e+00 1.052631281904042204e+00
1.622684493746079148e+00 3.865077120553817025e-02
1.628973968528040661e+00 -4.314660487611091666e-01
1.635263443310002396e+00 1.155759831762011691e+00
1.641552918091963909e+00 1.191058435836737095e-01
1.647842392873925421e+00 -6.513306923851951424e-01
1.654131867655886934e+00 -8.405167433204792093e-01
1.660421342437848446e+00 -2.397029211649801539e-01
1.666710817219809959e+00 2.611236797859468606e-01
1.673000292001771694e+00 7.609069275727111670e-01
1.679289766783733207e+00 -9.208150215258428251e-01
1.685579241565694719e+00 -1.178172605643576176e+00
1.691868716347656232e+00 5.292412201272211902e-01
1.698158191129617745e+00 2.944482980207976386e-01
1.704447665911579257e+00 2.480370530737219248e-02
1.710737140693540770e+00 6.732138670452258999e-02
1.717026615475502505e+00 5.118137331588532568e-01
1.723316090257464017e+00 -4.644903961621302813e-01
1.729605565039425530e+00 4.315164493968781656e-01
1.735895039821387043e+00 -1.341453438468689363e+00
1.742184514603348555e+00 -6.289076875875887485e-01
1.748473989385310068e+00 -1.407574392460679391e+00
1.754763464167271803e+00 -2.523148577945295568e-01
1.761052938949233315e+00 2.095048386849072131e-01
1.767342413731194828e+00 -1.653869537537754786e+00
1.773631888513156341e+00 -2.717856061856793737e-02
1.779921363295117853e+00 -1.457062680943336463e+00
1.786210838077079366e+00 -1.321648579509240307e-01
1.792500312859041101e+00 -1.048938404342143471e-01
1.798789787641002613e+00 -3.059016531051188537e-01
1.805079262422964126e+00 -1.591575759114816080e+00
1.811368737204925639e+00 -1.078920622465672663e+00
1.817658211986887151e+00 -6.783964373834949768e-01
1.823947686768848664e+00 -1.093531249563891583e+00
1.830237161550810177e+00 -2.465716686528041102e-02
1.836526636332771911e+00 -8.758837755598229968e-01
1.842816111114733424e+00 -1.962690708890843627e+00
1.849105585896694937e+00 -1.913734752928551108e+00
1.855395060678656449e+00 -1.984628254560983684e+00
1.861684535460617962e+00 -1.359081179891718172e+00
1.867974010242579475e+00 -1.026203864809226651e+00
1.874263485024541209e+00 -1.420857661619482570e+00
1.880552959806502722e+00 -1.297274395308273265e+00
1.886842434588464235e+00 -6.223754434190580387e-01
1.893131909370425747e+00 -9.342621016079100116e-02
1.899421384152387260e+00 -1.431841085461214691e+00
1.905710858934348773e+00 -2.042671462733204990e+00
1.912000333716310507e+00 -1.628085911180872536e+00
1.918289808498272020e+00 -1.744928679036149788e+00
1.924579283280233533e+00 -8.517119479558732387e-02
1.930868758062195045e+00 -6.034071726104932587e-01
1.937158232844156558e+00 -1.158709738799272193e+00
1.943447707626118071e+00 -1.746272720683769375e+00
1.949737182408079583e+00 -1.155335165076715631e+00
1.956026657190041318e+00 -2.677522284490829740e-01
1.962316131972002831e+00 -1.897716297146675002e+00
1.968605606753964343e+00 -6.338497935464946220e-01
1.974895081535925856e+00 -1.294887180929725545e+00
1.981184556317887369e+00 -1.511116354453444943e+00
1.987474031099848881e+00 -6.092845436109131096e-01
1.993763505881810616e+00 1.688761228878981058e-01
2.000052980663772129e+00 -1.243669027171721009e+00
2.006342455445733641e+00 -1.202125887450049779e+00
2.012631930227695154e+00 -9.855036494154079119e-01
2.018921405009656667e+00 -1.336040149864274218e+00
2.025210879791618179e+00 -1.400015594454566692e-01
2.031500354573579692e+00 -2.285367473258645976e-01
2.037789829355541205e+00 -1.876030532624906044e-01
2.044079304137502717e+00 3.100485089252971171e-01
2.050368778919464230e+00 2.702571719982282961e-01
2.056658253701426187e+00 -7.248405821822485606e-01
2.062947728483387699e+00 -8.801439993544561968e-01
2.069237203265349212e+00 -4.814139308780274185e-01
2.075526678047310725e+00 6.842626113194056892e-01
2.081816152829272237e+00 -1.092195822081701184e+00
2.088105627611233750e+00 -9.595555602666050454e-02
2.094395102393195263e+00 -1.054266178550778976e+00
2.100684577175156775e+00 -6.844964070881518481e-01
2.106974051957118288e+00 1.184073100102981391e-01
2.113263526739079801e+00 -2.747625442774592752e-02
2.119553001521041313e+00 6.563028412171114656e-01
2.125842476303002826e+00 -7.871711280634122732e-01
2.132131951084964339e+00 -5.676907773257446888e-01
2.138421425866926295e+00 -5.309542035810910221e-01
2.144710900648887808e+00 1.694560010984611509e-01
2.151000375430849321e+00 1.256239368956929336e+00
2.157289850212810833e+00 6.625583742685179356e-01
2.163579324994772346e+00 -3.595056671592807285e-01
2.169868799776733859e+00 -1.634278430330595722e-01
2.176158274558695371e+00 -3.037899968462580702e-01
2.182447749340656884e+00 4.257370238158587616e-01
2.188737224122618397e+00 5.891120103805287389e-01
2.195026698904579909e+00 7.981482290406665125e-01
2.201316173686541422e+00 1.650604383968199418e+00
2.207605648468502935e+00 8.835188301979337577e-01
2.213895123250464891e+00 1.218752514659806385e+00
2.220184598032426404e+00 3.121676875325049005e-01
2.226474072814387917e+00 3.544836440359143137e-01
2.232763547596349429e+00 3.550436503786679188e-01
2.239053022378310942e+00 1.384498554578865059e+00
2.245342497160272455e+00 1.636617163166353084e+00
2.251631971942233967e+00 1.607724996384152671e+00
2.257921446724195480e+00 1.256335649313414349e+00
2.264210921506156993e+00 1.616835710023934780e+00
2.270500396288118505e+00 2.002797436156492417e+00
2.276789871070080018e+00 1.533570032961176999e+00
2.283079345852041531e+00 2.158012152724641641e+00
2.289368820634003043e+00 1.710059435995173960e+00
2.295658295415965000e+00 2.272590686871961196e+00
2.301947770197926513e+00 1.698426835380696609e+00
2.308237244979888025e+00 1.835429509861135733e+00
2.314526719761849538e+00 2.880378459485313236e+00
2.320816194543811051e+00 1.264499840417848020e+00
2.327105669325772563e+00 1.488237839429659815e+00
2.333395144107734076e+00 1.662877304749791119e+00
2.339684618889695589e+00 1.909891718300686936e+00
2.345974093671657101e+00 2.135064078393144271e+00
2.352263568453618614e+00 1.769576308643259877e+00
2.358553043235580127e+00 1.850736198036538216e+00
2.364842518017541639e+00 3.000583528286131063e+00
2.371131992799503152e+00 1.499480488438764025e+00
2.377421467581465109e+00 2.624560518741207993e+00
2.383710942363426621e+00 1.905661479213504705e+00
2.390000417145388134e+00 2.828859256592641813e+00
2.396289891927349647e+00 2.257684367501240796e+00
2.402579366709311159e+00 3.362742578532759374e+00
2.408868841491272672e+00 3.626957777194991017e+00
2.415158316273234185e+00 1.891473101973666360e+00
2.421447791055195697e+00 1.947980061161730614e+00
2.427737265837157210e+00 1.814790794347444391e+00
2.434026740619118723e+00 2.616369260273691211e+00
2.440316215401080235e+00 2.660714706307688360e+00
2.446605690183041748e+00 2.365703841472555968e+00
2.452895164965003261e+00 2.904232138647386385e+00
2.459184639746965217e+00 2.237468878915044534e+00
2.465474114528926730e+00 2.990831804947762684e+00
2.471763589310888243e+00 2.552728144701013058e+00
2.478053064092849755e+00 2.469690942867802441e+00
2.484342538874811268e+00 2.383862333739935391e+00
2.490632013656772781e+00 3.335637227968229368e+00
2.496921488438734293e+00 2.082234933134407662e+00
2.503210963220695806e+00 2.188946816981560239e+00
2.509500438002657319e+00 3.227015384722554447e+00
2.515789912784618831e+00 3.912690444085426655e+00
2.522079387566580344e+00 2.595562970746689402e+00
2.528368862348541857e+00 3.675210262453448173e+00
2.534658337130503369e+00 2.984404066961321433e+00
2.540947811912465326e+00 2.764987220282336011e+00
2.547237286694426839e+00 2.505330335642464767e+00
2.553526761476388351e+00 3.842908688752504354e+00
2.559816236258349864e+00 3.576036604586849244e+00
2.566105711040311377e+00 2.240154396243071666e+00
2.572395185822272889e+00 2.577162386476832268e+00
2.578684660604234402e+00 2.595161587452523566e+00
2.584974135386195915e+00 3.506546384328969701e+00
2.591263610168157427e+00 1.915571707400927970e+00
2.597553084950118940e+00 2.157302151140957136e+00
2.603842559732080453e+00 2.243678917217140967e+00
2.610132034514041965e+00 1.861083961989543623e+00
2.616421509296003478e+00 2.612635286645483834e+00
2.622710984077965435e+00 2.821578205303281628e+00
2.629000458859926947e+00 1.840195084310257023e+00
2.635289933641888460e+00 3.034114517849664239e+00
2.641579408423849973e+00 3.148568408297229837e+00
2.647868883205811485e+00 1.973438793561500093e+00
2.654158357987772998e+00 2.212392701457936539e+00
2.660447832769734511e+00 1.887143726742350758e+00
2.666737307551696023e+00 1.658460050468444136e+00
2.673026782333657536e+00 2.364039181664697509e+00
2.679316257115619049e+00 2.009300606091662722e+00
2.685605731897580561e+00 2.601287252699979735e+00
2.691895206679542074e+00 2.771995420983787817e+00
2.698184681461504031e+00 1.365444375093039842e+00
2.704474156243465544e+00 2.478051551193642066e+00
2.710763631025427056e+00 1.638243297177242264e+00
2.717053105807388569e+00 2.935940850539008551e+00
2.723342580589350082e+00 1.691965075336821611e+00
2.729632055371311594e+00 2.692032464326385544e+00
2.735921530153273107e+00 1.485280648422374616e+00
2.742211004935234619e+00 1.691468341503957973e+00
2.748500479717196132e+00 2.630935402138256052e+00
2.754789954499157645e+00 2.234747788532898571e+00
2.761079429281119157e+00 2.025760843654989429e+00
2.767368904063080670e+00 6.206335205441175784e-01
2.773658378845042183e+00 2.051688620121507434e+00
2.779947853627004140e+00 1.159673643947293442e+00
2.786237328408965652e+00 1.927042775476099035e+00
2.792526803190927165e+00 3.632007547226359656e-01
2.798816277972888678e+00 2.871417983254306860e-01
2.805105752754850190e+00 1.970535602307316836e+00
2.811395227536811703e+00 2.746791236933782687e-01
2.817684702318773216e+00 8.610241609373679994e-01
2.823974177100734728e+00 1.616287378345195203e+00
2.830263651882696241e+00 1.070566439018725502e+00
2.836553126664657754e+00 9.970728529375884053e-01
2.842842601446619266e+00 1.030462472606542557e+00
2.849132076228580779e+00 7.150092170817721193e-01
2.855421551010542291e+00 5.059897349421520474e-01
2.861711025792504248e+00 1.026075482928922700e+00
2.868000500574465761e+00 4.008688426618051692e-01
2.874289975356427274e+00 -4.421665578019908782e-01
2.880579450138388786e+00 5.501328713937366777e-01
2.886868924920350299e+00 -1.872488049266599619e-01
2.893158399702311812e+00 -1.025928715148954895e-01
2.899447874484273324e+00 7.659823911642169580e-01
2.905737349266234837e+00 -4.565500181962846016e-01
2.912026824048196350e+00 -6.577906103397876958e-01
2.918316298830157862e+00 -6.011899258609678665e-01
2.924605773612119375e+00 -8.402602230554390150e-02
2.930895248394080888e+00 9.168223931081436184e-01
2.937184723176042400e+00 -1.797307727213608430e-01
2.943474197958004357e+00 -6.005671910581209527e-01
2.949763672739965870e+00 -7.927323386904605584e-03
2.956053147521927382e+00 5.696165998311442102e-01
2.962342622303888895e+00 7.023868811980693572e-01
2.968632097085850408e+00 -1.050069867718074645e+00
2.974921571867811920e+00 -4.169731292759901731e-01
2.981211046649773433e+00 1.227711565400133598e-01
2.987500521431734946e+00 5.274683729272504618e-01
2.993789996213696458e+00 -6.668899561563601530e-01
3.000079470995657971e+00 -3.250793820081252505e-01
3.006368945777619484e+00 -3.931343841964043406e-01
3.012658420559580996e+00 -9.722996530692171735e-01
3.018947895341542953e+00 -4.092267180447848318e-01
3.025237370123504466e+00 3.662730296188236867e-01
3.031526844905465978e+00 -5.184089558730236025e-01
3.037816319687427491e+00 -1.170137945500817622e+00
3.044105794469389004e+00 6.537071345124001454e-02
3.050395269251350516e+00 -1.341378347873545263e-01
3.056684744033312029e+00 -9.973116872474658834e-01
3.062974218815273542e+00 -1.136611486238412239e+00
3.069263693597235054e+00 -1.209282552745935879e+00
3.075553168379196567e+00 -2.756705332833038202e-01
3.081842643161158080e+00 1.190637840182939833e-02
3.088132117943119592e+00 -3.800595538771749382e-01
3.094421592725081105e+00 -7.608584958906974283e-01
3.100711067507043062e+00 -6.659050971224886872e-01
3.107000542289004574e+00 -1.495100791488079617e+00
3.113290017070966087e+00 -1.333647893823190822e+00
3.119579491852927600e+00 -1.296772619013654371e+00
3.125868966634889112e+00 -3.218184494569529264e-01
3.132158441416850625e+00 -1.147588789727511438e+00
3.138447916198812138e+00 2.398694009624611212e-01
3.144737390980773650e+00 -1.360819411678509505e+00
3.151026865762735163e+00 -1.624435677666500988e+00
3.157316340544696676e+00 -1.557373088056607013e+00
3.163605815326658188e+00 -1.329969149026397623e+00
3.169895290108619701e+00 -1.104480756536558861e+00
3.176184764890581214e+00 -1.144915923214036457e+00
3.182474239672543170e+00 -3.527676615869594912e-01
3.188763714454504683e+00 -8.314164370725878328e-01
3.195053189236466196e+00 -1.064992199470798484e+00
3.201342664018427708e+00 -1.544200633315123028e+00
3.207632138800389221e+00 -1.394116568194480488e+00
3.213921613582350734e+00 -1.202397391856341313e+00
3.220211088364312246e+00 -1.443387972188042268e+00
3.226500563146273759e+00 -4.558681727925930627e-01
3.232790037928235272e+00 -3.972162801974674640e-01
3.239079512710196784e+00 -7.540549714157296357e-02
3.245368987492158297e+00 -2.155930000789023637e-01
3.251658462274119810e+00 -4.478535915729224826e-01
3.257947937056081322e+00 -4.982895648740226502e-01
3.264237411838043279e+00 -1.193107497889820845e+00
3.270526886620004792e+00 -7.753089515308031476e-01
3.276816361401966304e+00 -3.041293295453348922e-01
3.283105836183927817e+00 -6.777982970172344857e-01
3.289395310965889330e+00 2.198887510923848154e-01
3.295684785747850842e+00 -5.000287291934912837e-01
3.301974260529812355e+00 -8.905040295543287243e-01
3.308263735311773868e+00 8.779673585933220892e-01
3.314553210093735380e+00 -1.286991940446926552e-01
3.320842684875696893e+00 -7.519420291128919853e-01
3.327132159657658406e+00 -4.768138335549804152e-01
3.333421634439619918e+00 -1.092424907338682694e-01
3.339711109221581431e+00 -1.744910134528513401e-01
3.346000584003543388e+00 7.315959943526610942e-01
3.352290058785504900e+00 1.009980430054904676e+00
3.358579533567466413e+00 2.756986570694621719e-01
3.364869008349427926e+00 6.221894940716283795e-01
3.371158483131389438e+00 4.933961338518090267e-01
3.377447957913350951e+00 1.307359073356043178e+00
3.383737432695312464e+00 -2.457956507206809915e-01
3.390026907477273976e+00 1.444460222420048012e+00
3.396316382259235489e+00 -2.697273190417400213e-01
3.402605857041197002e+00 9.125631788862076377e-01
3.408895331823158514e+00 1.558984637929095918e+00
3.415184806605120027e+00 1.227831946140805375e+00
3.421474281387081540e+00 1.326090689175185133e+00
3.427763756169043496e+00 1.458458054985850127e+00
3.434053230951005009e+00 1.703195941831090021e+00
3.440342705732966522e+00 8.295542479845161576e-01
3.446632180514928034e+00 8.396530723687986031e-01
3.452921655296889547e+00 9.999930703026664869e-01
3.459211130078851060e+00 1.156171578426230528e+00
3.465500604860812572e+00 8.310733346634456842e-01
3.471790079642774085e+00 1.416091573587825891e+00
3.478079554424735598e+00 9.558050077903652575e-01
3.484369029206697110e+00 1.539183157038627847e+00
3.490658503988658623e+00 9.296608338679409611e-01
3.496947978770620136e+00 1.371013945389928601e+00
3.503237453552582092e+00 1.687468204894232437e+00
3.509526928334543605e+00 1.478607157020206175e+00
3.515816403116505118e+00 5.574870411640000523e-01
3.522105877898466630e+00 1.089358797214615260e+00
3.528395352680428143e+00 1.575938851601233592e+00
3.534684827462389656e+00 1.875592145075014816e+00
3.540974302244351168e+00 5.912358590711475070e-01
3.547263777026312681e+00 1.299778670653636281e+00
3.553553251808274194e+00 1.399387749908118650e+00
3.559842726590235706e+00 1.915408943832168642e+00
3.566132201372197219e+00 2.112886764285152985e+00
3.572421676154158732e+00 1.080691656851502147e+00
3.578711150936120244e+00 8.550858762176445360e-01
3.585000625718082201e+00 1.564842950698254409e+00
3.591290100500043714e+00 2.063405473097128962e+00
3.597579575282005226e+00 1.772082906216825737e+00
3.603869050063966739e+00 2.627017466914759680e+00
3.610158524845928252e+00 1.650857199683475329e+00
3.616447999627889764e+00 2.589475827252057716e+00
3.622737474409851277e+00 2.813081519255199225e+00
3.629026949191812790e+00 2.182049722964054084e+00
3.635316423973774302e+00 1.831746425722790228e+00
3.641605898755735815e+00 1.722550417332538331e+00
3.647895373537697328e+00 1.158862122481545853e+00
3.654184848319658840e+00 1.840815033848135496e+00
3.660474323101620353e+00 2.535817260234784154e+00
3.666763797883582310e+00 2.738252776250338805e+00
3.673053272665543822e+00 3.069653099891497483e+00
3.679342747447505335e+00 1.492790114515252675e+00
3.685632222229466848e+00 1.765475098411535271e+00
3.691921697011428360e+00 1.441832550812592872e+00
3.698211171793389873e+00 1.741179699261969249e+00
3.704500646575351386e+00 2.258314186651501743e+00
3.710790121357312898e+00 2.060123504970730046e+00
3.717079596139274411e+00 2.430714814798978551e+00
3.723369070921235924e+00 2.709041581579355373e+00
3.729658545703197436e+00 1.262576629828793262e+00
3.735948020485158949e+00 2.412384842602065760e+00
3.742237495267120462e+00 2.618064621798719571e+00
3.748526970049082419e+00 1.487094821501541153e+00
3.754816444831043931e+00 2.955156258557424920e+00
3.761105919613005444e+00 2.832165600066572253e+00
3.767395394394966956e+00 1.604588806050347483e+00
3.773684869176928469e+00 3.056197957869265736e+00
3.779974343958889982e+00 2.615599916723128526e+00
3.786263818740851494e+00 2.227982876095070175e+00
3.792553293522813007e+00 1.337874812987479789e+00
3.798842768304774520e+00 2.587349536508346315e+00
3.805132243086736032e+00 2.141794138130728165e+00
3.811421717868697545e+00 1.875096172282018081e+00
3.817711192650659058e+00 2.895519894101347802e+00
3.824000667432621015e+00 2.852147721971060257e+00
3.830290142214582527e+00 2.728349224088585157e+00
3.836579616996544040e+00 1.296632335974729155e+00
3.842869091778505553e+00 2.116017201967536288e+00
3.849158566560467065e+00 2.936227761329631036e+00
3.855448041342428578e+00 1.051348438388277184e+00
3.861737516124390091e+00 2.448434542104346079e+00
3.868026990906351603e+00 1.763106934608002163e+00
3.874316465688313116e+00 1.161463575360865086e+00
3.880605940470274628e+00 2.666449689126897393e+00
3.886895415252236141e+00 2.015981987238541606e+00
3.893184890034197654e+00 1.658099873711389005e+00
3.899474364816159166e+00 2.031677746910126370e+00
3.905763839598121123e+00 1.532252545513600239e+00
3.912053314380082636e+00 1.139969802305117685e+00
3.918342789162044149e+00 2.395627327555071240e+00
3.924632263944005661e+00 7.923253700173443770e-01
3.930921738725967174e+00 7.534767101246225840e-01
3.937211213507928687e+00 1.562031016921993976e+00
3.943500688289890199e+00 8.285925764903832036e-01
3.949790163071851712e+00 1.988329880927087956e+00
3.956079637853813225e+00 1.234267238336404615e+00
3.962369112635774737e+00 2.169935884603161558e+00
3.968658587417736250e+00 5.829363985698520212e-01
3.974948062199697763e+00 2.087861078379857016e+00
3.981237536981659275e+00 1.751860905468551000e+00
3.987527011763621232e+00 1.025778591772277704e+00
3.993816486545582745e+00 1.313046802022173054e+00
4.000105961327544257e+00 8.734276538726569727e-01
4.006395436109505326e+00 1.015574295694548379e+00
4.012684910891467283e+00 1.377222599809529990e+00
4.018974385673428351e+00 1.124171277878545983e+00
4.025263860455390308e+00 2.218601977629340305e-01
4.031553335237352265e+00 8.827316807973772939e-01
4.037842810019313333e+00 4.283489857173604087e-01
4.044132284801275290e+00 1.285588950975537825e+00
4.050421759583236359e+00 8.745419033333490244e-01
4.056711234365198315e+00 1.130413090320165903e+00
4.063000709147159384e+00 7.050407004277554623e-01
4.069290183929121341e+00 1.498673748441177400e+00
4.075579658711082409e+00 5.903304396644647456e-01
4.081869133493044366e+00 1.506132967954897151e+00
4.088158608275005435e+00 3.856992205540266117e-01
4.094448083056967391e+00 1.520036594253111106e+00
4.100737557838928460e+00 1.182063260190208798e+00
4.107027032620890417e+00 1.677788177342198539e+00
4.113316507402852373e+00 1.664197889564433597e+00
4.119605982184813442e+00 -5.754807127966998781e-02
4.125895456966775399e+00 -2.014453683979380294e-01
4.132184931748736467e+00 1.116625894842107058e+00
4.138474406530698424e+00 -1.230293701620712166e-01
4.144763881312659493e+00 5.721532514001267389e-01
4.151053356094621449e+00 3.386531736911232437e-01
4.157342830876582518e+00 -3.577660805085396967e-01
4.163632305658544475e+00 8.073070341419485985e-02
4.169921780440505543e+00 4.507776995351188698e-01
4.176211255222467500e+00 -3.080951964073186944e-01
4.182500730004428569e+00 2.221677118411361507e-01
4.188790204786390525e+00 8.499262277262127352e-01
4.195079679568352482e+00 1.224614967321790093e+00
4.201369154350313551e+00 1.142490370378983489e+00
4.207658629132275507e+00 6.467384039066443879e-01
4.213948103914236576e+00 -4.300635323317907321e-01
4.220237578696198533e+00 8.216680772485136508e-01
4.226527053478159601e+00 -1.178168186815533591e-01
4.232816528260121558e+00 2.735925159209976476e-01
4.239106003042082627e+00 7.449536721871086176e-01
4.245395477824044583e+00 -3.704290867182578051e-01
4.251684952606005652e+00 -1.978036786257755253e-01
4.257974427387967609e+00 -1.278668769727107080e-01
4.264263902169928677e+00 -2.987774491355652540e-01
4.270553376951890634e+00 5.407363062717549518e-01
4.276842851733852591e+00 -1.219740622812593989e-01
4.283132326515813659e+00 8.723549661387957066e-01
4.289421801297775616e+00 -2.068008405502250735e-01
4.295711276079736685e+00 -2.361380036940656790e-01
4.302000750861698641e+00 -4.454482451949937083e-01
4.308290225643659710e+00 -1.882299077032068002e-01
4.314579700425621667e+00 5.247361097149564335e-01
4.320869175207582735e+00 -3.759780143852420320e-02
4.327158649989544692e+00 1.046848100411081006e+00
4.333448124771505761e+00 1.290813172040718770e+00
4.339737599553467717e+00 1.343363272124926677e+00
4.346027074335428786e+00 1.094334212016212504e-04
4.352316549117390743e+00 -1.121193319042521619e-01
4.358606023899352699e+00 4.748417020438655545e-02
4.364895498681313768e+00 1.276355895781977168e+00
4.371184973463275725e+00 9.117597821386020929e-01
4.377474448245236793e+00 1.279381018950546345e+00
4.383763923027198750e+00 1.019229503200050901e+00
4.390053397809159819e+00 2.378438637566769875e-01
4.396342872591121775e+00 2.312554843460623566e-02
4.402632347373082844e+00 3.890432483528996066e-01
4.408921822155044801e+00 -5.144515001105716134e-01
4.415211296937005869e+00 -4.157538264824682805e-01
4.421500771718967826e+00 7.853603659112801116e-01
4.427790246500929783e+00 -1.656026205236433846e-01
4.434079721282890851e+00 2.321653609257704476e-01
4.440369196064852808e+00 7.966180383560443889e-01
4.446658670846813877e+00 -2.683826910505926477e-01
4.452948145628775833e+00 5.273923693629061216e-01
4.459237620410736902e+00 -2.933922529955448333e-01
4.465527095192698859e+00 3.196686008722006145e-01
4.471816569974659927e+00 8.729406258607176339e-01
4.478106044756621884e+00 -1.228578384777454513e-01
4.484395519538582953e+00 8.156427588043613230e-01
4.490684994320544909e+00 4.383301063751190996e-01
4.496974469102505978e+00 -1.036251966825396664e-01
4.503263943884467935e+00 2.519723241325677598e-02
4.509553418666429891e+00 3.478623487638550782e-01
4.515842893448390960e+00 9.076622357114917383e-01
4.522132368230352917e+00 -2.912045929846446835e-01
4.528421843012313985e+00 -4.193320014646917393e-02
4.534711317794275942e+00 1.084270441515848393e+00
4.541000792576237011e+00 1.006652837956267366e+00
4.547290267358198967e+00 4.258558598888944058e-01
4.553579742140160036e+00 1.225435984455402472e-01
4.559869216922121993e+00 1.032024607450481746e+00
4.566158691704083061e+00 1.499984558784735578e+00
4.572448166486045018e+00 1.537460518309437418e+00
4.578737641268006087e+00 -1.021643211017365660e-01
4.585027116049968043e+00 1.599418688210237249e+00
4.591316590831930000e+00 1.123755061148247414e+00
4.597606065613891069e+00 1.377909808234216715e+00
4.603895540395853025e+00 6.281934944452743919e-01
4.610185015177814094e+00 1.361870615177075861e+00
4.616474489959776051e+00 -2.616242495692609471e-01
4.622763964741737119e+00 5.296616165660683606e-03
4.629053439523699076e+00 1.123913347976741584e-01
4.635342914305660145e+00 2.688488234896121432e-01
4.641632389087622101e+00 -2.446584048610144224e-01
4.647921863869583170e+00 1.252089169862803164e+00
4.654211338651545127e+00 1.416494423713671402e+00
4.660500813433506195e+00 5.402521632760155512e-01
4.666790288215468152e+00 1.612202601760908127e-01
4.673079762997430109e+00 1.570876546413841446e+00
4.679369237779391177e+00 9.066186176315936818e-01
4.685658712561353134e+00 8.604864125197060343e-01
4.691948187343314203e+00 3.772373136651789860e-01
4.698237662125276159e+00 1.420874809844687503e+00
4.704527136907237228e+00 1.047310919778813743e+00
4.710816611689199185e+00 8.423481725925129338e-01
4.717106086471160253e+00 4.686217755546895902e-01
4.723395561253122210e+00 -2.029042587376851947e-01
4.729685036035083279e+00 1.678596671624029479e+00
4.735974510817045235e+00 5.522725129849507253e-01
4.742263985599006304e+00 1.625567508604148337e+00
4.748553460380968261e+00 1.099944499318872948e+00
4.754842935162930218e+00 2.273478441414392148e-01
4.761132409944891286e+00 6.637736948474579624e-01
4.767421884726853243e+00 4.575918313690459094e-01
4.773711359508814311e+00 -2.181991477706112792e-01
4.780000834290776268e+00 1.021069877815984128e+00
4.786290309072737337e+00 8.285178161261352869e-02
4.792579783854699293e+00 3.791383235198201862e-01
4.798869258636660362e+00 1.417095007279556063e+00
4.805158733418622319e+00 1.461854858970136561e+00
4.811448208200583387e+00 -2.497477069608378120e-01
4.817737682982545344e+00 -1.540086748625693613e-01
4.824027157764506413e+00 -1.538954432792745686e-01
4.830316632546468369e+00 1.463834976849920588e+00
4.836606107328430326e+00 1.579545093332558103e+00
4.842895582110391395e+00 4.249371951010457726e-01
4.849185056892353352e+00 5.011043237936206873e-01
4.855474531674314420e+00 1.540113104351520157e+00
4.861764006456276377e+00 1.389959620445583077e+00
4.868053481238237445e+00 2.207071502347075498e-01
4.874342956020199402e+00 -2.810938090938902567e-01
4.880632430802160471e+00 -5.188180753735560646e-03
4.886921905584122428e+00 5.440293630233959954e-01
4.893211380366083496e+00 -4.268120358594518216e-02
4.899500855148045453e+00 2.533543270496746436e-01
4.905790329930006521e+00 1.340011934406759142e+00
4.912079804711968478e+00 -1.713410730019826467e-01
4.918369279493930435e+00 4.685953751886338114e-01
4.924658754275891503e+00 8.358045790466672731e-01
4.930948229057853460e+00 1.250534658770275476e+00
4.937237703839814529e+00 8.726526643173948550e-02
4.943527178621776486e+00 9.766871163298487257e-01
4.949816653403737554e+00 -1.240548167027877291e-02
4.956106128185699511e+00 7.670157229139560329e-01
4.962395602967660579e+00 -1.596595431691576472e-01
4.968685077749622536e+00 3.474117154970646215e-02
4.974974552531583605e+00 -4.091362790035895092e-01
4.981264027313545562e+00 1.095860899008138878e+00
4.987553502095506630e+00 -2.673895615976683571e-01
4.993842976877468587e+00 -1.673822753040852263e-01
5.000132451659430544e+00 2.828895706874148264e-01
5.006421926441391612e+00 7.160994032978431623e-01
5.012711401223353569e+00 5.073779150200466992e-01
5.019000876005314637e+00 -4.352734847230825821e-01
5.025290350787276594e+00 1.523172490366553333e-02
5.031579825569237663e+00 9.110188631796001246e-02
5.037869300351199620e+00 -4.077404229246746059e-01
5.044158775133160688e+00 7.965120491419234172e-01
5.050448249915122645e+00 -4.667716064154605604e-01
5.056737724697083713e+00 8.336817781367708013e-01
5.063027199479045670e+00 -7.093469373391787514e-01
5.069316674261006739e+00 8.326859660893217718e-01
5.075606149042968696e+00 -6.234005789997403291e-01
5.081895623824930652e+00 6.653187356325820367e-01
5.088185098606891721e+00 -6.488979560102988708e-01
5.094474573388853678e+00 -8.019237177470962541e-01
5.100764048170814746e+00 -2.659850571587878409e-01
5.107053522952776703e+00 5.480520779919222374e-01
5.113342997734737772e+00 2.573113674207050394e-02
5.119632472516699728e+00 -4.176685096475942771e-01
5.125921947298660797e+00 6.834551851051072768e-01
5.132211422080622754e+00 1.131058652399898223e+00
5.138500896862583822e+00 -3.500679368771326683e-01
5.144790371644545779e+00 -7.585763663116573685e-02
5.151079846426506847e+00 4.602586396672725400e-02
5.157369321208468804e+00 7.697646721172481943e-01
5.163658795990430761e+00 -6.929882438912773335e-01
5.169948270772391830e+00 -3.715924199926025073e-01
5.176237745554353786e+00 -4.503939906135766558e-01
5.182527220336314855e+00 1.189365713703731453e+00
5.188816695118276812e+00 1.016438145000604365e+00
5.195106169900237880e+00 -4.237877117896732271e-01
5.201395644682199837e+00 -5.977457234718179802e-01
5.207685119464160906e+00 6.501766695643095284e-01
5.213974594246122862e+00 1.853625542112391500e-02
5.220264069028083931e+00 -4.460861578457138155e-01
5.226553543810045888e+00 -7.110947642150657888e-01
5.232843018592006956e+00 -4.092593528288919202e-01
5.239132493373968913e+00 1.052019680330428031e+00
5.245421968155930870e+00 9.543754781790747543e-01
5.251711442937891938e+00 2.184561339573916072e-01
5.258000917719853895e+00 2.896109304166876175e-01
5.264290392501814964e+00 -1.234212560712566464e-02
5.270579867283776920e+00 1.426353584577757516e-01
5.276869342065737989e+00 -5.434854852298338646e-01
5.283158816847699946e+00 -4.405366775016951175e-01
5.289448291629661014e+00 5.511493125199538046e-01
5.295737766411622971e+00 -1.753925810650573958e-01
5.302027241193584040e+00 -5.207371124829675013e-01
5.308316715975545996e+00 7.084603047362060257e-01
5.314606190757507953e+00 1.504403455746766705e+00
5.320895665539469022e+00 1.335187114851089429e+00
5.327185140321430978e+00 7.993203532654311605e-01
5.333474615103392047e+00 -4.025191120082956542e-01
5.339764089885354004e+00 4.184632629724665542e-01
5.346053564667315072e+00 5.203235397522432137e-01
5.352343039449277029e+00 5.010730427496872252e-01
5.358632514231238098e+00 1.273929377787180961e+00
5.364921989013200054e+00 8.796980648213241771e-01
5.371211463795161123e+00 1.013348758799150318e+00
5.377500938577123080e+00 8.734684306102028506e-01
5.383790413359084148e+00 -1.036615840661234689e-01
5.390079888141046105e+00 1.719262414110810600e+00
5.396369362923008062e+00 -1.167979776330596575e-02
5.402658837704969130e+00 1.117208848469067872e+00
5.408948312486931087e+00 9.169479191790164130e-02
5.415237787268892156e+00 5.236372851663662065e-01
5.421527262050854112e+00 1.604173753694369875e+00
5.427816736832815181e+00 1.355433209410342288e+00
5.434106211614777138e+00 1.250954620358161407e+00
5.440395686396738206e+00 1.152673256345122743e+00
5.446685161178700163e+00 1.311812342538643428e+00
5.452974635960661232e+00 1.705744761971122347e+00
5.459264110742623188e+00 6.007020046925334311e-01
5.465553585524584257e+00 1.009611658326516670e+00
5.471843060306546214e+00 7.948954428109809012e-01
5.478132535088508170e+00 5.167832168496306888e-01
5.484422009870469239e+00 9.192128757072404177e-01
5.490711484652431196e+00 6.144583915896014714e-01
5.497000959434392264e+00 1.662174393140133155e+00
5.503290434216354221e+00 1.395877303069365194e+00
5.509579908998315290e+00 1.347942161156389762e+00
5.515869383780277246e+00 2.037404012329374847e+00
5.522158858562238315e+00 2.085951327445302983e+00
5.528448333344200272e+00 1.146004668822106831e+00
5.534737808126161340e+00 1.075507012922236605e+00
5.541027282908123297e+00 2.357611344158502042e+00
5.547316757690084366e+00 1.490131701405811748e+00
5.553606232472046322e+00 5.689603409936982992e-01
5.559895707254008279e+00 1.938417558412120822e+00
5.566185182035969348e+00 2.432641160409821701e+00
5.572474656817931304e+00 6.471515772502726138e-01
5.578764131599892373e+00 1.301062446125723859e+00
5.585053606381854330e+00 1.953603572678036970e+00
5.591343081163815398e+00 1.939554078063835618e+00
5.597632555945777355e+00 2.203438897403691588e+00
5.603922030727738424e+00 8.893386927222493021e-01
5.610211505509700380e+00 1.713993732371845491e+00
5.616500980291661449e+00 2.122551108783298446e+00
5.622790455073623406e+00 1.125555560607280681e+00
5.629079929855584474e+00 1.696159932168683770e+00
5.635369404637546431e+00 1.186071340456039902e+00
5.641658879419508388e+00 7.198670517929428581e-01
5.647948354201469456e+00 8.915219194925174673e-01
5.654237828983431413e+00 1.460359878920262311e+00
5.660527303765392482e+00 2.315506965687300855e+00
5.666816778547354438e+00 2.229918129115741721e+00
5.673106253329315507e+00 1.819027355475528074e+00
5.679395728111277464e+00 2.551364577352974283e+00
5.685685202893238532e+00 2.504961418520085914e+00
5.691974677675200489e+00 1.008965970593525885e+00
5.698264152457161558e+00 2.158737802738905476e+00
5.704553627239123514e+00 1.172669051826438436e+00
5.710843102021084583e+00 1.637562719497152042e+00
5.717132576803046540e+00 1.894488987435191785e+00
5.723422051585008496e+00 7.642871648091995596e-01
5.729711526366969565e+00 1.460069750605349936e+00
5.736001001148931522e+00 7.821241778294835134e-01
5.742290475930892590e+00 8.746310958091223497e-01
5.748579950712854547e+00 1.891215881280056132e+00
5.754869425494815616e+00 1.736705563696651078e+00
5.761158900276777572e+00 2.004162208572172865e+00
5.767448375058738641e+00 1.604895116892452345e+00
5.773737849840700598e+00 1.548310124379123742e+00
5.780027324622661666e+00 1.681359125107147579e+00
5.786316799404623623e+00 9.014380474867895732e-01
5.792606274186584692e+00 1.240231480643609441e+00
5.798895748968546648e+00 1.251071256398367471e+00
5.805185223750508605e+00 1.183744659973525737e+00
5.811474698532469674e+00 1.769780883478760503e+00
5.817764173314431631e+00 1.340891228145601133e+00
5.824053648096392699e+00 2.295628363144057715e+00
5.830343122878354656e+00 2.003181411543748958e+00
5.836632597660315724e+00 1.282296862189494124e+00
5.842922072442277681e+00 8.377728795979821896e-01
5.849211547224238750e+00 1.837997517724736962e+00
5.855501022006200706e+00 6.316433496831468375e-01
5.861790496788161775e+00 1.564654351463125259e+00
5.868079971570123732e+00 5.982752140743041736e-01
5.874369446352084800e+00 9.153875844734642442e-01
5.880658921134046757e+00 1.559419339712025732e+00
5.886948395916008714e+00 1.621310379836851112e+00
5.893237870697969782e+00 1.838641018664167071e+00
5.899527345479931739e+00 1.767322637283510023e+00
5.905816820261892808e+00 7.249567719563212442e-01
5.912106295043854765e+00 3.798017973202467701e-01
5.918395769825815833e+00 9.304218915290585201e-02
5.924685244607777790e+00 1.830616624024167249e-02
5.930974719389738858e+00 8.144628784346885642e-01
5.937264194171700815e+00 -1.745374150740605090e-01
5.943553668953661884e+00 1.025333970040068099e+00
5.949843143735623840e+00 1.392675371078457180e+00
5.956132618517584909e+00 1.517263145881370789e+00
5.962422093299546866e+00 6.241015853836524574e-01
5.968711568081508823e+00 3.161475797672173016e-01
5.975001042863469891e+00 -4.419980381985422202e-01
5.981290517645431848e+00 -4.388240104040457279e-01
5.987579992427392916e+00 -1.136374989326929263e-01
5.993869467209354873e+00 -3.934292436281654481e-01
6.000158941991315942e+00 8.971012239297082580e-01
6.006448416773277899e+00 -4.815097235318148705e-01
6.012737891555238967e+00 -8.167915628143718187e-01
6.019027366337200924e+00 6.471953517988018323e-01
6.025316841119161992e+00 -8.076242575710985694e-01
6.031606315901123949e+00 -8.342790244089257623e-01
6.037895790683085906e+00 -4.417170164851640379e-01
6.044185265465046974e+00 -9.367373205286373405e-01
6.050474740247008931e+00 -7.199370538003075914e-01
6.056764215028970000e+00 -3.090097007173220334e-01
6.063053689810931957e+00 1.805453227461519816e-01
6.069343164592893025e+00 -3.612887221166876106e-01
6.075632639374854982e+00 1.275197193671007145e-01
6.081922114156816050e+00 -4.203490223663757241e-01
6.088211588938778007e+00 6.951280276426041738e-02
6.094501063720739076e+00 -8.447807653041889964e-01
6.100790538502701033e+00 -8.784677271963352574e-01
6.107080013284662101e+00 -8.253491814982871766e-02
6.113369488066624058e+00 -9.621526510092850426e-01
6.119658962848586015e+00 2.233838568364721056e-01
6.125948437630547083e+00 -8.250056347964269676e-01
6.132237912412509040e+00 -9.565337982161796759e-01
6.138527387194470109e+00 -4.072290706397652116e-01
6.144816861976432065e+00 -2.230041366957238314e-01
6.151106336758393134e+00 -1.256799760747704608e+00
6.157395811540355091e+00 -1.196703083792662881e+00
6.163685286322316159e+00 -9.213429487240312188e-01
6.169974761104278116e+00 -9.813528586206479165e-01
6.176264235886239184e+00 -1.586096334120063345e+00
6.182553710668201141e+00 -1.589834986568252617e+00
6.188843185450162210e+00 -6.401987577200212165e-01
6.195132660232124167e+00 -1.406769087156292342e+00
6.201422135014086123e+00 -1.646560627932585286e+00
6.207711609796047192e+00 -1.930453448978103781e+00
6.214001084578009149e+00 -9.110102897211536099e-01
6.220290559359970217e+00 -1.889911634987407218e+00
6.226580034141932174e+00 -2.367957910683982092e-01
6.232869508923893243e+00 -1.280077033571500600e+00
6.239158983705855199e+00 -7.908681222878755079e-01
6.245448458487816268e+00 -1.044788141663386849e+00
6.251737933269778225e+00 -2.085822348532846870e+00
6.258027408051739293e+00 -2.377299299965487389e-01
6.264316882833701250e+00 -2.039178428913055008e+00
6.270606357615662318e+00 -1.503023254528374153e+00
6.276895832397624275e+00 -5.966139242019776745e-01
6.283185307179586232e+00 -8.500533989004515067e-01
