0.000000000000000000e+00 8.383081803003744614e-01
6.289474781961547356e-03 3.141694078783744959e-01
1.257894956392309471e-02 -2.729932540015216347e-01
1.886842434588464207e-02 7.770189035275768541e-01
2.515789912784618942e-02 6.128673590541161564e-02
3.144737390980773678e-02 3.541939309531622615e-01
3.773684869176928414e-02 3.911619205159559964e-01
4.402632347373083149e-02 5.972133908223904442e-01
5.031579825569237885e-02 1.017145920357661604e+00
5.660527303765392620e-02 6.299392838349199275e-01
6.289474781961547356e-02 7.956293126316449360e-01
6.918422260157702786e-02 4.573180453396243905e-01
7.547369738353856827e-02 3.027855060020048783e-01
8.176317216550010869e-02 3.376501058320564019e-01
8.805264694746166299e-02 7.453718635205957010e-01
9.434212172942321728e-02 5.391723239432533177e-01
1.006315965113847577e-01 2.678347640624902382e-01
1.069210712933462981e-01 4.868918633681417196e-01
1.132105460753078524e-01 1.452823509869001661e+00
1.195000208572694067e-01 3.587728145776848954e-01
1.257894956392309471e-01 4.988233865413968515e-01
1.320789704211924875e-01 3.324706622693541780e-01
1.383684452031540557e-01 1.032378962529464150e+00
1.446579199851155961e-01 1.242904483810252092e-01
1.509473947670771365e-01 3.500580187771732965e-01
1.572368695490386770e-01 1.633103230255199545e+00
1.635263443310002174e-01 4.542234872067353324e-01
1.698158191129617856e-01 8.120882387084221721e-01
1.761052938949233260e-01 1.226462294300281197e+00
1.823947686768848664e-01 1.018502777809749293e+00
1.886842434588464346e-01 -2.793394642398933092e-01
1.949737182408079750e-01 6.444576584669292618e-01
2.012631930227695154e-01 -1.637190023451546295e-01
2.075526678047310558e-01 1.154545950998470794e+00
2.138421425866925962e-01 2.801167968298392541e-01
2.201316173686541644e-01 1.491553925223843002e-02
2.264210921506157048e-01 -1.484848531925723192e-01
2.327105669325772452e-01 -2.510982872280751454e-01
2.390000417145388134e-01 5.679594759383950198e-01
2.452895164965003538e-01 5.350079538490781772e-01
2.515789912784618942e-01 -1.633965126478975627e-02
2.578684660604234624e-01 6.875918991358958010e-01
2.641579408423849751e-01 -2.633540159706194705e-01
2.704474156243465433e-01 1.506965591455412756e+00
2.767368904063081114e-01 1.122979059640534238e+00
2.830263651882696241e-01 1.417607583244729241e+00
2.893158399702311923e-01 9.509448518067895595e-01
2.956053147521927049e-01 7.070873821492612565e-01
3.018947895341542731e-01 8.994749958194157013e-01
3.081842643161158413e-01 -2.276462363113340714e-01
3.144737390980773539e-01 4.137375054767542526e-01
3.207632138800389221e-01 6.316710633243427520e-02
3.270526886620004348e-01 1.531645337537939078e-01
3.333421634439620029e-01 1.113640999296144907e-01
3.396316382259235711e-01 -4.836712180382130022e-02
3.459211130078850838e-01 1.322666315242964297e+00
3.522105877898466519e-01 4.419376322040706739e-01
3.585000625718082201e-01 -2.371847787641004901e-01
3.647895373537697328e-01 1.229869973351768619e+00
3.710790121357313009e-01 -2.632288662545303470e-01
3.773684869176928691e-01 2.098894976815677271e-01
3.836579616996543818e-01 2.875313691951412176e-01
3.899474364816159500e-01 -5.381629710933644173e-01
3.962369112635774626e-01 9.851961590554476622e-01
4.025263860455390308e-01 -4.488935659113945098e-01
4.088158608275005990e-01 1.502151068683843516e-02
4.151053356094621116e-01 -1.465412670547094898e-02
4.213948103914236798e-01 -6.356986150243575384e-01
4.276842851733851925e-01 3.733324924601705286e-01
4.339737599553467606e-01 7.126362119274383122e-01
4.402632347373083288e-01 -4.069168503426661143e-01
4.465527095192698415e-01 8.300014649778317821e-01
4.528421843012314096e-01 -3.229423244533922155e-01
4.591316590831929778e-01 9.221482991043874478e-01
4.654211338651544905e-01 9.833669669750015885e-01
4.717106086471160586e-01 -4.319385828476959288e-01
4.780000834290776268e-01 -5.864286089214891806e-01
4.842895582110391395e-01 -6.787659445053298990e-01
4.905790329930007077e-01 4.464730673669843330e-01
4.968685077749622203e-01 8.926402072222316963e-01
5.031579825569237885e-01 3.505881668272228247e-01
5.094474573388853011e-01 -9.753322044513146327e-01
5.157369321208469248e-01 -9.581203821462258574e-02
5.220264069028084375e-01 1.234696096099632268e-01
5.283158816847699502e-01 7.299706476741820715e-01
5.346053564667315738e-01 -6.513679641764198447e-01
5.408948312486930865e-01 8.546873417043059362e-01
5.471843060306545992e-01 -2.744249676882963840e-01
5.534737808126162228e-01 8.619208282624735151e-01
5.597632555945777355e-01 3.924200019294008523e-01
5.660527303765392482e-01 -1.016218160773297630e+00
5.723422051585007608e-01 1.095528886206720287e-01
5.786316799404623845e-01 -8.546635433348424016e-01
5.849211547224238972e-01 -2.850243291181988603e-01
5.912106295043854098e-01 -9.150753014213488523e-01
5.975001042863470335e-01 4.130176336241049295e-01
6.037895790683085462e-01 4.482463227749553525e-01
6.100790538502700588e-01 -1.012425856773555566e+00
6.163685286322316825e-01 -1.101119815249243628e+00
6.226580034141931952e-01 -4.637267209301825233e-01
6.289474781961547079e-01 -4.738823408539052373e-01
6.352369529781163315e-01 4.583072862507331369e-01
6.415264277600778442e-01 -2.401348711659583302e-01
6.478159025420393569e-01 4.050966015097758888e-01
6.541053773240008695e-01 -4.653411471224528917e-01
6.603948521059624932e-01 -1.046007284608525323e+00
6.666843268879240059e-01 -9.251336319053080626e-01
6.729738016698855185e-01 3.235610836192355233e-01
6.792632764518471422e-01 -1.034591201189973830e+00
6.855527512338086549e-01 -2.120947928708021291e-01
6.918422260157701675e-01 -3.852437420770777887e-01
6.981317007977317912e-01 1.586255334084392121e-01
7.044211755796933039e-01 -1.192326180262365476e+00
7.107106503616548165e-01 6.929805005672966534e-01
7.170001251436164402e-01 -3.554548744544985261e-01
7.232895999255779529e-01 -9.966992344921647984e-01
7.295790747075394655e-01 -8.318869377325350811e-01
7.358685494895010892e-01 -4.205402296954061647e-01
7.421580242714626019e-01 -1.195497504721209303e+00
7.484474990534241146e-01 2.864246683560771611e-01
7.547369738353857382e-01 -8.025928576424730121e-01
7.610264486173472509e-01 9.990229697879793314e-02
7.673159233993087636e-01 2.541249468139783474e-01
7.736053981812702762e-01 2.231636453050604985e-01
7.798948729632318999e-01 7.864375668226273319e-01
7.861843477451934126e-01 -9.374459254643106032e-01
7.924738225271549252e-01 -1.315312235258507823e-01
7.987632973091165489e-01 6.942608098766889224e-01
8.050527720910780616e-01 7.623319680659470521e-01
8.113422468730395742e-01 -4.646936948683166868e-02
8.176317216550011979e-01 7.426647888453712376e-01
8.239211964369627106e-01 9.146625688085407990e-01
8.302106712189242232e-01 5.969939074184849037e-01
8.365001460008858469e-01 -1.769625279474342783e-01
8.427896207828473596e-01 1.079487443069621078e-01
8.490790955648088723e-01 6.133937075787687654e-01
8.553685703467703849e-01 1.108389468525981192e+00
8.616580451287320086e-01 2.113060302320246553e-01
8.679475199106935213e-01 -1.453999737563511641e-01
8.742369946926550339e-01 -5.703663158172220804e-01
8.805264694746166576e-01 1.659114402748986805e-01
8.868159442565781703e-01 -2.708305739381147159e-01
8.931054190385396829e-01 -4.877632317623514790e-01
8.993948938205013066e-01 -5.468010705222928758e-01
9.056843686024628193e-01 1.239403621599504568e+00
9.119738433844243319e-01 -4.010375240852337431e-01
9.182633181663859556e-01 1.876683115396726720e-02
9.245527929483474683e-01 1.094934824172149046e+00
9.308422677303089809e-01 -5.524101512841095296e-02
9.371317425122706046e-01 -2.198060934081454421e-01
9.434212172942321173e-01 6.087105188425456781e-01
9.497106920761936300e-01 -1.591559315285277498e-01
9.560001668581552536e-01 8.565742951740480393e-01
9.622896416401167663e-01 5.616542712490546485e-02
9.685791164220782790e-01 -1.643394550574260038e-01
9.748685912040397916e-01 1.116075761471468031e+00
9.811580659860014153e-01 4.317712391899832802e-01
9.874475407679629280e-01 1.609204696248554445e+00
9.937370155499244406e-01 1.411764830417527206e+00
1.000026490331886064e+00 8.159589922609389312e-01
1.006315965113847577e+00 1.963482088672368508e+00
1.012605439895809090e+00 1.106342227516584398e+00
1.018894914677770602e+00 4.235642270402983911e-01
1.025184389459732115e+00 2.072570302104044249e+00
1.031473864241693850e+00 8.712361356612996488e-01
1.037763339023655362e+00 8.917143451939336662e-01
1.044052813805616875e+00 1.672428112662260435e+00
1.050342288587578388e+00 1.198477650146013929e+00
1.056631763369539900e+00 1.862045196099507027e+00
1.062921238151501413e+00 9.399394850724342998e-01
1.069210712933463148e+00 1.664992984000804865e+00
1.075500187715424660e+00 1.840443625005519612e+00
1.081789662497386173e+00 1.827915593498026237e+00
1.088079137279347686e+00 1.936145931451942692e+00
1.094368612061309198e+00 1.004177201609198988e+00
1.100658086843270711e+00 1.599314289891247576e+00
1.106947561625232446e+00 9.564508115568077784e-01
1.113237036407193958e+00 1.663569371205257275e+00
1.119526511189155471e+00 1.030561511652301920e+00
1.125815985971116984e+00 1.396846013507952566e+00
1.132105460753078496e+00 1.157229271981772056e+00
1.138394935535040009e+00 1.530467393418228905e+00
1.144684410317001522e+00 9.513417253616069935e-01
1.150973885098963256e+00 1.150142884738813764e+00
1.157263359880924769e+00 2.129062787176146720e+00
1.163552834662886282e+00 2.828946279313538259e+00
1.169842309444847794e+00 2.019605741574050484e+00
1.176131784226809307e+00 1.388317810744528646e+00
1.182421259008770820e+00 2.392499496832963590e+00
1.188710733790732554e+00 2.539597570739233312e+00
1.195000208572694067e+00 1.120228785081468503e+00
1.201289683354655580e+00 3.003012855116876878e+00
1.207579158136617092e+00 1.849237365505133512e+00
1.213868632918578605e+00 2.242650728979646679e+00
1.220158107700540118e+00 2.410016631601022752e+00
1.226447582482501630e+00 1.906363626093167785e+00
1.232737057264463365e+00 1.653535953766682498e+00
1.239026532046424878e+00 1.555914998899045720e+00
1.245316006828386390e+00 1.929313441692117159e+00
1.251605481610347903e+00 2.469363543845402020e+00
1.257894956392309416e+00 2.426699145127644286e+00
1.264184431174270928e+00 1.215446058172853450e+00
1.270473905956232663e+00 1.555902100606840310e+00
1.276763380738194176e+00 3.136776865148395821e+00
1.283052855520155688e+00 2.290256101308012049e+00
1.289342330302117201e+00 2.293018167273674024e+00
1.295631805084078714e+00 2.639696990475457028e+00
1.301921279866040226e+00 2.678132178517383721e+00
1.308210754648001739e+00 3.029190209950977763e+00
1.314500229429963474e+00 1.337959129216655274e+00
1.320789704211924986e+00 1.756995231191725848e+00
1.327079178993886499e+00 1.365554020546522418e+00
1.333368653775848012e+00 2.717901043672058314e+00
1.339658128557809524e+00 3.082131137211445271e+00
1.345947603339771037e+00 1.291237289717430681e+00
1.352237078121732772e+00 2.565870270308181489e+00
1.358526552903694284e+00 2.503160676887620895e+00
1.364816027685655797e+00 1.831239450232740040e+00
1.371105502467617310e+00 2.163656614103840692e+00
1.377394977249578822e+00 2.266150387889776852e+00
1.383684452031540335e+00 1.839853336984045074e+00
1.389973926813502070e+00 2.346193438607782511e+00
1.396263401595463582e+00 2.159297834488841161e+00
1.402552876377425095e+00 1.886714152445428283e+00
1.408842351159386608e+00 2.167102647966865803e+00
1.415131825941348120e+00 1.245375565678316976e+00
1.421421300723309633e+00 2.501034337157764575e+00
1.427710775505271146e+00 1.669848123056671962e+00
1.434000250287232880e+00 2.122282567937887165e+00
1.440289725069194393e+00 1.375320888894177696e+00
1.446579199851155906e+00 9.648165478428172293e-01
1.452868674633117418e+00 7.361456469507956513e-01
1.459158149415078931e+00 6.903044982017192410e-01
1.465447624197040444e+00 1.432989518896188308e+00
1.471737098979002178e+00 1.998747928054131151e+00
1.478026573760963691e+00 5.548986998749224631e-01
1.484316048542925204e+00 1.822344050024061080e+00
1.490605523324886716e+00 1.583324623441032974e+00
1.496894998106848229e+00 1.856753295606771825e+00
1.503184472888809742e+00 1.271990510601098245e+00
1.509473947670771476e+00 8.761522359959168504e-01
1.515763422452732989e+00 7.606414387574308433e-01
1.522052897234694502e+00 2.270547481712656412e-01
1.528342372016656014e+00 1.085488505070228538e+00
1.534631846798617527e+00 7.342578893330412582e-01
1.540921321580579040e+00 1.677123509437355997e+00
1.547210796362540552e+00 1.399813663295947475e+00
1.553500271144502287e+00 6.896097059073402757e-03
1.559789745926463800e+00 1.586808844545569697e+00
1.566079220708425312e+00 3.957291232950825854e-01
1.572368695490386825e+00 1.391487124656482832e+00
1.578658170272348338e+00 -4.550653914093649721e-02
1.584947645054309850e+00 8.139268692807710703e-02
1.591237119836271585e+00 1.264841279092320914e+00
1.597526594618233098e+00 5.877754221162772019e-01
1.603816069400194610e+00 -8.855034295132946376e-02
1.610105544182156123e+00 1.320392953606572828e+00
1.616395018964117636e+00 1.320490368373375967e+00
1.622684493746079148e+00 -4.067975775713750242e-01
1.628973968528040661e+00 -7.037477438533467078e-01
1.635263443310002396e+00 1.663336731294529081e-01
1.641552918091963909e+00 -6.831756936909881839e-01
1.647842392873925421e+00 -4.280410757009651679e-01
1.654131867655886934e+00 -9.168871681710792920e-01
1.660421342437848446e+00 -3.213945053014533038e-02
1.666710817219809959e+00 -4.959967251508161645e-01
1.673000292001771694e+00 6.171198145900540499e-01
1.679289766783733207e+00 -1.141902190464243461e+00
1.685579241565694719e+00 -7.680397881573646224e-01
1.691868716347656232e+00 -6.928396833322181259e-01
1.698158191129617745e+00 -1.349633433991017650e-01
1.704447665911579257e+00 -1.098990650003155878e+00
1.710737140693540770e+00 3.778854486399245705e-01
1.717026615475502505e+00 -4.214548517994811672e-01
1.723316090257464017e+00 -4.589060495190517841e-01
1.729605565039425530e+00 -1.021439795691609920e-01
1.735895039821387043e+00 3.810984287034324680e-02
1.742184514603348555e+00 -1.107399193346858546e-02
1.748473989385310068e+00 -1.602797856484622141e+00
1.754763464167271803e+00 3.078488397514824726e-01
1.761052938949233315e+00 -1.325211589312157212e+00
1.767342413731194828e+00 -2.309259747513807692e-01
1.773631888513156341e+00 -1.413401668703456071e+00
1.779921363295117853e+00 -1.748823987968638916e+00
1.786210838077079366e+00 -1.407147044151499271e+00
1.792500312859041101e+00 -3.315550422018986865e-02
1.798789787641002613e+00 -4.408641169617413258e-01
1.805079262422964126e+00 -1.485446767395850687e+00
1.811368737204925639e+00 -1.038037703534052669e+00
1.817658211986887151e+00 -2.412992811049414765e-01
1.823947686768848664e+00 -1.488881009625883545e+00
1.830237161550810177e+00 -4.620458969722935905e-01
1.836526636332771911e+00 -1.516491638040580847e+00
1.842816111114733424e+00 -1.513425854024688322e+00
1.849105585896694937e+00 -1.779960700447524857e-01
1.855395060678656449e+00 -1.620639172347707824e+00
1.861684535460617962e+00 -3.324789272220523006e-01
1.867974010242579475e+00 -1.474454881768043846e+00
1.874263485024541209e+00 -1.660065426645488618e+00
1.880552959806502722e+00 -2.847127746847828433e-01
1.886842434588464235e+00 -9.051808432500934032e-01
1.893131909370425747e+00 -2.040887627997236109e+00
1.899421384152387260e+00 -6.736573624791968307e-01
1.905710858934348773e+00 -1.649526032468637160e+00
1.912000333716310507e+00 -9.891616101530626981e-01
1.918289808498272020e+00 -1.094462002403582268e-01
1.924579283280233533e+00 -1.459920979043028977e+00
1.930868758062195045e+00 -1.030828788556440889e+00
1.937158232844156558e+00 -7.771692441484181479e-01
1.943447707626118071e+00 -1.968643888936501440e+00
1.949737182408079583e+00 -1.644705754121011720e+00
1.956026657190041318e+00 -9.016936936202724073e-01
1.962316131972002831e+00 -1.022602106772882768e+00
1.968605606753964343e+00 -1.319345288863736476e+00
1.974895081535925856e+00 -1.741209573901054686e+00
1.981184556317887369e+00 -1.757489935492662969e+00
1.987474031099848881e+00 -6.831679584185210707e-01
1.993763505881810616e+00 1.579537155385355440e-01
2.000052980663772129e+00 -1.168190142524377251e+00
2.006342455445733641e+00 -1.100510892597856616e+00
2.012631930227695154e+00 -3.013461419833725063e-01
2.018921405009656667e+00 -6.863944026978234803e-01
2.025210879791618179e+00 -8.961615258511252957e-01
2.031500354573579692e+00 3.101828543951536954e-01
2.037789829355541205e+00 3.838983626851930619e-01
2.044079304137502717e+00 -4.629958195896228812e-01
2.050368778919464230e+00 -4.476155581372487369e-02
2.056658253701426187e+00 5.102963117215906230e-01
2.062947728483387699e+00 -3.930410582040986256e-01
2.069237203265349212e+00 -1.736616762460752028e-01
2.075526678047310725e+00 2.795330300992313610e-01
2.081816152829272237e+00 5.774883684390557104e-01
2.088105627611233750e+00 -3.260243702080005690e-01
2.094395102393195263e+00 -4.983256801130584446e-01
2.100684577175156775e+00 4.911955634536728788e-01
2.106974051957118288e+00 -4.688261537374370791e-01
2.113263526739079801e+00 -1.718846124345388970e-01
2.119553001521041313e+00 -5.959905220296681794e-01
2.125842476303002826e+00 8.317435732743317933e-01
2.132131951084964339e+00 -5.492995660389616841e-01
2.138421425866926295e+00 -4.885619461901768990e-01
2.144710900648887808e+00 9.791899850236445157e-01
2.151000375430849321e+00 1.370485215268379742e+00
2.157289850212810833e+00 5.706996657601943745e-01
2.163579324994772346e+00 3.714824602373231754e-01
2.169868799776733859e+00 1.092853081461483411e+00
2.176158274558695371e+00 9.897053794112038450e-01
2.182447749340656884e+00 1.691270722153900952e+00
2.188737224122618397e+00 5.476277774881135318e-01
2.195026698904579909e+00 1.053333142843018821e+00
2.201316173686541422e+00 1.106548266239674838e+00
2.207605648468502935e+00 5.050106521376585000e-02
2.213895123250464891e+00 1.886591807520743957e+00
2.220184598032426404e+00 5.592970584993609551e-01
2.226474072814387917e+00 9.481756182503715547e-01
2.232763547596349429e+00 6.317281421098545069e-01
2.239053022378310942e+00 1.918598244120030216e+00
2.245342497160272455e+00 1.721584409375600533e+00
2.251631971942233967e+00 1.011227305422502276e+00
2.257921446724195480e+00 1.971677540169242127e+00
2.264210921506156993e+00 1.312700253078984414e+00
2.270500396288118505e+00 9.688413543680658435e-01
2.276789871070080018e+00 7.190123613745548203e-01
2.283079345852041531e+00 8.290843893868535819e-01
2.289368820634003043e+00 2.317443276025769272e+00
2.295658295415965000e+00 1.484521611114374640e+00
2.301947770197926513e+00 2.479790714925603101e+00
2.308237244979888025e+00 1.540768825599564185e+00
2.314526719761849538e+00 2.480444940055264613e+00
2.320816194543811051e+00 2.438228783360045782e+00
2.327105669325772563e+00 2.730675449769369489e+00
2.333395144107734076e+00 2.360600699856648887e+00
2.339684618889695589e+00 1.503590321087485027e+00
2.345974093671657101e+00 2.105194591025787876e+00
2.352263568453618614e+00 2.196844937056005698e+00
2.358553043235580127e+00 2.634018687856090057e+00
2.364842518017541639e+00 1.555486908565313131e+00
2.371131992799503152e+00 1.716791333720814716e+00
2.377421467581465109e+00 2.073774235913121711e+00
2.383710942363426621e+00 2.635953978443564161e+00
2.390000417145388134e+00 2.298817552260556951e+00
2.396289891927349647e+00 3.433853956875937641e+00
2.402579366709311159e+00 2.602066326089793158e+00
2.408868841491272672e+00 3.244913947209581817e+00
2.415158316273234185e+00 2.174223028070970010e+00
2.421447791055195697e+00 3.708211165497386830e+00
2.427737265837157210e+00 3.000436329154000603e+00
2.434026740619118723e+00 2.734954084738745017e+00
2.440316215401080235e+00 3.096892220777064608e+00
2.446605690183041748e+00 2.773558991792005823e+00
2.452895164965003261e+00 2.678373108138618619e+00
2.459184639746965217e+00 2.827172239631493333e+00
2.465474114528926730e+00 3.725412776947278459e+00
2.471763589310888243e+00 2.600589876629104680e+00
2.478053064092849755e+00 3.468646155012097498e+00
2.484342538874811268e+00 3.860599487091255000e+00
2.490632013656772781e+00 2.224104941354093867e+00
2.496921488438734293e+00 3.784637211726025185e+00
2.503210963220695806e+00 3.695828323572271756e+00
2.509500438002657319e+00 2.478524007676727869e+00
2.515789912784618831e+00 3.782406435251921550e+00
2.522079387566580344e+00 3.794619435403562058e+00
2.528368862348541857e+00 2.330728264296763719e+00
2.534658337130503369e+00 3.708587898741678490e+00
2.540947811912465326e+00 3.221185482870152050e+00
2.547237286694426839e+00 1.925300026680234478e+00
2.553526761476388351e+00 3.320650252915189782e+00
2.559816236258349864e+00 2.540581345428191362e+00
2.566105711040311377e+00 2.074965378192381138e+00
2.572395185822272889e+00 2.560687331687659718e+00
2.578684660604234402e+00 3.832380575051078431e+00
2.584974135386195915e+00 2.738161445131459537e+00
2.591263610168157427e+00 2.483231459811174435e+00
2.597553084950118940e+00 3.638843989096586462e+00
2.603842559732080453e+00 2.013938164963487321e+00
2.610132034514041965e+00 2.796779522701403842e+00
2.616421509296003478e+00 1.972297844946507395e+00
2.622710984077965435e+00 3.023836012349887525e+00
2.629000458859926947e+00 2.522503261524506435e+00
2.635289933641888460e+00 3.032782373132385523e+00
2.641579408423849973e+00 2.837911799502592203e+00
2.647868883205811485e+00 1.919458347312382074e+00
2.654158357987772998e+00 2.537578549488230806e+00
2.660447832769734511e+00 2.094662172749377049e+00
2.666737307551696023e+00 1.415381261089106557e+00
2.673026782333657536e+00 2.761069952363226943e+00
2.679316257115619049e+00 2.812261145714127331e+00
2.685605731897580561e+00 1.351651006414451572e+00
2.691895206679542074e+00 2.116907740621667422e+00
2.698184681461504031e+00 2.878408595774073930e+00
2.704474156243465544e+00 2.485183578685274064e+00
2.710763631025427056e+00 2.485493315797286051e+00
2.717053105807388569e+00 1.775098982051971142e+00
2.723342580589350082e+00 2.810830249956240312e+00
2.729632055371311594e+00 1.899067266624387074e+00
2.735921530153273107e+00 1.802672967199505427e+00
2.742211004935234619e+00 2.622722159919474549e+00
2.748500479717196132e+00 1.178961162355528280e+00
2.754789954499157645e+00 2.119295175720161239e+00
2.761079429281119157e+00 7.351787848648844159e-01
2.767368904063080670e+00 2.235340893509200733e+00
2.773658378845042183e+00 8.513330794010076641e-01
2.779947853627004140e+00 2.414172669488310330e+00
2.786237328408965652e+00 1.903891893749226405e+00
2.792526803190927165e+00 1.516848178075627107e+00
2.798816277972888678e+00 1.507050180203247658e+00
2.805105752754850190e+00 1.861779221621098657e+00
2.811395227536811703e+00 1.771435188670908101e+00
2.817684702318773216e+00 1.854664299968395158e-01
2.823974177100734728e+00 5.373394337658812248e-01
2.830263651882696241e+00 7.036541210744924335e-01
2.836553126664657754e+00 1.249728894573828852e-02
2.842842601446619266e+00 1.841136135464163770e+00
2.849132076228580779e+00 1.646310951009525958e+00
2.855421551010542291e+00 3.656221426136612718e-01
2.861711025792504248e+00 1.175594502229646565e+00
2.868000500574465761e+00 1.673038839356761343e-01
2.874289975356427274e+00 5.452541144595237643e-01
2.880579450138388786e+00 7.194886059098751785e-01
2.886868924920350299e+00 1.059742264343768614e+00
2.893158399702311812e+00 -1.547058153749371057e-01
2.899447874484273324e+00 9.181564836134281649e-02
2.905737349266234837e+00 -5.104702522539806830e-01
2.912026824048196350e+00 -5.355475131639386710e-01
2.918316298830157862e+00 -3.664300842421368554e-01
2.924605773612119375e+00 -2.736378027576313876e-03
2.930895248394080888e+00 5.830117241755969903e-01
2.937184723176042400e+00 2.433573074605843711e-01
2.943474197958004357e+00 1.009112886385279406e-01
2.949763672739965870e+00 -5.843611554700185451e-01
2.956053147521927382e+00 -1.642035196063584834e-02
2.962342622303888895e+00 2.727986614628188367e-01
2.968632097085850408e+00 2.923913122113337426e-01
2.974921571867811920e+00 -7.958267835869445861e-01
2.981211046649773433e+00 1.663211978874450381e-01
2.987500521431734946e+00 2.547586210824748232e-01
2.993789996213696458e+00 -8.781777262064727196e-01
3.000079470995657971e+00 -1.100317851762507404e+00
3.006368945777619484e+00 4.272204326983928269e-01
3.012658420559580996e+00 4.310025848073282262e-01
3.018947895341542953e+00 5.137833071990240974e-01
3.025237370123504466e+00 -1.310795211119582193e+00
3.031526844905465978e+00 -4.679419403317470749e-01
3.037816319687427491e+00 -1.484545526089610545e+00
3.044105794469389004e+00 -9.003087580983175631e-01
3.050395269251350516e+00 -1.095882276425068635e+00
3.056684744033312029e+00 -2.884305966851450354e-01
3.062974218815273542e+00 -1.332334024561437236e+00
3.069263693597235054e+00 -3.113849846061267357e-01
3.075553168379196567e+00 1.471171628667766740e-02
3.081842643161158080e+00 2.000772789889702086e-01
3.088132117943119592e+00 -1.087773173193441023e+00
3.094421592725081105e+00 -1.125842434036322226e+00
3.100711067507043062e+00 -1.585108181110389758e+00
3.107000542289004574e+00 -4.949443397950115120e-01
3.113290017070966087e+00 -1.599336975401910887e+00
3.119579491852927600e+00 -7.429209818028663648e-01
3.125868966634889112e+00 -1.259299388670674480e+00
3.132158441416850625e+00 -5.128939931346081504e-01
3.138447916198812138e+00 -1.628926602701753934e+00
3.144737390980773650e+00 -6.585481355113600443e-01
3.151026865762735163e+00 -9.180066976067926543e-01
3.157316340544696676e+00 1.659779679243744699e-01
3.163605815326658188e+00 -5.763179669268361227e-01
3.169895290108619701e+00 -1.524355441215730300e+00
3.176184764890581214e+00 9.617693221534029391e-02
3.182474239672543170e+00 -7.936036727656690104e-01
3.188763714454504683e+00 -9.969588391328318977e-01
3.195053189236466196e+00 -1.501967270785605546e+00
3.201342664018427708e+00 -1.267575777973722451e+00
3.207632138800389221e+00 -7.438198520836891703e-02
3.213921613582350734e+00 -9.694456768205172992e-02
3.220211088364312246e+00 -1.516453408361244870e+00
3.226500563146273759e+00 4.523738112479362972e-01
3.232790037928235272e+00 1.866853473970249144e-01
3.239079512710196784e+00 -3.553921814227167797e-01
3.245368987492158297e+00 4.073955933672650520e-01
3.251658462274119810e+00 3.186469839963785855e-01
3.257947937056081322e+00 1.392500776704497234e-01
3.264237411838043279e+00 -1.224813708864210371e+00
3.270526886620004792e+00 -1.252200716272750869e+00
3.276816361401966304e+00 6.449917574835293266e-01
3.283105836183927817e+00 -1.669262329964007474e-01
3.289395310965889330e+00 -1.485865303056808084e-01
3.295684785747850842e+00 3.380607821796837165e-01
3.301974260529812355e+00 2.266550067969375082e-01
3.308263735311773868e+00 -3.188158990535168158e-01
3.314553210093735380e+00 -4.727650315065670128e-01
3.320842684875696893e+00 1.862590827158985274e-01
3.327132159657658406e+00 8.558172836449343679e-01
3.333421634439619918e+00 2.644846019499711431e-01
3.339711109221581431e+00 6.702215889087023148e-01
3.346000584003543388e+00 -6.280683863757285934e-02
3.352290058785504900e+00 4.464575186279242658e-01
3.358579533567466413e+00 8.070695610999114589e-01
3.364869008349427926e+00 -6.736120671827250384e-01
3.371158483131389438e+00 1.208883140930256506e+00
3.377447957913350951e+00 -5.436775148240036160e-01
3.383737432695312464e+00 1.411948997707940023e+00
3.390026907477273976e+00 2.438244705817429470e-01
3.396316382259235489e+00 -3.900751330651486826e-01
3.402605857041197002e+00 6.275851539358880959e-01
3.408895331823158514e+00 6.142001434140268445e-01
3.415184806605120027e+00 -2.315530845051673170e-01
3.421474281387081540e+00 1.149828008147321334e+00
3.427763756169043496e+00 5.615371843086962578e-01
3.434053230951005009e+00 1.043018916554038888e+00
3.440342705732966522e+00 1.830215722499349384e+00
3.446632180514928034e+00 1.151046890629149611e-01
3.452921655296889547e+00 2.008655088506497155e-01
3.459211130078851060e+00 9.024400040519744426e-01
3.465500604860812572e+00 1.248849693455778703e-01
3.471790079642774085e+00 2.082840201624833742e+00
3.478079554424735598e+00 1.091249713791007325e+00
3.484369029206697110e+00 1.581745342296769552e+00
3.490658503988658623e+00 1.565585342692966897e+00
3.496947978770620136e+00 1.658206392177595134e+00
3.503237453552582092e+00 2.201800839868258919e+00
3.509526928334543605e+00 3.743497730519099176e-01
3.515816403116505118e+00 1.262375235236195881e+00
3.522105877898466630e+00 1.337697170700514082e+00
3.528395352680428143e+00 9.584937817848584451e-01
3.534684827462389656e+00 2.109926800642917044e+00
3.540974302244351168e+00 1.032959875207454470e+00
3.547263777026312681e+00 2.499069325886022597e+00
3.553553251808274194e+00 1.164002924639103487e+00
3.559842726590235706e+00 1.368781930148119441e+00
3.566132201372197219e+00 2.543287621413894417e+00
3.572421676154158732e+00 2.267856832828501368e+00
3.578711150936120244e+00 1.898409330641328552e+00
3.585000625718082201e+00 2.470645867434138943e+00
3.591290100500043714e+00 1.995329306064940855e+00
3.597579575282005226e+00 2.575969512389733485e+00
3.603869050063966739e+00 2.170272162702817198e+00
3.610158524845928252e+00 1.018186173144076445e+00
3.616447999627889764e+00 1.949040790262211997e+00
3.622737474409851277e+00 1.854751648598607527e+00
3.629026949191812790e+00 2.495344078834492496e+00
3.635316423973774302e+00 1.146109291309133305e+00
3.641605898755735815e+00 2.742628545571428322e+00
3.647895373537697328e+00 2.670844741744461182e+00
3.654184848319658840e+00 3.001436817806862667e+00
3.660474323101620353e+00 2.581827162846848545e+00
3.666763797883582310e+00 2.958804196001643128e+00
3.673053272665543822e+00 2.358257097563264626e+00
3.679342747447505335e+00 2.879462448430450294e+00
3.685632222229466848e+00 1.163852844545399723e+00
3.691921697011428360e+00 1.290889716863140579e+00
3.698211171793389873e+00 2.627497194020162574e+00
3.704500646575351386e+00 2.338247302380716874e+00
3.710790121357312898e+00 2.069219063152199389e+00
3.717079596139274411e+00 2.306332849684849418e+00
3.723369070921235924e+00 2.636096229122781409e+00
3.729658545703197436e+00 2.630336183635438640e+00
3.735948020485158949e+00 1.540296606395188395e+00
3.742237495267120462e+00 1.308063701602259155e+00
3.748526970049082419e+00 2.119750133472044773e+00
3.754816444831043931e+00 1.254495913312956068e+00
3.761105919613005444e+00 3.133569725466221811e+00
3.767395394394966956e+00 1.817456714200242240e+00
3.773684869176928469e+00 3.085813102210932524e+00
3.779974343958889982e+00 1.995638934898438688e+00
3.786263818740851494e+00 2.436838225746809972e+00
3.792553293522813007e+00 1.906296186593249065e+00
3.798842768304774520e+00 2.035879030229247544e+00
3.805132243086736032e+00 1.690021811692921316e+00
3.811421717868697545e+00 1.357886143347556418e+00
3.817711192650659058e+00 2.846942388958944470e+00
3.824000667432621015e+00 1.412336918836611055e+00
3.830290142214582527e+00 1.008352326831063683e+00
3.836579616996544040e+00 2.189366039326511526e+00
3.842869091778505553e+00 2.499664660131852401e+00
3.849158566560467065e+00 9.540643219947918530e-01
3.855448041342428578e+00 1.597582651307805079e+00
3.861737516124390091e+00 2.760782666146925468e+00
3.868026990906351603e+00 1.543336665253391748e+00
3.874316465688313116e+00 1.971210097348134127e+00
3.880605940470274628e+00 1.814026856510588370e+00
3.886895415252236141e+00 2.354397276372628856e+00
3.893184890034197654e+00 1.469072680276492182e+00
3.899474364816159166e+00 8.535167931128605501e-01
3.905763839598121123e+00 1.023704592191197804e+00
3.912053314380082636e+00 7.225766091820297055e-01
3.918342789162044149e+00 1.078889522448451377e+00
3.924632263944005661e+00 7.334761843785572166e-01
3.930921738725967174e+00 2.557185909673040936e+00
3.937211213507928687e+00 1.939388698388388566e+00
3.943500688289890199e+00 1.241212692797727168e+00
3.949790163071851712e+00 2.032943513870234753e+00
3.956079637853813225e+00 1.350699802890465762e+00
3.962369112635774737e+00 7.907575213821644855e-01
3.968658587417736250e+00 1.484991908686884354e+00
3.974948062199697763e+00 1.264193954314018598e+00
3.981237536981659275e+00 1.257835516708652124e+00
3.987527011763621232e+00 2.305534338591432864e+00
3.993816486545582745e+00 4.435485333646313477e-01
4.000105961327544257e+00 1.473054642821759241e+00
4.006395436109505326e+00 1.308693576781328805e+00
4.012684910891467283e+00 7.991291031081516616e-01
4.018974385673428351e+00 1.077968398460541710e+00
4.025263860455390308e+00 1.735197259009814141e+00
4.031553335237352265e+00 8.312716673955986568e-01
4.037842810019313333e+00 1.334487373549856359e+00
4.044132284801275290e+00 8.502659036692432615e-01
4.050421759583236359e+00 1.964585301065608469e+00
4.056711234365198315e+00 1.844878809513291529e+00
4.063000709147159384e+00 1.478578213444228462e+00
4.069290183929121341e+00 9.592146673279867697e-01
4.075579658711082409e+00 8.399113669244028246e-01
4.081869133493044366e+00 5.783782430891504234e-03
4.088158608275005435e+00 1.400539124282013770e+00
4.094448083056967391e+00 4.803145004898234927e-01
4.100737557838928460e+00 1.757739141573229968e+00
4.107027032620890417e+00 3.175013557050502810e-01
4.113316507402852373e+00 1.453319078727712821e+00
4.119605982184813442e+00 6.012045448122983471e-01
4.125895456966775399e+00 9.114606381550394154e-02
4.132184931748736467e+00 9.635070544681403337e-01
4.138474406530698424e+00 1.558923771055732432e+00
4.144763881312659493e+00 1.306770995120998702e+00
4.151053356094621449e+00 5.380011276125776787e-01
4.157342830876582518e+00 1.400199679399406705e+00
4.163632305658544475e+00 -3.636478449018336612e-01
4.169921780440505543e+00 9.454399321274569168e-01
4.176211255222467500e+00 2.904831809758538497e-01
4.182500730004428569e+00 6.799020549813594716e-02
4.188790204786390525e+00 -1.356443396595670148e-01
4.195079679568352482e+00 1.407304575940387048e+00
4.201369154350313551e+00 1.170023071099217216e+00
4.207658629132275507e+00 1.359998593190810290e+00
4.213948103914236576e+00 3.948026002038320659e-01
4.220237578696198533e+00 1.387446952871655315e+00
4.226527053478159601e+00 -1.488295359840539067e-01
4.232816528260121558e+00 8.259271901035013519e-01
4.239106003042082627e+00 -1.764987382691640683e-01
4.245395477824044583e+00 3.555991802213169795e-01
4.251684952606005652e+00 -2.437871592956313282e-01
4.257974427387967609e+00 4.257245659053516817e-01
4.264263902169928677e+00 5.080790618779003065e-01
4.270553376951890634e+00 -1.345949428977109008e-01
4.276842851733852591e+00 5.954785418625424542e-01
4.283132326515813659e+00 1.345905228623109906e+00
4.289421801297775616e+00 9.062734608975600015e-01
4.295711276079736685e+00 -4.643568896366387921e-01
4.302000750861698641e+00 -1.415640989734932020e-01
4.308290225643659710e+00 2.094267153926221425e-01
4.314579700425621667e+00 1.135727693480352851e+00
4.320869175207582735e+00 -2.431531489230626120e-01
4.327158649989544692e+00 9.913869476419326920e-01
4.333448124771505761e+00 -3.433541377902893377e-01
4.339737599553467717e+00 -2.242120111159987550e-01
4.346027074335428786e+00 2.333617822134465003e-01
4.352316549117390743e+00 -2.368630652338645781e-01
4.358606023899352699e+00 3.442773760925593729e-01
4.364895498681313768e+00 7.682876752276496246e-01
4.371184973463275725e+00 1.009203076472769522e+00
4.377474448245236793e+00 1.213819597837425768e+00
4.383763923027198750e+00 1.316093694550611204e+00
4.390053397809159819e+00 4.036341736859051510e-01
4.396342872591121775e+00 1.408758214729329383e+00
4.402632347373082844e+00 9.151582759957539448e-01
4.408921822155044801e+00 1.097932059131470517e+00
4.415211296937005869e+00 -2.942528674119151422e-01
4.421500771718967826e+00 1.245378921513005110e+00
4.427790246500929783e+00 1.261950541372374168e-01
4.434079721282890851e+00 1.628903691044555346e-01
4.440369196064852808e+00 4.467685077439331742e-01
4.446658670846813877e+00 5.658771877907793346e-01
4.452948145628775833e+00 -3.141920634712747074e-02
4.459237620410736902e+00 6.025281790940151261e-02
4.465527095192698859e+00 1.188546820942384397e+00
4.471816569974659927e+00 -4.473049265468073132e-01
4.478106044756621884e+00 4.160431032950961949e-01
4.484395519538582953e+00 1.130081580906756589e-01
4.490684994320544909e+00 -3.799620584515598920e-01
4.496974469102505978e+00 4.737918290692815226e-01
4.503263943884467935e+00 -2.170629443565530448e-01
4.509553418666429891e+00 1.145859863790524624e+00
4.515842893448390960e+00 1.376156835858545424e+00
4.522132368230352917e+00 -1.250568575839133834e-02
4.528421843012313985e+00 2.262391473514022699e-01
4.534711317794275942e+00 -1.621951640781550408e-01
4.541000792576237011e+00 -7.930821210104344043e-02
4.547290267358198967e+00 -2.261021165487515638e-01
4.553579742140160036e+00 1.593376516156314482e+00
4.559869216922121993e+00 1.240318390632611845e+00
4.566158691704083061e+00 1.065994998855296139e+00
4.572448166486045018e+00 3.220195931621272489e-01
4.578737641268006087e+00 -2.596072057159547475e-01
4.585027116049968043e+00 1.438288064205943684e+00
4.591316590831930000e+00 7.020100832892588461e-01
4.597606065613891069e+00 6.876544027678005433e-01
4.603895540395853025e+00 7.351318656180535482e-01
4.610185015177814094e+00 1.567516483322718202e+00
4.616474489959776051e+00 5.072234054996194175e-01
4.622763964741737119e+00 -2.472206902296019138e-01
4.629053439523699076e+00 5.624147616021062390e-01
4.635342914305660145e+00 1.254541818377932216e+00
4.641632389087622101e+00 5.502640264434316419e-01
4.647921863869583170e+00 6.350759777365119207e-01
4.654211338651545127e+00 5.686802717209227254e-01
4.660500813433506195e+00 -5.357463034007242664e-02
4.666790288215468152e+00 1.086910325017583334e+00
4.673079762997430109e+00 -3.811481052337140074e-02
4.679369237779391177e+00 1.578420226116285630e+00
4.685658712561353134e+00 3.762964521448102784e-01
4.691948187343314203e+00 9.329186014247354830e-01
4.698237662125276159e+00 1.611991818776081109e+00
4.704527136907237228e+00 8.299903209941401627e-01
4.710816611689199185e+00 1.274501607369643852e-01
4.717106086471160253e+00 1.173700945300502285e+00
4.723395561253122210e+00 8.183140457920015098e-01
4.729685036035083279e+00 5.132730804646885581e-01
4.735974510817045235e+00 -1.867490955809719688e-01
4.742263985599006304e+00 6.254811337719778930e-01
4.748553460380968261e+00 1.458886409170910836e+00
4.754842935162930218e+00 5.928755791100359662e-03
4.761132409944891286e+00 -3.648488756162682201e-02
4.767421884726853243e+00 9.252454634360300911e-01
4.773711359508814311e+00 9.665165664096342368e-01
4.780000834290776268e+00 5.176912965460382932e-01
4.786290309072737337e+00 9.037160625287707916e-01
4.792579783854699293e+00 -2.058720503169707006e-01
4.798869258636660362e+00 -2.708819367315477566e-01
4.805158733418622319e+00 6.352289194936764360e-01
4.811448208200583387e+00 1.234005210147291809e+00
4.817737682982545344e+00 -9.187757405095237084e-02
4.824027157764506413e+00 9.121387659110560264e-01
4.830316632546468369e+00 7.352028891511239728e-01
4.836606107328430326e+00 1.181093649492838793e+00
4.842895582110391395e+00 2.049204680713548887e-01
4.849185056892353352e+00 1.058134957034821078e+00
4.855474531674314420e+00 4.784772474594923830e-01
4.861764006456276377e+00 8.093189200794934646e-01
4.868053481238237445e+00 1.464383682049504420e+00
4.874342956020199402e+00 -3.681908207621505946e-01
4.880632430802160471e+00 1.485093446999003808e+00
4.886921905584122428e+00 -2.207115628149541875e-01
4.893211380366083496e+00 -3.089290922263994155e-01
4.899500855148045453e+00 7.563712204242248882e-01
4.905790329930006521e+00 -2.360990276269122612e-01
4.912079804711968478e+00 5.734167811952972649e-01
4.918369279493930435e+00 7.626329142056176291e-01
4.924658754275891503e+00 -1.162367156929913214e-01
4.930948229057853460e+00 1.163590606661926596e+00
4.937237703839814529e+00 8.192501103660734252e-01
4.943527178621776486e+00 -5.698156900259330193e-01
4.949816653403737554e+00 4.404311853959130829e-01
4.956106128185699511e+00 -4.751118827701070746e-01
4.962395602967660579e+00 -5.970970342455632629e-01
4.968685077749622536e+00 6.359282968561043026e-01
4.974974552531583605e+00 -1.002269965565119048e-01
4.981264027313545562e+00 -1.494861581142872264e-01
4.987553502095506630e+00 7.047764678551450279e-01
4.993842976877468587e+00 -6.647461624685369053e-02
5.000132451659430544e+00 1.610868695335194722e-01
5.006421926441391612e+00 -1.706261942519349262e-02
5.012711401223353569e+00 -6.274622395052650292e-01
5.019000876005314637e+00 5.584529078806541591e-01
5.025290350787276594e+00 -5.007937575287875198e-01
5.031579825569237663e+00 -2.213044786953666243e-01
5.037869300351199620e+00 1.234242007664176466e+00
5.044158775133160688e+00 -5.491451259142930974e-01
5.050448249915122645e+00 -6.354510854629236150e-02
5.056737724697083713e+00 9.274407242755339231e-01
5.063027199479045670e+00 1.107860478339301125e+00
5.069316674261006739e+00 6.999529432734328260e-01
5.075606149042968696e+00 1.492795468020740035e-01
5.081895623824930652e+00 7.126961571730090483e-01
5.088185098606891721e+00 3.668055323617346319e-01
5.094474573388853678e+00 -6.539368999396083515e-01
5.100764048170814746e+00 1.159771251674534209e+00
5.107053522952776703e+00 -8.197433159659708313e-01
5.113342997734737772e+00 1.543810025270389019e-01
5.119632472516699728e+00 8.050452190175709788e-01
5.125921947298660797e+00 1.041831036505054264e+00
5.132211422080622754e+00 1.098061214799421759e+00
5.138500896862583822e+00 -1.584591490721700691e-01
5.144790371644545779e+00 1.046555694238815004e+00
5.151079846426506847e+00 3.292007878700806689e-01
5.157369321208468804e+00 -3.892770377613596899e-01
5.163658795990430761e+00 -6.596904002005232748e-01
5.169948270772391830e+00 5.428903285384382160e-01
5.176237745554353786e+00 -5.784648857733277749e-01
5.182527220336314855e+00 -2.047291916562234970e-01
5.188816695118276812e+00 9.333483880429448432e-01
5.195106169900237880e+00 7.296431701768301137e-01
5.201395644682199837e+00 1.165744455254603240e+00
5.207685119464160906e+00 -1.121609965196966874e-01
5.213974594246122862e+00 1.004140168241558495e+00
5.220264069028083931e+00 -6.468521829520896826e-01
5.226553543810045888e+00 -5.881382587028016751e-01
5.232843018592006956e+00 -6.160773513682520353e-01
5.239132493373968913e+00 -4.480919909195169026e-01
5.245421968155930870e+00 -5.373204242696369981e-01
5.251711442937891938e+00 3.023994412190957881e-01
5.258000917719853895e+00 -3.602417765761554147e-01
5.264290392501814964e+00 1.155051171470052873e+00
5.270579867283776920e+00 9.975405599268527546e-01
5.276869342065737989e+00 -2.442554826038290106e-01
5.283158816847699946e+00 7.981315956923192845e-01
5.289448291629661014e+00 1.975080850033830160e-01
5.295737766411622971e+00 3.439593766515729456e-01
5.302027241193584040e+00 1.347820133798848463e+00
5.308316715975545996e+00 -4.624367222770734420e-01
5.314606190757507953e+00 -2.724756394973911200e-01
5.320895665539469022e+00 1.366577677178335559e+00
5.327185140321430978e+00 -2.989947296371451291e-01
5.333474615103392047e+00 9.069203735922990450e-01
5.339764089885354004e+00 1.388407213714480726e+00
5.346053564667315072e+00 1.601214079488914033e+00
5.352343039449277029e+00 1.530028324794207695e+00
5.358632514231238098e+00 8.908922240631532707e-01
5.364921989013200054e+00 9.556253128917142625e-01
5.371211463795161123e+00 3.027870032327719674e-01
5.377500938577123080e+00 -8.569404432961469364e-02
5.383790413359084148e+00 -5.100547863339355281e-02
5.390079888141046105e+00 5.022990393280196697e-02
5.396369362923008062e+00 5.508770280032104782e-02
5.402658837704969130e+00 1.167176105658670471e+00
5.408948312486931087e+00 9.237830659595764882e-01
5.415237787268892156e+00 6.845382746908736937e-01
5.421527262050854112e+00 1.386497000480260366e+00
5.427816736832815181e+00 2.180817524859630097e-01
5.434106211614777138e+00 9.049347230833929556e-01
5.440395686396738206e+00 5.691782033665648832e-01
5.446685161178700163e+00 1.651731893376033655e+00
5.452974635960661232e+00 1.508420890557817806e-01
5.459264110742623188e+00 5.299383003452208252e-01
5.465553585524584257e+00 2.028823863992038845e+00
5.471843060306546214e+00 8.173945899301642282e-01
5.478132535088508170e+00 1.122285936771558301e+00
5.484422009870469239e+00 1.712773618490453176e+00
5.490711484652431196e+00 1.997488124451874736e+00
5.497000959434392264e+00 1.573680990035274840e+00
5.503290434216354221e+00 1.650026745721365096e+00
5.509579908998315290e+00 2.039634302196304816e+00
5.515869383780277246e+00 4.299274485450722549e-01
5.522158858562238315e+00 2.365262390476666976e+00
5.528448333344200272e+00 2.257410831794110173e+00
5.534737808126161340e+00 2.023174516483902785e+00
5.541027282908123297e+00 1.199749194102989192e+00
5.547316757690084366e+00 1.640362212558058363e+00
5.553606232472046322e+00 1.554391579215071317e+00
5.559895707254008279e+00 8.663610697983903375e-01
5.566185182035969348e+00 1.713477700737110254e+00
5.572474656817931304e+00 1.103531968761470416e+00
5.578764131599892373e+00 2.570332652792964190e+00
5.585053606381854330e+00 1.200548244961961109e+00
5.591343081163815398e+00 7.740048414756978135e-01
5.597632555945777355e+00 8.774817338991810489e-01
5.603922030727738424e+00 2.437536019183976777e+00
5.610211505509700380e+00 1.903842771239537157e+00
5.616500980291661449e+00 1.776123550532995976e+00
5.622790455073623406e+00 8.892871356833533802e-01
5.629079929855584474e+00 1.631679948157368720e+00
5.635369404637546431e+00 1.976260989867758111e+00
5.641658879419508388e+00 2.702811100876955752e+00
5.647948354201469456e+00 2.413702538765344130e+00
5.654237828983431413e+00 1.903469846979009450e+00
5.660527303765392482e+00 2.356236873283317657e+00
5.666816778547354438e+00 2.319790328385018974e+00
5.673106253329315507e+00 1.009826273818510423e+00
5.679395728111277464e+00 1.661583758372377817e+00
5.685685202893238532e+00 9.490504071238528017e-01
5.691974677675200489e+00 1.907679360925836232e+00
5.698264152457161558e+00 1.782410944318439494e+00
5.704553627239123514e+00 1.572981188295694777e+00
5.710843102021084583e+00 1.798638042282284744e+00
5.717132576803046540e+00 2.496843613168546305e+00
5.723422051585008496e+00 1.064768682668506550e+00
5.729711526366969565e+00 9.287933536878216767e-01
5.736001001148931522e+00 1.410178691932397310e+00
5.742290475930892590e+00 9.699535680904327606e-01
5.748579950712854547e+00 2.000000601767975894e+00
5.754869425494815616e+00 1.873044362156731424e+00
5.761158900276777572e+00 2.103211115781716156e+00
5.767448375058738641e+00 2.027746508704013628e+00
5.773737849840700598e+00 9.093171014450392997e-01
5.780027324622661666e+00 9.159068043345781618e-01
5.786316799404623623e+00 2.132977280951828369e+00
5.792606274186584692e+00 2.448879153837621114e+00
5.798895748968546648e+00 6.146907455823641397e-01
5.805185223750508605e+00 1.008676302128852731e+00
5.811474698532469674e+00 1.237140406800143477e+00
5.817764173314431631e+00 1.721829523435226994e+00
5.824053648096392699e+00 2.154197648235740559e+00
5.830343122878354656e+00 6.108579478299147603e-01
5.836632597660315724e+00 2.083646800439093116e+00
5.842922072442277681e+00 2.088066969447448074e+00
5.849211547224238750e+00 2.167894305848073078e+00
5.855501022006200706e+00 2.167720348859371704e+00
5.861790496788161775e+00 2.088020539152791066e+00
5.868079971570123732e+00 1.646382933119886705e+00
5.874369446352084800e+00 1.923969960690443459e+00
5.880658921134046757e+00 6.090065700979223617e-01
5.886948395916008714e+00 1.837288783488280730e+00
5.893237870697969782e+00 7.494955688047963971e-01
5.899527345479931739e+00 1.044679491758062184e+00
5.905816820261892808e+00 4.706460485791292281e-01
5.912106295043854765e+00 3.044119162748895047e-01
5.918395769825815833e+00 1.292396601897306763e+00
5.924685244607777790e+00 6.392280560116680999e-01
5.930974719389738858e+00 4.232782890288576128e-01
5.937264194171700815e+00 -4.122196823279111744e-02
5.943553668953661884e+00 4.589164560210873267e-01
5.949843143735623840e+00 1.436770099437089554e+00
5.956132618517584909e+00 2.497050988155698481e-01
5.962422093299546866e+00 6.655693483813576172e-01
5.968711568081508823e+00 7.468893999684771412e-01
5.975001042863469891e+00 1.623454150128158524e-01
5.981290517645431848e+00 -9.651776103118825390e-02
5.987579992427392916e+00 2.914024654774349798e-02
5.993869467209354873e+00 -2.552971665113319411e-01
6.000158941991315942e+00 -1.597749683965219436e-01
6.006448416773277899e+00 -2.422942234927458749e-01
6.012737891555238967e+00 8.304302740522111481e-01
6.019027366337200924e+00 -8.070745005559536445e-01
6.025316841119161992e+00 1.026206189963774218e-01
6.031606315901123949e+00 -2.680576158557748112e-01
6.037895790683085906e+00 -9.527165598485112241e-01
6.044185265465046974e+00 7.648487989058796455e-01
6.050474740247008931e+00 4.028353305336596080e-01
6.056764215028970000e+00 9.235303850462228681e-03
6.063053689810931957e+00 -1.093065993618667742e+00
6.069343164592893025e+00 -1.131889814760971280e+00
6.075632639374854982e+00 -8.409110986014354250e-01
6.081922114156816050e+00 -9.460675486427054803e-01
6.088211588938778007e+00 3.239939225569941073e-01
6.094501063720739076e+00 2.506346147566573812e-02
6.100790538502701033e+00 1.765774527038397324e-01
6.107080013284662101e+00 -9.410603161365929115e-01
6.113369488066624058e+00 -5.073041569172671572e-01
6.119658962848586015e+00 -9.369604451999655748e-01
6.125948437630547083e+00 -8.591676393022917857e-01
6.132237912412509040e+00 -1.372571992466444790e-01
6.138527387194470109e+00 -6.109775671087309679e-01
6.144816861976432065e+00 -5.868469111405485439e-01
6.151106336758393134e+00 -1.424520464273442588e+00
6.157395811540355091e+00 -1.792734090266238312e+00
6.163685286322316159e+00 -6.602988488091887653e-02
6.169974761104278116e+00 -8.602558255096113271e-01
6.176264235886239184e+00 -1.289020214938533693e+00
6.182553710668201141e+00 -3.968389959190021798e-01
6.188843185450162210e+00 -1.889354352248130198e+00
6.195132660232124167e+00 -8.711775145021840583e-01
6.201422135014086123e+00 -1.114797753978349348e-01
6.207711609796047192e+00 -1.919114336439312174e+00
6.214001084578009149e+00 -1.582492346512936576e+00
6.220290559359970217e+00 -1.624758830080231586e+00
6.226580034141932174e+00 -2.077084729637268978e+00
6.232869508923893243e+00 -7.222527976173105380e-01
6.239158983705855199e+00 -5.476306816237930253e-01
6.245448458487816268e+00 -1.698542566170794021e+00
6.251737933269778225e+00 -5.135657419203565333e-01
6.258027408051739293e+00 -6.583496552262206869e-01
6.264316882833701250e+00 -9.331568844208706359e-01
6.270606357615662318e+00 -9.937591997859562820e-01
6.276895832397624275e+00 -1.479201634038248780e+00
6.283185307179586232e+00 -1.509600792401961433e+00
