0.000000000000000000e+00 2.728073636201446828e-01
6.289474781961547356e-03 8.658860642209658121e-01
1.257894956392309471e-02 -2.182510487442845815e-01
1.886842434588464207e-02 1.871660170680596869e-01
2.515789912784618942e-02 9.909561655478155151e-02
3.144737390980773678e-02 1.223276082773848694e+00
3.773684869176928414e-02 1.015708873087557418e-01
4.402632347373083149e-02 9.875131976945732415e-01
5.031579825569237885e-02 -3.736674081640645184e-01
5.660527303765392620e-02 1.385002253119648197e-01
6.289474781961547356e-02 6.442100183030248228e-01
6.918422260157702786e-02 1.508610265331379541e+00
7.547369738353856827e-02 6.813006983476963541e-01
8.176317216550010869e-02 1.075298596594427947e+00
8.805264694746166299e-02 1.376546574134278611e+00
9.434212172942321728e-02 3.749698325396400023e-02
1.006315965113847577e-01 -1.949196737033556670e-01
1.069210712933462981e-01 1.206905994747716981e+00
1.132105460753078524e-01 1.138757238694535712e+00
1.195000208572694067e-01 -3.178049915395984582e-01
1.257894956392309471e-01 4.124793832602326460e-01
1.320789704211924875e-01 4.284850071254938664e-01
1.383684452031540557e-01 2.613727786745216886e-01
1.446579199851155961e-01 8.646539571955760284e-01
1.509473947670771365e-01 6.798065250598772646e-01
1.572368695490386770e-01 -4.688038349310930109e-02
1.635263443310002174e-01 -4.037045698795227455e-02
1.698158191129617856e-01 9.599692530921010158e-01
1.761052938949233260e-01 -3.148918957170754318e-01
1.823947686768848664e-01 1.753783520435181487e-02
1.886842434588464346e-01 -2.981452340724074501e-01
1.949737182408079750e-01 8.232315958385996169e-01
2.012631930227695154e-01 1.538798256142670740e+00
2.075526678047310558e-01 6.599595644404042671e-01
2.138421425866925962e-01 -3.156584770369064152e-01
2.201316173686541644e-01 8.521262548028603057e-01
2.264210921506157048e-01 6.777564828853853696e-01
2.327105669325772452e-01 1.587053020901914246e+00
2.390000417145388134e-01 3.759166131054232363e-01
2.452895164965003538e-01 -2.031822039800346147e-03
2.515789912784618942e-01 8.179309110267205529e-01
2.578684660604234624e-01 1.847112351422727783e-01
2.641579408423849751e-01 3.382466182642543950e-01
2.704474156243465433e-01 1.698295385674246649e-01
2.767368904063081114e-01 8.928559505411379771e-01
2.830263651882696241e-01 7.907554461576261629e-01
2.893158399702311923e-01 6.994192760185331537e-01
2.956053147521927049e-01 -2.304482905354326983e-01
3.018947895341542731e-01 4.657933814085149504e-01
3.081842643161158413e-01 3.539346278215604880e-01
3.144737390980773539e-01 1.491048560914811194e+00
3.207632138800389221e-01 2.071967567074904926e-01
3.270526886620004348e-01 2.777050494317845342e-02
3.333421634439620029e-01 4.551605232272770696e-02
3.396316382259235711e-01 1.246923846208001230e+00
3.459211130078850838e-01 -5.588441641172003926e-02
3.522105877898466519e-01 5.814412985806920453e-01
3.585000625718082201e-01 6.812538945592806483e-01
3.647895373537697328e-01 1.392905852118929033e+00
3.710790121357313009e-01 3.970904854021306551e-01
3.773684869176928691e-01 -1.587394948696863040e-01
3.836579616996543818e-01 -4.321373659189101657e-01
3.899474364816159500e-01 -3.907657443365968319e-01
3.962369112635774626e-01 9.664794951227029252e-02
4.025263860455390308e-01 9.053474424670954201e-01
4.088158608275005990e-01 8.432295213194419548e-01
4.151053356094621116e-01 6.472906825396911312e-01
4.213948103914236798e-01 8.367669290856718511e-01
4.276842851733851925e-01 5.359396962385994945e-01
4.339737599553467606e-01 5.543378035877604137e-01
4.402632347373083288e-01 6.436931105074692461e-01
4.465527095192698415e-01 -4.564031086220565747e-02
4.528421843012314096e-01 -7.184246293550846651e-01
4.591316590831929778e-01 -1.003690692151584241e-01
4.654211338651544905e-01 9.647460192409447188e-01
4.717106086471160586e-01 -2.675738574493616850e-01
4.780000834290776268e-01 -4.834416413858413364e-01
4.842895582110391395e-01 7.618486507953697862e-01
4.905790329930007077e-01 7.773844556693121355e-02
4.968685077749622203e-01 -2.094647475062092479e-01
5.031579825569237885e-01 7.328357380874586102e-01
5.094474573388853011e-01 -1.773805958625394030e-01
5.157369321208469248e-01 3.803451698019477689e-02
5.220264069028084375e-01 2.302628165310212083e-01
5.283158816847699502e-01 -9.496982623867518125e-01
5.346053564667315738e-01 8.807895308719866367e-01
5.408948312486930865e-01 -2.322598843776588762e-01
5.471843060306545992e-01 -2.556660984076459808e-01
5.534737808126162228e-01 -9.442644146335006372e-01
5.597632555945777355e-01 -4.471690090428535047e-01
5.660527303765392482e-01 4.529157942281312188e-01
5.723422051585007608e-01 2.315714269054183205e-01
5.786316799404623845e-01 -7.324674194811660044e-01
5.849211547224238972e-01 -3.002131266970085033e-01
5.912106295043854098e-01 -7.005981450437415159e-01
5.975001042863470335e-01 5.222506372302317956e-01
6.037895790683085462e-01 6.938764158724919362e-01
6.100790538502700588e-01 -1.008072892177022117e+00
6.163685286322316825e-01 -1.014723231417107741e+00
6.226580034141931952e-01 4.773102764776684381e-01
6.289474781961547079e-01 -1.417342273327808488e-01
6.352369529781163315e-01 -8.617414281714619317e-01
6.415264277600778442e-01 -3.722924258507309681e-01
6.478159025420393569e-01 -1.197418719641887508e+00
6.541053773240008695e-01 -4.510662941976979479e-01
6.603948521059624932e-01 4.535867125169963376e-01
6.666843268879240059e-01 4.933354434862224913e-01
6.729738016698855185e-01 -2.006851922905343866e-01
6.792632764518471422e-01 -3.286048523933260412e-02
6.855527512338086549e-01 -6.203575121972424444e-01
6.918422260157701675e-01 -7.964783604345462287e-01
6.981317007977317912e-01 -9.511268802139785095e-01
7.044211755796933039e-01 -8.568045147854566057e-01
7.107106503616548165e-01 -6.968603143696450175e-01
7.170001251436164402e-01 3.307860883136963803e-01
7.232895999255779529e-01 -4.999745329319194020e-01
7.295790747075394655e-01 -1.224180444947356117e+00
7.358685494895010892e-01 3.946734436572501004e-01
7.421580242714626019e-01 1.671564121669628644e-01
7.484474990534241146e-01 3.849021665768477263e-01
7.547369738353857382e-01 -7.342577227140529850e-01
7.610264486173472509e-01 -5.638757653857595642e-01
7.673159233993087636e-01 -1.123695579614696571e+00
7.736053981812702762e-01 -9.937301678911489855e-01
7.798948729632318999e-01 6.763613242427790606e-01
7.861843477451934126e-01 -5.044864437672047508e-02
7.924738225271549252e-01 -3.468440477504177721e-01
7.987632973091165489e-01 -2.193543369506067986e-01
8.050527720910780616e-01 -2.272236158370171122e-01
8.113422468730395742e-01 1.732339078137907773e-01
8.176317216550011979e-01 8.965533962281868607e-01
8.239211964369627106e-01 -9.960989361812451204e-01
8.302106712189242232e-01 -7.434429680314444955e-01
8.365001460008858469e-01 -1.856735484738298858e-01
8.427896207828473596e-01 -7.936249099422646447e-01
8.490790955648088723e-01 1.086224150179152304e+00
8.553685703467703849e-01 -6.087610303331398853e-01
8.616580451287320086e-01 7.679499673511038793e-01
8.679475199106935213e-01 -4.826458723917506077e-01
8.742369946926550339e-01 8.356248749800376796e-01
8.805264694746166576e-01 -1.974953608309995001e-01
8.868159442565781703e-01 1.241948241391675811e+00
8.931054190385396829e-01 3.689943106105917359e-01
8.993948938205013066e-01 -2.420755513504558865e-01
9.056843686024628193e-01 -3.863502489077796920e-01
9.119738433844243319e-01 8.834226117822241431e-01
9.182633181663859556e-01 -2.609667398825732398e-02
9.245527929483474683e-01 9.893792329762995941e-01
9.308422677303089809e-01 9.973534812981742492e-01
9.371317425122706046e-01 1.185410946833539980e-01
9.434212172942321173e-01 1.572635515576554788e+00
9.497106920761936300e-01 1.411699578439825853e+00
9.560001668581552536e-01 1.244493901101300315e+00
9.622896416401167663e-01 1.509946006609145908e+00
9.685791164220782790e-01 1.559608452321341154e+00
9.748685912040397916e-01 4.332030138428787369e-01
9.811580659860014153e-01 7.797779018239492377e-01
9.874475407679629280e-01 2.103836700818884076e-02
9.937370155499244406e-01 -5.866811624461298891e-02
1.000026490331886064e+00 1.308955477967352010e+00
1.006315965113847577e+00 5.747497608850749007e-01
1.012605439895809090e+00 1.973770890740857986e+00
1.018894914677770602e+00 1.080947965078099093e+00
1.025184389459732115e+00 1.826385992124515134e+00
1.031473864241693850e+00 2.067871152651659106e-01
1.037763339023655362e+00 7.434663021783737280e-01
1.044052813805616875e+00 8.200817811038161320e-01
1.050342288587578388e+00 2.137770172419951820e+00
1.056631763369539900e+00 7.917978679398106623e-01
1.062921238151501413e+00 1.368884825051467802e+00
1.069210712933463148e+00 2.290247063281118045e+00
1.075500187715424660e+00 1.939617538512807826e+00
1.081789662497386173e+00 1.379604907259120994e+00
1.088079137279347686e+00 6.590765199470502989e-01
1.094368612061309198e+00 7.319971453146474349e-01
1.100658086843270711e+00 1.899941296190439388e+00
1.106947561625232446e+00 1.866420821401396868e+00
1.113237036407193958e+00 2.298510108465259272e+00
1.119526511189155471e+00 2.277795126725818964e+00
1.125815985971116984e+00 2.558150491546101968e+00
1.132105460753078496e+00 2.566246910522058222e+00
1.138394935535040009e+00 1.407596032518657392e+00
1.144684410317001522e+00 1.671886166408125485e+00
1.150973885098963256e+00 1.687929039522336527e+00
1.157263359880924769e+00 2.131331697146117587e+00
1.163552834662886282e+00 2.344368774557582746e+00
1.169842309444847794e+00 1.890299294805112940e+00
1.176131784226809307e+00 1.721719105812741457e+00
1.182421259008770820e+00 1.326945418086816542e+00
1.188710733790732554e+00 1.403924652493327763e+00
1.195000208572694067e+00 1.245866468408241889e+00
1.201289683354655580e+00 1.962702762202606532e+00
1.207579158136617092e+00 1.422189533435934461e+00
1.213868632918578605e+00 1.686508999242482876e+00
1.220158107700540118e+00 2.965691423096060930e+00
1.226447582482501630e+00 2.202511765480481998e+00
1.232737057264463365e+00 1.583815954305739959e+00
1.239026532046424878e+00 2.709276564064964532e+00
1.245316006828386390e+00 1.882178880250534814e+00
1.251605481610347903e+00 2.605984214004114286e+00
1.257894956392309416e+00 1.729742809452514241e+00
1.264184431174270928e+00 1.490910602262500273e+00
1.270473905956232663e+00 2.695231547197110444e+00
1.276763380738194176e+00 1.524616092213384233e+00
1.283052855520155688e+00 1.763887071126416073e+00
1.289342330302117201e+00 1.579784109381199064e+00
1.295631805084078714e+00 1.877703912343466897e+00
1.301921279866040226e+00 1.455824085580261773e+00
1.308210754648001739e+00 1.710831107854376754e+00
1.314500229429963474e+00 2.976018148062466118e+00
1.320789704211924986e+00 1.809550439629683760e+00
1.327079178993886499e+00 2.833988247464549914e+00
1.333368653775848012e+00 1.552384799174014063e+00
1.339658128557809524e+00 2.155930522542143457e+00
1.345947603339771037e+00 1.878449385670838634e+00
1.352237078121732772e+00 2.849454226648808319e+00
1.358526552903694284e+00 2.474641178005485997e+00
1.364816027685655797e+00 1.303579417185015243e+00
1.371105502467617310e+00 2.792162754058646890e+00
1.377394977249578822e+00 2.166369360981471814e+00
1.383684452031540335e+00 1.133283675561144621e+00
1.389973926813502070e+00 2.466703464853537309e+00
1.396263401595463582e+00 1.836182354772177172e+00
1.402552876377425095e+00 1.058791912683314518e+00
1.408842351159386608e+00 1.393244257647091811e+00
1.415131825941348120e+00 9.138429445186539990e-01
1.421421300723309633e+00 1.378234820688146511e+00
1.427710775505271146e+00 1.034272519148319525e+00
1.434000250287232880e+00 1.365620573017286121e+00
1.440289725069194393e+00 1.177884071269237332e+00
1.446579199851155906e+00 1.621297716169703529e+00
1.452868674633117418e+00 7.330402009516412409e-01
1.459158149415078931e+00 1.332850629328531822e+00
1.465447624197040444e+00 1.151959991664071481e+00
1.471737098979002178e+00 2.273388699513941624e+00
1.478026573760963691e+00 1.821738180422847631e+00
1.484316048542925204e+00 9.814117914174951274e-01
1.490605523324886716e+00 5.774070174020740076e-01
1.496894998106848229e+00 1.255409437447712939e+00
1.503184472888809742e+00 1.357930035436055505e+00
1.509473947670771476e+00 1.277749338147334157e+00
1.515763422452732989e+00 9.378713775652484097e-01
1.522052897234694502e+00 3.338894407140204357e-01
1.528342372016656014e+00 4.708425840270053508e-01
1.534631846798617527e+00 1.553417045675931085e+00
1.540921321580579040e+00 2.479288541534885870e-01
1.547210796362540552e+00 1.761913169611744046e+00
1.553500271144502287e+00 1.040157774912674693e+00
1.559789745926463800e+00 6.833968863944773764e-01
1.566079220708425312e+00 3.710753030298934441e-01
1.572368695490386825e+00 1.036183015317075240e+00
1.578658170272348338e+00 5.462394538233478203e-01
1.584947645054309850e+00 1.122248694415473924e+00
1.591237119836271585e+00 1.365993247718482628e+00
1.597526594618233098e+00 1.101001129660035271e+00
1.603816069400194610e+00 1.099035041576611471e+00
1.610105544182156123e+00 8.114087450663063361e-01
1.616395018964117636e+00 1.327826049361804817e+00
1.622684493746079148e+00 -6.758557873640564928e-01
1.628973968528040661e+00 -4.118192462307636026e-01
1.635263443310002396e+00 6.010652444083741663e-02
1.641552918091963909e+00 5.674517824717014713e-01
1.647842392873925421e+00 4.758405186852303625e-01
1.654131867655886934e+00 1.687785810687367771e-01
1.660421342437848446e+00 -3.079525009637380517e-01
1.666710817219809959e+00 -5.501950487422886393e-01
1.673000292001771694e+00 -1.055927243634496859e+00
1.679289766783733207e+00 -2.145265950178363301e-01
1.685579241565694719e+00 -1.188518293083511201e+00
1.691868716347656232e+00 -6.065654497191144134e-01
1.698158191129617745e+00 -3.347729404559909305e-01
1.704447665911579257e+00 -3.603284941679882891e-01
1.710737140693540770e+00 -9.344017594512681324e-01
1.717026615475502505e+00 1.063175496544124243e-01
1.723316090257464017e+00 -6.758342093266380690e-01
1.729605565039425530e+00 2.974200725966977821e-01
1.735895039821387043e+00 -3.812494368047327775e-01
1.742184514603348555e+00 -1.532457924031617180e+00
1.748473989385310068e+00 -1.182176986545760977e+00
1.754763464167271803e+00 1.207378424192406818e-01
1.761052938949233315e+00 -1.299784629577615203e+00
1.767342413731194828e+00 -8.457409589139026629e-01
1.773631888513156341e+00 -7.826622437090930973e-01
1.779921363295117853e+00 -3.178349616567646141e-01
1.786210838077079366e+00 -1.004049666428152188e+00
1.792500312859041101e+00 -1.046838528210972896e+00
1.798789787641002613e+00 -1.217619940900540154e+00
1.805079262422964126e+00 -1.441980445279644307e+00
1.811368737204925639e+00 -1.521764647147845206e+00
1.817658211986887151e+00 -5.404049704158930822e-02
1.823947686768848664e+00 -1.944834095685136877e+00
1.830237161550810177e+00 -7.994027048871188423e-01
1.836526636332771911e+00 -1.329099153928196442e+00
1.842816111114733424e+00 -1.932074696486777432e+00
1.849105585896694937e+00 -3.039060593915363651e-01
1.855395060678656449e+00 -9.925483831429646742e-01
1.861684535460617962e+00 -6.721100394207590867e-01
1.867974010242579475e+00 -7.083117246870880290e-01
1.874263485024541209e+00 -8.130584048661819718e-01
1.880552959806502722e+00 -1.478483323539056427e+00
1.886842434588464235e+00 -1.671584124980610708e+00
1.893131909370425747e+00 -1.511110314580722758e+00
1.899421384152387260e+00 -1.002063995646470529e+00
1.905710858934348773e+00 -1.437120445734516805e+00
1.912000333716310507e+00 -2.005048257210185092e+00
1.918289808498272020e+00 -2.364695977734834198e-01
1.924579283280233533e+00 -6.677044135599616848e-01
1.930868758062195045e+00 -1.823184237380097494e+00
1.937158232844156558e+00 -4.010129406857823042e-01
1.943447707626118071e+00 -1.532041879496083947e+00
1.949737182408079583e+00 -1.812246956708765566e+00
1.956026657190041318e+00 -1.668786421604582459e+00
1.962316131972002831e+00 -4.783477989867535030e-02
1.968605606753964343e+00 -1.675379081562801575e+00
1.974895081535925856e+00 -1.780575774230929387e+00
1.981184556317887369e+00 -1.733869614806176074e-01
1.987474031099848881e+00 -1.610144662737682975e+00
1.993763505881810616e+00 -1.387643611330339866e+00
2.000052980663772129e+00 1.994886434799949537e-01
2.006342455445733641e+00 -1.608854868592903609e+00
2.012631930227695154e+00 -8.789932509925657556e-01
2.018921405009656667e+00 1.313561942033294461e-01
2.025210879791618179e+00 -2.465128629263491078e-02
2.031500354573579692e+00 2.726539166500299149e-01
2.037789829355541205e+00 -1.306606991951069219e-01
2.044079304137502717e+00 -1.341039199912151592e+00
2.050368778919464230e+00 5.205782397276523810e-01
2.056658253701426187e+00 -1.117897728867110141e+00
2.062947728483387699e+00 -8.328545512879408363e-01
2.069237203265349212e+00 -1.236301021125406852e+00
2.075526678047310725e+00 -3.611927729114372543e-01
2.081816152829272237e+00 -1.010162666764353734e-01
2.088105627611233750e+00 -8.460954570365892824e-01
2.094395102393195263e+00 -5.850604740165945561e-01
2.100684577175156775e+00 8.984151062124325904e-01
2.106974051957118288e+00 3.697562670058126555e-01
2.113263526739079801e+00 4.510522794052024276e-01
2.119553001521041313e+00 -3.848907581274738643e-01
2.125842476303002826e+00 -3.424921819234206799e-01
2.132131951084964339e+00 7.674112578101222049e-02
2.138421425866926295e+00 -6.090717581292353078e-01
2.144710900648887808e+00 -4.077223375583716170e-02
2.151000375430849321e+00 5.814341266428226795e-01
2.157289850212810833e+00 8.459616601695614246e-01
2.163579324994772346e+00 1.074907112891247518e+00
2.169868799776733859e+00 1.044199637393397273e+00
2.176158274558695371e+00 1.560842758364496152e+00
2.182447749340656884e+00 -9.781390188961680554e-02
2.188737224122618397e+00 1.517748687087802972e+00
2.195026698904579909e+00 1.882504982461561671e-01
2.201316173686541422e+00 -3.009914703010324599e-02
2.207605648468502935e+00 6.420919765204766705e-01
2.213895123250464891e+00 1.717271346434413148e+00
2.220184598032426404e+00 1.820630658966292392e-01
2.226474072814387917e+00 1.349933756156807219e+00
2.232763547596349429e+00 3.826171363123546110e-01
2.239053022378310942e+00 7.287247000960483945e-01
2.245342497160272455e+00 8.615584152065989265e-01
2.251631971942233967e+00 5.792467383169954687e-01
2.257921446724195480e+00 1.899598817484958291e+00
2.264210921506156993e+00 8.853731272236502470e-01
2.270500396288118505e+00 1.573708876973447079e+00
2.276789871070080018e+00 8.325367257083239325e-01
2.283079345852041531e+00 2.229073379783056197e+00
2.289368820634003043e+00 1.588884750730441997e+00
2.295658295415965000e+00 1.637485224922832883e+00
2.301947770197926513e+00 1.459601951998775959e+00
2.308237244979888025e+00 1.024512694865147955e+00
2.314526719761849538e+00 2.553948341755135854e+00
2.320816194543811051e+00 2.478107676214448940e+00
2.327105669325772563e+00 2.435611612145986093e+00
2.333395144107734076e+00 2.807105888657385862e+00
2.339684618889695589e+00 1.937432076154222527e+00
2.345974093671657101e+00 2.926278038806239934e+00
2.352263568453618614e+00 1.531573598753072529e+00
2.358553043235580127e+00 1.781723210015462966e+00
2.364842518017541639e+00 3.262817889573687236e+00
2.371131992799503152e+00 3.280668614965973617e+00
2.377421467581465109e+00 1.823967894920352162e+00
2.383710942363426621e+00 3.117120365817784400e+00
2.390000417145388134e+00 2.207951442736703740e+00
2.396289891927349647e+00 1.940695031409877647e+00
2.402579366709311159e+00 3.276419591424737376e+00
2.408868841491272672e+00 3.503283614977451332e+00
2.415158316273234185e+00 2.138021796770500860e+00
2.421447791055195697e+00 1.791833244306988870e+00
2.427737265837157210e+00 3.366198452628647253e+00
2.434026740619118723e+00 2.099122669761493309e+00
2.440316215401080235e+00 3.301251936937839915e+00
2.446605690183041748e+00 2.563922501453116620e+00
2.452895164965003261e+00 2.321331155180590411e+00
2.459184639746965217e+00 1.877131258359697741e+00
2.465474114528926730e+00 3.113794660528534930e+00
2.471763589310888243e+00 3.500623518516668753e+00
2.478053064092849755e+00 2.118378828648066037e+00
2.484342538874811268e+00 2.777989285722933133e+00
2.490632013656772781e+00 3.045866964273603372e+00
2.496921488438734293e+00 3.203915974647654430e+00
2.503210963220695806e+00 3.796236264481234191e+00
2.509500438002657319e+00 3.122025872857524753e+00
2.515789912784618831e+00 3.380013222258829941e+00
2.522079387566580344e+00 2.322567251994114734e+00
2.528368862348541857e+00 3.918775672464779092e+00
2.534658337130503369e+00 2.719813706280613363e+00
2.540947811912465326e+00 3.493508118251633654e+00
2.547237286694426839e+00 3.439582736152867248e+00
2.553526761476388351e+00 2.914543225043028762e+00
2.559816236258349864e+00 2.349205549192487474e+00
2.566105711040311377e+00 3.684909315925587237e+00
2.572395185822272889e+00 2.548270880765520108e+00
2.578684660604234402e+00 2.377788507817112595e+00
2.584974135386195915e+00 1.948094770712205159e+00
2.591263610168157427e+00 3.145775388879550327e+00
2.597553084950118940e+00 2.277226811985728183e+00
2.603842559732080453e+00 2.454551053922767956e+00
2.610132034514041965e+00 3.388390763504032233e+00
2.616421509296003478e+00 3.363657973662604217e+00
2.622710984077965435e+00 3.255304123854719123e+00
2.629000458859926947e+00 2.917590087373852281e+00
2.635289933641888460e+00 3.154968507697486935e+00
2.641579408423849973e+00 1.613822212187406624e+00
2.647868883205811485e+00 3.448331332395014215e+00
2.654158357987772998e+00 1.646312185083677493e+00
2.660447832769734511e+00 3.217251755647879463e+00
2.666737307551696023e+00 2.159488723207871885e+00
2.673026782333657536e+00 1.590990051346000911e+00
2.679316257115619049e+00 2.457694367825761894e+00
2.685605731897580561e+00 1.496084248233776393e+00
2.691895206679542074e+00 1.636167976135309177e+00
2.698184681461504031e+00 2.308303734973014887e+00
2.704474156243465544e+00 1.783089968122159696e+00
2.710763631025427056e+00 2.520345182773163106e+00
2.717053105807388569e+00 1.006425082316470876e+00
2.723342580589350082e+00 1.108682554828747557e+00
2.729632055371311594e+00 2.849950654835708086e+00
2.735921530153273107e+00 1.096939549781732026e+00
2.742211004935234619e+00 1.431979160266315887e+00
2.748500479717196132e+00 1.192029372169691293e+00
2.754789954499157645e+00 7.681265789587633508e-01
2.761079429281119157e+00 1.322264520940674704e+00
2.767368904063080670e+00 1.589830274345744865e+00
2.773658378845042183e+00 1.681083693446380201e+00
2.779947853627004140e+00 2.130418492307338596e+00
2.786237328408965652e+00 1.378244688677391139e+00
2.792526803190927165e+00 1.304238679561392500e+00
2.798816277972888678e+00 7.949478517260941679e-01
2.805105752754850190e+00 2.095633960619529113e+00
2.811395227536811703e+00 1.226022554728013692e+00
2.817684702318773216e+00 3.577571994496399066e-01
2.823974177100734728e+00 1.619622917485709745e+00
2.830263651882696241e+00 9.613435261527880638e-01
2.836553126664657754e+00 5.710064564017868216e-01
2.842842601446619266e+00 1.395562466610721586e+00
2.849132076228580779e+00 5.473806065852526714e-01
2.855421551010542291e+00 7.649674708967342251e-01
2.861711025792504248e+00 6.053690062010946837e-01
2.868000500574465761e+00 -3.711045295507043318e-01
2.874289975356427274e+00 4.211744925397287176e-01
2.880579450138388786e+00 7.334892358701193826e-01
2.886868924920350299e+00 1.153343859114501324e+00
2.893158399702311812e+00 1.373164865943864221e+00
2.899447874484273324e+00 4.010761986349264951e-02
2.905737349266234837e+00 -7.643621023850377671e-02
2.912026824048196350e+00 -2.246738002549499846e-01
2.918316298830157862e+00 -6.216601024021994881e-01
2.924605773612119375e+00 -4.387876638314155420e-01
2.930895248394080888e+00 -1.476984485327559327e-01
2.937184723176042400e+00 -5.228470415094039758e-01
2.943474197958004357e+00 -3.670738186352031640e-01
2.949763672739965870e+00 9.299925765833652047e-01
2.956053147521927382e+00 1.180025401296105336e-01
2.962342622303888895e+00 5.579877734703075909e-01
2.968632097085850408e+00 -1.808813236085535792e-01
2.974921571867811920e+00 -1.915886104476258733e-01
2.981211046649773433e+00 -1.017962704343482239e+00
2.987500521431734946e+00 -4.960949822381235386e-01
2.993789996213696458e+00 -9.221246264530016390e-01
3.000079470995657971e+00 -4.671340890386987965e-02
3.006368945777619484e+00 -9.724727409517885945e-02
3.012658420559580996e+00 -7.596783266093167786e-01
3.018947895341542953e+00 -3.627443381502930553e-01
3.025237370123504466e+00 3.189787018275382913e-01
3.031526844905465978e+00 -7.738601228143218158e-01
3.037816319687427491e+00 -1.388689990429988308e+00
3.044105794469389004e+00 -5.435435616125694480e-02
3.050395269251350516e+00 -1.490524308752798843e+00
3.056684744033312029e+00 -4.503046623492590328e-01
3.062974218815273542e+00 -3.644613552229010178e-01
3.069263693597235054e+00 -2.143832728973766866e-01
3.075553168379196567e+00 -9.507975218659665551e-01
3.081842643161158080e+00 -9.363599579110937210e-01
3.088132117943119592e+00 -5.774586209471330722e-01
3.094421592725081105e+00 1.980586749353367981e-01
3.100711067507043062e+00 -7.405691934817815181e-01
3.107000542289004574e+00 -1.629385507245340703e+00
3.113290017070966087e+00 -1.387079449676960508e+00
3.119579491852927600e+00 6.604597091721742252e-02
3.125868966634889112e+00 -6.070766702499030831e-01
3.132158441416850625e+00 -9.219113644014376163e-01
3.138447916198812138e+00 -1.019071291337025897e+00
3.144737390980773650e+00 2.223742748432431249e-01
3.151026865762735163e+00 -1.565512361484557857e-01
3.157316340544696676e+00 -1.445782218401490127e-01
3.163605815326658188e+00 -2.204971046514618838e-01
3.169895290108619701e+00 -4.729950623719882952e-01
3.176184764890581214e+00 -6.731441746065924825e-01
3.182474239672543170e+00 1.326833583200268674e-01
3.188763714454504683e+00 -8.014858568260119220e-02
3.195053189236466196e+00 -1.436238920567436184e+00
3.201342664018427708e+00 -6.799442377460753750e-01
3.207632138800389221e+00 2.298901380283586704e-01
3.213921613582350734e+00 -2.141999630184567849e-01
3.220211088364312246e+00 -8.380150198985214516e-01
3.226500563146273759e+00 -3.094241142384306364e-01
3.232790037928235272e+00 -1.148831156421820987e+00
3.239079512710196784e+00 -5.168412106381792270e-01
3.245368987492158297e+00 -3.083547123922338873e-01
3.251658462274119810e+00 -8.987991149280800673e-01
3.257947937056081322e+00 -4.750842137081638938e-01
3.264237411838043279e+00 2.855974243863279582e-01
3.270526886620004792e+00 3.718034378921002414e-01
3.276816361401966304e+00 -9.505922983455405983e-02
3.283105836183927817e+00 4.058399099213632066e-01
3.289395310965889330e+00 -1.069347073156801553e+00
3.295684785747850842e+00 5.510707327482968765e-01
3.301974260529812355e+00 5.145744229531721281e-01
3.308263735311773868e+00 -9.475265085453545844e-01
3.314553210093735380e+00 2.851674924443472481e-01
3.320842684875696893e+00 -8.676248364425840354e-01
3.327132159657658406e+00 -5.100658794156399667e-01
3.333421634439619918e+00 -5.167327621439721241e-02
3.339711109221581431e+00 2.551179422231825145e-01
3.346000584003543388e+00 6.071744400979333101e-01
3.352290058785504900e+00 1.932273360271377083e-01
3.358579533567466413e+00 9.860381148640873228e-01
3.364869008349427926e+00 1.293980103228487888e+00
3.371158483131389438e+00 -5.158217763167979308e-01
3.377447957913350951e+00 -7.117517433928077786e-02
3.383737432695312464e+00 7.297930799994328810e-01
3.390026907477273976e+00 -4.486952466638485237e-01
3.396316382259235489e+00 3.488415659310423744e-01
3.402605857041197002e+00 3.820714332322314721e-01
3.408895331823158514e+00 9.716609528628553649e-01
3.415184806605120027e+00 2.106597214426416675e-01
3.421474281387081540e+00 8.905802141036170960e-01
3.427763756169043496e+00 1.070898601477037415e+00
3.434053230951005009e+00 1.608114896014608552e+00
3.440342705732966522e+00 3.997715982682495395e-01
3.446632180514928034e+00 1.656084552957592049e+00
3.452921655296889547e+00 4.633679301830186947e-01
3.459211130078851060e+00 7.421022465097353304e-01
3.465500604860812572e+00 4.178258593401527610e-01
3.471790079642774085e+00 1.454425127280787877e-01
3.478079554424735598e+00 2.022780198416984088e-01
3.484369029206697110e+00 2.125174854576545869e+00
3.490658503988658623e+00 1.694153446881631497e+00
3.496947978770620136e+00 1.066885316416562812e+00
3.503237453552582092e+00 2.230864930086783104e+00
3.509526928334543605e+00 8.132980284910673596e-01
3.515816403116505118e+00 7.500555235732402348e-01
3.522105877898466630e+00 1.732366904377378169e+00
3.528395352680428143e+00 1.042167976739788449e+00
3.534684827462389656e+00 2.323535584042151214e+00
3.540974302244351168e+00 1.190452817206354874e+00
3.547263777026312681e+00 1.899979572405585682e+00
3.553553251808274194e+00 1.116894558401555049e+00
3.559842726590235706e+00 2.161175252325708840e+00
3.566132201372197219e+00 1.721670402715973935e+00
3.572421676154158732e+00 9.763196667878479840e-01
3.578711150936120244e+00 2.641939208038880604e+00
3.585000625718082201e+00 1.933377639813928184e+00
3.591290100500043714e+00 1.233428187960185163e+00
3.597579575282005226e+00 1.004546545316724604e+00
3.603869050063966739e+00 1.832203066116161905e+00
3.610158524845928252e+00 2.666033845044428308e+00
3.616447999627889764e+00 1.401529957062880749e+00
3.622737474409851277e+00 2.547927466227424276e+00
3.629026949191812790e+00 1.103096415370963257e+00
3.635316423973774302e+00 2.124626073504233492e+00
3.641605898755735815e+00 1.992985569370520071e+00
3.647895373537697328e+00 2.018469624849929644e+00
3.654184848319658840e+00 1.457162785436728836e+00
3.660474323101620353e+00 2.671276536923769207e+00
3.666763797883582310e+00 1.302227021021541198e+00
3.673053272665543822e+00 1.856374235722813015e+00
3.679342747447505335e+00 1.200213767358502048e+00
3.685632222229466848e+00 2.577646803507042339e+00
3.691921697011428360e+00 1.667290619977560118e+00
3.698211171793389873e+00 1.173369597787465191e+00
3.704500646575351386e+00 1.760645596595243001e+00
3.710790121357312898e+00 2.060228645902237865e+00
3.717079596139274411e+00 2.725873316520972089e+00
3.723369070921235924e+00 1.473903706641757294e+00
3.729658545703197436e+00 2.359797779919310834e+00
3.735948020485158949e+00 2.234322823947912706e+00
3.742237495267120462e+00 1.460738079796595867e+00
3.748526970049082419e+00 1.258162894221976247e+00
3.754816444831043931e+00 1.222723799416606916e+00
3.761105919613005444e+00 1.368958148767903893e+00
3.767395394394966956e+00 2.308006357839486711e+00
3.773684869176928469e+00 2.577618247837866861e+00
3.779974343958889982e+00 3.020812981189902047e+00
3.786263818740851494e+00 3.098612411878320483e+00
3.792553293522813007e+00 2.633194256856079996e+00
3.798842768304774520e+00 1.195115829738413016e+00
3.805132243086736032e+00 2.913700935402381731e+00
3.811421717868697545e+00 2.350656161489747653e+00
3.817711192650659058e+00 1.227211082344756843e+00
3.824000667432621015e+00 2.250510910650151075e+00
3.830290142214582527e+00 1.752587563198705345e+00
3.836579616996544040e+00 2.855679200177431376e+00
3.842869091778505553e+00 1.764111294116474937e+00
3.849158566560467065e+00 2.738181238501972814e+00
3.855448041342428578e+00 2.846373386553878504e+00
3.861737516124390091e+00 1.609924458403295011e+00
3.868026990906351603e+00 1.080038727644918817e+00
3.874316465688313116e+00 1.608581627624771748e+00
3.880605940470274628e+00 2.538376842104938635e+00
3.886895415252236141e+00 1.498914688694032105e+00
3.893184890034197654e+00 1.541408680867483394e+00
3.899474364816159166e+00 1.602733813401966412e+00
3.905763839598121123e+00 1.302585073549258787e+00
3.912053314380082636e+00 1.438612412856880240e+00
3.918342789162044149e+00 2.648460799266152410e+00
3.924632263944005661e+00 1.748211907295164291e+00
3.930921738725967174e+00 1.843152424211546681e+00
3.937211213507928687e+00 5.982759974150517746e-01
3.943500688289890199e+00 1.940234088934121415e+00
3.949790163071851712e+00 1.608997608329976181e+00
3.956079637853813225e+00 8.448868255148676010e-01
3.962369112635774737e+00 7.732803115193933596e-01
3.968658587417736250e+00 1.738972841788501089e+00
3.974948062199697763e+00 2.264800187727813885e+00
3.981237536981659275e+00 2.365850054819249149e+00
3.987527011763621232e+00 1.273246931242355107e+00
3.993816486545582745e+00 8.103764124416972248e-01
4.000105961327544257e+00 1.462678310715818775e+00
4.006395436109505326e+00 3.761627005437022664e-01
4.012684910891467283e+00 1.986165365878709510e+00
4.018974385673428351e+00 3.556788201603466870e-01
4.025263860455390308e+00 9.211177249997473115e-01
4.031553335237352265e+00 8.687331735859111781e-01
4.037842810019313333e+00 1.549610876058028719e+00
4.044132284801275290e+00 2.686351591570945718e-01
4.050421759583236359e+00 1.987396084327985424e+00
4.056711234365198315e+00 1.850042337813349314e-01
4.063000709147159384e+00 1.622346148341506367e-01
4.069290183929121341e+00 3.144297626922799016e-01
4.075579658711082409e+00 6.906272414026287665e-01
4.081869133493044366e+00 1.234455131170687947e+00
4.088158608275005435e+00 1.065168605082881026e+00
4.094448083056967391e+00 1.199597220175752099e+00
4.100737557838928460e+00 4.444669236495933928e-01
4.107027032620890417e+00 4.678750941193660640e-01
4.113316507402852373e+00 2.458697660348790059e-01
4.119605982184813442e+00 1.303365686955130442e+00
4.125895456966775399e+00 6.490591031567038982e-02
4.132184931748736467e+00 4.314275731583747109e-01
4.138474406530698424e+00 8.994773348065463470e-01
4.144763881312659493e+00 4.023832513420572132e-01
4.151053356094621449e+00 5.158633412890533121e-01
4.157342830876582518e+00 5.308744875280779763e-01
4.163632305658544475e+00 5.802389099570122166e-01
4.169921780440505543e+00 1.025003367943690291e+00
4.176211255222467500e+00 1.116053510744216437e+00
4.182500730004428569e+00 1.170812912199743483e+00
4.188790204786390525e+00 4.633017876783296352e-02
4.195079679568352482e+00 -4.623624799595553725e-01
4.201369154350313551e+00 -3.684791930281664518e-01
4.207658629132275507e+00 1.233930363479964321e+00
4.213948103914236576e+00 -2.121976086235883852e-01
4.220237578696198533e+00 1.234188242234153465e+00
4.226527053478159601e+00 1.176057799331073239e+00
4.232816528260121558e+00 8.772480317119557558e-02
4.239106003042082627e+00 8.881183794914049301e-01
4.245395477824044583e+00 -2.704815538894114191e-01
4.251684952606005652e+00 1.178533971508681111e+00
4.257974427387967609e+00 2.731592669947264795e-01
4.264263902169928677e+00 6.500086339217614473e-01
4.270553376951890634e+00 -5.549954658413012165e-01
4.276842851733852591e+00 4.517627020060416276e-01
4.283132326515813659e+00 -5.027637181931399191e-01
4.289421801297775616e+00 -1.946338042294486481e-01
4.295711276079736685e+00 1.043964872489859586e+00
4.302000750861698641e+00 -4.155276074996929747e-01
4.308290225643659710e+00 6.347395605520300688e-01
4.314579700425621667e+00 1.210933062619058642e+00
4.320869175207582735e+00 -2.170285422556786914e-01
4.327158649989544692e+00 -1.790338647406072292e-01
4.333448124771505761e+00 1.261071880105617327e+00
4.339737599553467717e+00 -1.609101622834174794e-02
4.346027074335428786e+00 2.362515543703088694e-01
4.352316549117390743e+00 6.186933630313600219e-01
4.358606023899352699e+00 5.389706583444783261e-01
4.364895498681313768e+00 1.211353205225627061e+00
4.371184973463275725e+00 -1.210012261258839317e-01
4.377474448245236793e+00 2.584589947036314284e-01
4.383763923027198750e+00 1.384188106268888108e+00
4.390053397809159819e+00 4.019638061390612416e-01
4.396342872591121775e+00 1.248691520034087787e+00
4.402632347373082844e+00 -3.127566413557421043e-01
4.408921822155044801e+00 4.765488280881657879e-01
4.415211296937005869e+00 1.366627425473217139e+00
4.421500771718967826e+00 -9.790700167693466849e-02
4.427790246500929783e+00 7.517240972737015969e-01
4.434079721282890851e+00 6.630841432176847183e-01
4.440369196064852808e+00 -3.611933785133158992e-02
4.446658670846813877e+00 3.164201534520001413e-01
4.452948145628775833e+00 2.987726278348501463e-01
4.459237620410736902e+00 7.493137801636999829e-01
4.465527095192698859e+00 4.930365929280325910e-01
4.471816569974659927e+00 -3.321759372378217945e-01
4.478106044756621884e+00 1.109467070840024938e+00
4.484395519538582953e+00 3.754925535475028830e-02
4.490684994320544909e+00 -4.307588960728858662e-03
4.496974469102505978e+00 1.384232455910170412e+00
4.503263943884467935e+00 -4.281264599160572448e-01
4.509553418666429891e+00 8.413392088492739340e-01
4.515842893448390960e+00 -3.175526592137815074e-01
4.522132368230352917e+00 8.683130991182483882e-01
4.528421843012313985e+00 -1.169718374726138599e-01
4.534711317794275942e+00 1.196902291308451494e-01
4.541000792576237011e+00 -3.300264573323355988e-01
4.547290267358198967e+00 4.597205540671975843e-01
4.553579742140160036e+00 1.349987945598434491e+00
4.559869216922121993e+00 4.741464910506776320e-02
4.566158691704083061e+00 4.286832386704280684e-01
4.572448166486045018e+00 1.398723542588751201e+00
4.578737641268006087e+00 4.340152129007245341e-01
4.585027116049968043e+00 8.917901347375948307e-01
4.591316590831930000e+00 3.629818400393065025e-01
4.597606065613891069e+00 1.563329305765251309e+00
4.603895540395853025e+00 -2.495053309528757479e-01
4.610185015177814094e+00 7.631043113062252470e-01
4.616474489959776051e+00 1.946912219198415062e-01
4.622763964741737119e+00 1.592362733430278343e+00
4.629053439523699076e+00 1.194784638575268731e+00
4.635342914305660145e+00 -6.652400864407981285e-02
4.641632389087622101e+00 3.203671728913393135e-02
4.647921863869583170e+00 1.534581492912712619e+00
4.654211338651545127e+00 1.604477312313156601e+00
4.660500813433506195e+00 -1.390401918859474617e-01
4.666790288215468152e+00 -3.858746757927833393e-02
4.673079762997430109e+00 4.165918902362345522e-01
4.679369237779391177e+00 1.345997711249931950e+00
4.685658712561353134e+00 2.174925521703646170e-01
4.691948187343314203e+00 1.387103879818354091e-01
4.698237662125276159e+00 -1.702235955145451063e-01
4.704527136907237228e+00 8.210804946395322546e-01
4.710816611689199185e+00 1.021024035650936357e+00
4.717106086471160253e+00 1.299766780465932303e+00
4.723395561253122210e+00 2.290102344719198713e-01
4.729685036035083279e+00 7.568008066391616051e-01
4.735974510817045235e+00 8.540074902535843560e-02
4.742263985599006304e+00 7.471091659639017557e-01
4.748553460380968261e+00 4.682654614533235393e-01
4.754842935162930218e+00 1.652164170149488465e+00
4.761132409944891286e+00 6.208683836250654675e-01
4.767421884726853243e+00 1.240410153398650239e+00
4.773711359508814311e+00 7.681683277075699312e-01
4.780000834290776268e+00 1.974536654848992878e-01
4.786290309072737337e+00 -2.831241219605216131e-01
4.792579783854699293e+00 1.604536835532345496e+00
4.798869258636660362e+00 7.206691648791436755e-01
4.805158733418622319e+00 1.302063459852726757e+00
4.811448208200583387e+00 2.368750668250092506e-01
4.817737682982545344e+00 8.996130868252969481e-01
4.824027157764506413e+00 7.906024265071405210e-01
4.830316632546468369e+00 1.483292197601612683e+00
4.836606107328430326e+00 -3.640127894929533481e-01
4.842895582110391395e+00 -9.741018128357492589e-02
4.849185056892353352e+00 1.098448039306786361e-01
4.855474531674314420e+00 9.519975146374196617e-01
4.861764006456276377e+00 -3.463913218917882841e-01
4.868053481238237445e+00 5.420399790646075466e-01
4.874342956020199402e+00 3.842377279567232851e-02
4.880632430802160471e+00 -3.388212886905888621e-01
4.886921905584122428e+00 1.042464186626622880e+00
4.893211380366083496e+00 -2.775589799918372069e-01
4.899500855148045453e+00 1.939046977438242392e-01
4.905790329930006521e+00 1.420025688918076234e+00
4.912079804711968478e+00 -1.362943737842865488e-01
4.918369279493930435e+00 -1.413744989022325260e-01
4.924658754275891503e+00 1.364290531699784426e+00
4.930948229057853460e+00 5.908121703093511812e-01
4.937237703839814529e+00 9.774093299470449914e-01
4.943527178621776486e+00 9.700606157626188164e-01
4.949816653403737554e+00 2.803641544300174981e-01
4.956106128185699511e+00 -2.353222753208976670e-01
4.962395602967660579e+00 -1.166478331306533001e-01
4.968685077749622536e+00 3.093572859239815953e-01
4.974974552531583605e+00 1.318081893491345635e+00
4.981264027313545562e+00 -2.398107619921370226e-01
4.987553502095506630e+00 9.461474131817794175e-01
4.993842976877468587e+00 -8.138691591131608227e-02
5.000132451659430544e+00 2.811450403498467754e-01
5.006421926441391612e+00 2.704660277708939020e-01
5.012711401223353569e+00 6.594149083024559710e-01
5.019000876005314637e+00 2.557068333897836165e-01
5.025290350787276594e+00 -4.479618479840319356e-01
5.031579825569237663e+00 -5.986480035210397510e-01
5.037869300351199620e+00 -5.672437202712869997e-01
5.044158775133160688e+00 2.228478158337016124e-01
5.050448249915122645e+00 -1.659145017208025763e-01
5.056737724697083713e+00 1.087291013628723935e+00
5.063027199479045670e+00 -6.631548588714843984e-01
5.069316674261006739e+00 6.864952281408602808e-01
5.075606149042968696e+00 4.539936156283717050e-01
5.081895623824930652e+00 1.189064543486258785e+00
5.088185098606891721e+00 4.883800445167644222e-01
5.094474573388853678e+00 7.130042674921782675e-01
5.100764048170814746e+00 5.083780943638587235e-01
5.107053522952776703e+00 9.758620052085063001e-01
5.113342997734737772e+00 4.253741128252479520e-01
5.119632472516699728e+00 4.756341144224269790e-01
5.125921947298660797e+00 6.469725457738476626e-01
5.132211422080622754e+00 -1.375374053178639588e-01
5.138500896862583822e+00 8.350819066396024670e-01
5.144790371644545779e+00 -4.388969720413665732e-01
5.151079846426506847e+00 1.003725411391115374e+00
5.157369321208468804e+00 -8.341541319093437323e-02
5.163658795990430761e+00 1.135961896865724352e+00
5.169948270772391830e+00 8.862209355939157929e-01
5.176237745554353786e+00 8.883664255891184913e-01
5.182527220336314855e+00 -7.240915006602639536e-01
5.188816695118276812e+00 8.799173897123565569e-01
5.195106169900237880e+00 -7.195361812642847577e-01
5.201395644682199837e+00 1.197178188837781931e+00
5.207685119464160906e+00 8.383109620931153971e-01
5.213974594246122862e+00 3.208899120963102369e-01
5.220264069028083931e+00 -5.050591585904233849e-01
5.226553543810045888e+00 -3.081118368403854557e-01
5.232843018592006956e+00 -7.583714749893233353e-02
5.239132493373968913e+00 1.085228422167136664e+00
5.245421968155930870e+00 5.761412497594136095e-01
5.251711442937891938e+00 -5.590644126628641075e-02
5.258000917719853895e+00 1.122758317421875818e+00
5.264290392501814964e+00 9.747730850374713985e-01
5.270579867283776920e+00 -4.599423589298063941e-01
5.276869342065737989e+00 1.357758506998456793e+00
5.283158816847699946e+00 1.574351295364365688e-01
5.289448291629661014e+00 -4.524874926041972945e-01
5.295737766411622971e+00 1.063870632146735051e+00
5.302027241193584040e+00 9.394555350028351848e-01
5.308316715975545996e+00 1.324480293980597967e+00
5.314606190757507953e+00 1.912378194145404886e-01
5.320895665539469022e+00 8.490058763690665478e-01
5.327185140321430978e+00 6.222473196965960796e-01
5.333474615103392047e+00 4.698336438983069518e-02
5.339764089885354004e+00 1.123597051360317067e+00
5.346053564667315072e+00 1.216352716150460589e+00
5.352343039449277029e+00 -2.346255042005275793e-01
5.358632514231238098e+00 1.418404551391627244e+00
5.364921989013200054e+00 -2.629820802710206018e-01
5.371211463795161123e+00 -1.245453680164931853e-01
5.377500938577123080e+00 4.954726884854180335e-01
5.383790413359084148e+00 1.527439137507097033e+00
5.390079888141046105e+00 2.668217341910767426e-01
5.396369362923008062e+00 5.121802393679338872e-01
5.402658837704969130e+00 1.463544134165114530e+00
5.408948312486931087e+00 1.599026273063366199e+00
5.415237787268892156e+00 8.250792943321085815e-01
5.421527262050854112e+00 7.629828672704963566e-02
5.427816736832815181e+00 5.890127916672247554e-01
5.434106211614777138e+00 1.962817096842210063e+00
5.440395686396738206e+00 9.594610548536490757e-01
5.446685161178700163e+00 1.838367270213070226e+00
5.452974635960661232e+00 1.004906910711414358e+00
5.459264110742623188e+00 1.103782068557705109e+00
5.465553585524584257e+00 6.842563016037253032e-01
5.471843060306546214e+00 1.500375605606955265e+00
5.478132535088508170e+00 1.836471625229169291e+00
5.484422009870469239e+00 5.294385618958747930e-01
5.490711484652431196e+00 3.156348325553112177e-01
5.497000959434392264e+00 1.967598708807717589e+00
5.503290434216354221e+00 2.083160908011663093e+00
5.509579908998315290e+00 1.314303229813099438e+00
5.515869383780277246e+00 1.309095854501235667e+00
5.522158858562238315e+00 1.558010127071222550e+00
5.528448333344200272e+00 4.654487295975528460e-01
5.534737808126161340e+00 1.181734699060512206e+00
5.541027282908123297e+00 6.871236505538373951e-01
5.547316757690084366e+00 1.791388950850592909e+00
5.553606232472046322e+00 1.156854780174672470e+00
5.559895707254008279e+00 1.551869134462454447e+00
5.566185182035969348e+00 2.009938041284908383e+00
5.572474656817931304e+00 6.878921227753261869e-01
5.578764131599892373e+00 2.424352925869419195e+00
5.585053606381854330e+00 2.569394081482581527e+00
5.591343081163815398e+00 1.078094168238610262e+00
5.597632555945777355e+00 2.186159002266514495e+00
5.603922030727738424e+00 2.266820153963357232e+00
5.610211505509700380e+00 1.396728886696576799e+00
5.616500980291661449e+00 2.363548820943633721e+00
5.622790455073623406e+00 1.425343865175036973e+00
5.629079929855584474e+00 2.350578399455109491e+00
5.635369404637546431e+00 1.515567826351305714e+00
5.641658879419508388e+00 8.787280939519577228e-01
5.647948354201469456e+00 7.209575409930537582e-01
5.654237828983431413e+00 2.074208252226447335e+00
5.660527303765392482e+00 8.565642262508614824e-01
5.666816778547354438e+00 1.456284866381556409e+00
5.673106253329315507e+00 2.478367581084572446e+00
5.679395728111277464e+00 2.224377680946952651e+00
5.685685202893238532e+00 1.490794105148451010e+00
5.691974677675200489e+00 1.012009216843336112e+00
5.698264152457161558e+00 1.293818788164170286e+00
5.704553627239123514e+00 9.459997500396890580e-01
5.710843102021084583e+00 1.802271291029981848e+00
5.717132576803046540e+00 2.139069430955449214e+00
5.723422051585008496e+00 1.204883313921499166e+00
5.729711526366969565e+00 1.963724749419739180e+00
5.736001001148931522e+00 2.353491135129064826e+00
5.742290475930892590e+00 1.472960649404087663e+00
5.748579950712854547e+00 2.188299453641911807e+00
5.754869425494815616e+00 2.323939521286931598e+00
5.761158900276777572e+00 2.224262779229368547e+00
5.767448375058738641e+00 2.502952138623258271e+00
5.773737849840700598e+00 2.329141921451193920e+00
5.780027324622661666e+00 1.375402432757926174e+00
5.786316799404623623e+00 1.250744422014395285e+00
5.792606274186584692e+00 1.331002330751141827e+00
5.798895748968546648e+00 2.400587276981826168e+00
5.805185223750508605e+00 6.306773784207559963e-01
5.811474698532469674e+00 1.952834222025636723e+00
5.817764173314431631e+00 2.216602711119787017e+00
5.824053648096392699e+00 4.493620896707299361e-01
5.830343122878354656e+00 1.916272217284023860e+00
5.836632597660315724e+00 1.666470050201200204e+00
5.842922072442277681e+00 1.007254438831282961e+00
5.849211547224238750e+00 1.273322424330523006e+00
5.855501022006200706e+00 1.137186264636609545e+00
5.861790496788161775e+00 2.881997831666285315e-01
5.868079971570123732e+00 8.770515461669283752e-01
5.874369446352084800e+00 4.878825441151857234e-01
5.880658921134046757e+00 9.932473208352421423e-01
5.886948395916008714e+00 1.430725955349146261e+00
5.893237870697969782e+00 1.465491777408004070e+00
5.899527345479931739e+00 1.554483359104529505e+00
5.905816820261892808e+00 7.278185687607250376e-01
5.912106295043854765e+00 1.177186936805491246e+00
5.918395769825815833e+00 9.084424190137463384e-01
5.924685244607777790e+00 -1.192134766618569430e-01
5.930974719389738858e+00 2.517935493755832366e-01
5.937264194171700815e+00 1.565071486935049272e+00
5.943553668953661884e+00 4.704756985410095682e-01
5.949843143735623840e+00 1.148200834102723444e+00
5.956132618517584909e+00 -1.616385774207966253e-01
5.962422093299546866e+00 5.704319182823025525e-01
5.968711568081508823e+00 5.272613300662642999e-02
5.975001042863469891e+00 1.327752704340303680e+00
5.981290517645431848e+00 1.178112992418971494e-01
5.987579992427392916e+00 7.230693159138965598e-01
5.993869467209354873e+00 -6.293479766773830697e-01
6.000158941991315942e+00 1.066177554890880064e+00
6.006448416773277899e+00 -6.227256606538003059e-01
6.012737891555238967e+00 7.313766244382122750e-01
6.019027366337200924e+00 -7.479698695190624136e-01
6.025316841119161992e+00 5.507598263682931261e-01
6.031606315901123949e+00 1.265691308402436821e-01
6.037895790683085906e+00 7.132293136971166181e-01
6.044185265465046974e+00 -4.855124579300407195e-01
6.050474740247008931e+00 -9.683036238125404260e-01
6.056764215028970000e+00 5.640376473988029105e-01
6.063053689810931957e+00 2.728987546970063072e-02
6.069343164592893025e+00 -9.580232908623773636e-01
6.075632639374854982e+00 -7.095363344532328309e-01
6.081922114156816050e+00 -1.135777386686960044e+00
6.088211588938778007e+00 -6.947838275381801321e-01
6.094501063720739076e+00 -4.159921098910706050e-01
6.100790538502701033e+00 -1.042979442891555752e+00
6.107080013284662101e+00 -9.728976180028965359e-01
6.113369488066624058e+00 -8.426572852732003849e-01
6.119658962848586015e+00 -1.556067146148023772e+00
6.125948437630547083e+00 -1.211495606725152774e+00
6.132237912412509040e+00 2.964510773048445458e-01
6.138527387194470109e+00 -1.180407352168895141e+00
6.144816861976432065e+00 -5.287262804398862315e-02
6.151106336758393134e+00 -8.190941661474337998e-01
6.157395811540355091e+00 -4.416089997479184515e-01
6.163685286322316159e+00 -9.671173187814292582e-01
6.169974761104278116e+00 -1.073718985353269373e+00
6.176264235886239184e+00 -3.770431592441902957e-01
6.182553710668201141e+00 -1.415543582108711451e+00
6.188843185450162210e+00 -1.218258650772748419e+00
6.195132660232124167e+00 -1.284516552780194498e+00
6.201422135014086123e+00 -1.579058794138467059e+00
6.207711609796047192e+00 -1.214245191951393243e+00
6.214001084578009149e+00 -1.869690212197932411e+00
6.220290559359970217e+00 -2.424780810341642390e-01
6.226580034141932174e+00 -4.006467738805397083e-01
6.232869508923893243e+00 -1.978786580103599313e+00
6.239158983705855199e+00 -1.308568900619626163e+00
6.245448458487816268e+00 -6.908718747666322546e-01
6.251737933269778225e+00 -1.810019634071633909e+00
6.258027408051739293e+00 -3.446811281963011453e-01
6.264316882833701250e+00 -2.012038583704730321e+00
6.270606357615662318e+00 -1.515979899223476535e+00
6.276895832397624275e+00 -1.444162238844566293e+00
6.283185307179586232e+00 -1.952468139901744726e+00
