0.000000000000000000e+00 6.013153218241742426e-01
6.289474781961547356e-03 1.011189844279118510e+00
1.257894956392309471e-02 -1.418819847899119857e-01
1.886842434588464207e-02 7.998403948647497819e-01
2.515789912784618942e-02 1.085363012319516818e+00
3.144737390980773678e-02 4.597713210064139910e-01
3.773684869176928414e-02 -6.453303158167700282e-02
4.402632347373083149e-02 8.250118336776437467e-01
5.031579825569237885e-02 1.734137136924562839e-01
5.660527303765392620e-02 1.278896312751394149e+00
6.289474781961547356e-02 6.495234712013788769e-01
6.918422260157702786e-02 3.245038577372794109e-02
7.547369738353856827e-02 -2.113435440433534818e-01
8.176317216550010869e-02 -2.948144559173609403e-01
8.805264694746166299e-02 1.507071027278129582e+00
9.434212172942321728e-02 8.584418216334721574e-01
1.006315965113847577e-01 1.289201089536524236e+00
1.069210712933462981e-01 1.047911420893719470e+00
1.132105460753078524e-01 -9.204486508323095340e-02
1.195000208572694067e-01 1.065517215885450453e+00
1.257894956392309471e-01 6.760323908988430386e-01
1.320789704211924875e-01 9.188000959775910470e-02
1.383684452031540557e-01 7.441310661738504972e-01
1.446579199851155961e-01 5.451896532798539141e-01
1.509473947670771365e-01 6.802277535600307345e-01
1.572368695490386770e-01 -2.154930330728361820e-01
1.635263443310002174e-01 -2.198597355717525348e-01
1.698158191129617856e-01 1.258181996140289804e+00
1.761052938949233260e-01 9.748148445314670507e-01
1.823947686768848664e-01 1.133411959481965159e+00
1.886842434588464346e-01 4.149828982663722465e-01
1.949737182408079750e-01 7.365443596793297409e-01
2.012631930227695154e-01 6.918484788296292987e-01
2.075526678047310558e-01 7.120903855599686194e-01
2.138421425866925962e-01 5.197248893401782421e-01
2.201316173686541644e-01 1.032899885418556707e+00
2.264210921506157048e-01 1.255725891473038924e+00
2.327105669325772452e-01 -9.709580774912929257e-02
2.390000417145388134e-01 -3.960182309906912224e-03
2.452895164965003538e-01 6.568389006034605071e-01
2.515789912784618942e-01 8.487405948827975166e-02
2.578684660604234624e-01 4.540899805625313035e-01
2.641579408423849751e-01 6.879830033540014211e-01
2.704474156243465433e-01 1.218347848912399334e+00
2.767368904063081114e-01 1.345380951123557489e+00
2.830263651882696241e-01 1.362335158101788846e+00
2.893158399702311923e-01 4.495110609675375124e-01
2.956053147521927049e-01 3.490041567487797147e-01
3.018947895341542731e-01 1.086456440382687960e+00
3.081842643161158413e-01 -3.504983723268457751e-01
3.144737390980773539e-01 1.400911993294607694e+00
3.207632138800389221e-01 1.453274962161287265e-01
3.270526886620004348e-01 6.594088088522533919e-01
3.333421634439620029e-01 1.024114453119254087e+00
3.396316382259235711e-01 1.384613324996513128e-01
3.459211130078850838e-01 1.300211912479916743e+00
3.522105877898466519e-01 -2.300659840535541623e-01
3.585000625718082201e-01 5.153687816188444737e-01
3.647895373537697328e-01 -4.404115727251882717e-01
3.710790121357313009e-01 7.325503405526094802e-01
3.773684869176928691e-01 1.168606538155168018e+00
3.836579616996543818e-01 -5.938669711349587876e-01
3.899474364816159500e-01 8.590335844915735208e-01
3.962369112635774626e-01 3.932995054435066695e-01
4.025263860455390308e-01 -6.843311971238087432e-01
4.088158608275005990e-01 -3.579632515335510190e-01
4.151053356094621116e-01 -2.523036131732991905e-03
4.213948103914236798e-01 -5.356767285138281931e-01
4.276842851733851925e-01 9.616054195052664566e-01
4.339737599553467606e-01 9.935303224978282444e-01
4.402632347373083288e-01 6.973406678685003524e-01
4.465527095192698415e-01 -6.751668923910105757e-01
4.528421843012314096e-01 5.540252233372251478e-01
4.591316590831929778e-01 5.900299924959953035e-01
4.654211338651544905e-01 5.889789023552092218e-01
4.717106086471160586e-01 4.839848056404850718e-01
4.780000834290776268e-01 4.143188767413512608e-01
4.842895582110391395e-01 -5.564135013402836671e-01
4.905790329930007077e-01 -2.841129167856684123e-01
4.968685077749622203e-01 -8.209993376940023513e-01
5.031579825569237885e-01 -1.952763924232336912e-02
5.094474573388853011e-01 -1.909878418270627431e-01
5.157369321208469248e-01 -2.861577306673159793e-01
5.220264069028084375e-01 -7.284789100397135453e-01
5.283158816847699502e-01 7.326495836669031370e-01
5.346053564667315738e-01 -9.369181523207710249e-01
5.408948312486930865e-01 -5.980033423661335057e-01
5.471843060306545992e-01 -8.201076658541497366e-01
5.534737808126162228e-01 3.067325477140214751e-01
5.597632555945777355e-01 -2.229901812118961768e-01
5.660527303765392482e-01 3.423502143591128366e-01
5.723422051585007608e-01 -9.360483422904484208e-01
5.786316799404623845e-01 2.873557242697470926e-01
5.849211547224238972e-01 -8.444740346847965373e-01
5.912106295043854098e-01 -9.626416737111995747e-01
5.975001042863470335e-01 3.302235291454092003e-01
6.037895790683085462e-01 6.660097990163227344e-02
6.100790538502700588e-01 2.812713445383305810e-01
6.163685286322316825e-01 -9.933861720412102692e-01
6.226580034141931952e-01 -1.119299150862525849e+00
6.289474781961547079e-01 -6.499841445689940045e-01
6.352369529781163315e-01 -6.854410685699647843e-01
6.415264277600778442e-01 -5.027494674221546500e-01
6.478159025420393569e-01 2.490627075311859784e-01
6.541053773240008695e-01 -5.258968029677741907e-01
6.603948521059624932e-01 -4.044712935355971872e-01
6.666843268879240059e-01 5.075940899859279209e-01
6.729738016698855185e-01 -6.605092980631037669e-01
6.792632764518471422e-01 5.757336420437608737e-02
6.855527512338086549e-01 -4.769684874200070812e-01
6.918422260157701675e-01 -1.163741102560831964e+00
6.981317007977317912e-01 -1.133356704148227756e+00
7.044211755796933039e-01 7.019803522326746315e-01
7.107106503616548165e-01 3.042874301985905028e-01
7.170001251436164402e-01 -8.522686826415508676e-01
7.232895999255779529e-01 5.857304704371955051e-01
7.295790747075394655e-01 -7.856128901202481529e-01
7.358685494895010892e-01 3.592304569323356844e-01
7.421580242714626019e-01 4.679200069659190664e-01
7.484474990534241146e-01 3.639501739190278418e-01
7.547369738353857382e-01 5.065045716567952994e-01
7.610264486173472509e-01 -5.708247834672628418e-01
7.673159233993087636e-01 6.190659114267482721e-02
7.736053981812702762e-01 -5.255549139030921690e-01
7.798948729632318999e-01 4.321726350192431898e-01
7.861843477451934126e-01 2.877370326476600404e-01
7.924738225271549252e-01 4.377405220644923212e-01
7.987632973091165489e-01 -4.288765606205358072e-01
8.050527720910780616e-01 2.565711435224145021e-01
8.113422468730395742e-01 9.415880237517386675e-01
8.176317216550011979e-01 5.268887458287183634e-01
8.239211964369627106e-01 -6.336846989054492063e-01
8.302106712189242232e-01 9.308744381152023184e-01
8.365001460008858469e-01 6.194770121347645819e-01
8.427896207828473596e-01 -4.276874572795447138e-01
8.490790955648088723e-01 1.099956449118542734e+00
8.553685703467703849e-01 9.405948425241223987e-01
8.616580451287320086e-01 -9.626081284781973224e-02
8.679475199106935213e-01 1.013153159425216110e+00
8.742369946926550339e-01 4.791106146542032374e-01
8.805264694746166576e-01 8.843936520351598496e-01
8.868159442565781703e-01 3.467119106128109252e-01
8.931054190385396829e-01 5.714761030728854330e-01
8.993948938205013066e-01 7.486088835461612856e-02
9.056843686024628193e-01 1.169844438545462717e+00
9.119738433844243319e-01 1.377733362576699427e+00
9.182633181663859556e-01 3.286946159875945295e-01
9.245527929483474683e-01 7.527782345417506349e-01
9.308422677303089809e-01 2.546921675602936697e-01
9.371317425122706046e-01 1.085982076087397719e+00
9.434212172942321173e-01 1.554996750301263608e+00
9.497106920761936300e-01 1.989327250402018188e-01
9.560001668581552536e-01 -1.989395481073463756e-03
9.622896416401167663e-01 8.022783606932337719e-02
9.685791164220782790e-01 7.591474328508276415e-01
9.748685912040397916e-01 1.086740797903629430e+00
9.811580659860014153e-01 4.624264925579801844e-01
9.874475407679629280e-01 7.336869652296766908e-01
9.937370155499244406e-01 8.274915142279226643e-01
1.000026490331886064e+00 8.732177407350920628e-01
1.006315965113847577e+00 1.472735313557158587e-01
1.012605439895809090e+00 1.047974541701129247e+00
1.018894914677770602e+00 1.015121689382114667e+00
1.025184389459732115e+00 5.374382804993389495e-01
1.031473864241693850e+00 1.542997402762971593e+00
1.037763339023655362e+00 6.097008712879593562e-01
1.044052813805616875e+00 3.739327495566684978e-01
1.050342288587578388e+00 1.879637207255230757e+00
1.056631763369539900e+00 1.629941935497520422e+00
1.062921238151501413e+00 6.469352470708997771e-01
1.069210712933463148e+00 1.543536875758222182e+00
1.075500187715424660e+00 1.892158864343404634e+00
1.081789662497386173e+00 1.397155218604600790e+00
1.088079137279347686e+00 1.068491734938186166e+00
1.094368612061309198e+00 2.552121562494519047e+00
1.100658086843270711e+00 9.485268574409758680e-01
1.106947561625232446e+00 2.568709622944138182e+00
1.113237036407193958e+00 8.168023401314472576e-01
1.119526511189155471e+00 2.678015107720782773e+00
1.125815985971116984e+00 1.364158918672322418e+00
1.132105460753078496e+00 1.820513754801238004e+00
1.138394935535040009e+00 2.149999675331776494e+00
1.144684410317001522e+00 1.116793470530185406e+00
1.150973885098963256e+00 1.894764471897339986e+00
1.157263359880924769e+00 2.075830927521597147e+00
1.163552834662886282e+00 1.690666957511877344e+00
1.169842309444847794e+00 2.064949913996363851e+00
1.176131784226809307e+00 2.606691557707892404e+00
1.182421259008770820e+00 1.581128197412400294e+00
1.188710733790732554e+00 2.669575275696780992e+00
1.195000208572694067e+00 1.820441077255116280e+00
1.201289683354655580e+00 2.084010496193896778e+00
1.207579158136617092e+00 1.087926509745462900e+00
1.213868632918578605e+00 1.304952394991586662e+00
1.220158107700540118e+00 2.123133016248674565e+00
1.226447582482501630e+00 2.612803561664756913e+00
1.232737057264463365e+00 2.529618475869711780e+00
1.239026532046424878e+00 2.947724804901002749e+00
1.245316006828386390e+00 1.542772793003112985e+00
1.251605481610347903e+00 1.831674007612182908e+00
1.257894956392309416e+00 1.722922303034086333e+00
1.264184431174270928e+00 3.048453136709875722e+00
1.270473905956232663e+00 2.298941448054896863e+00
1.276763380738194176e+00 2.800029913369268542e+00
1.283052855520155688e+00 1.824973672080922871e+00
1.289342330302117201e+00 2.592404979412679111e+00
1.295631805084078714e+00 2.965110051518901280e+00
1.301921279866040226e+00 2.116041890379046553e+00
1.308210754648001739e+00 1.234792813566436109e+00
1.314500229429963474e+00 2.122784210203432664e+00
1.320789704211924986e+00 1.976380288130421325e+00
1.327079178993886499e+00 1.611805664964256701e+00
1.333368653775848012e+00 2.938682089882154624e+00
1.339658128557809524e+00 2.402599976445566554e+00
1.345947603339771037e+00 1.404743608152194012e+00
1.352237078121732772e+00 1.089541745632182312e+00
1.358526552903694284e+00 1.372459008140995529e+00
1.364816027685655797e+00 2.780776188391618220e+00
1.371105502467617310e+00 2.819631102543767032e+00
1.377394977249578822e+00 1.212655848620908472e+00
1.383684452031540335e+00 2.934754356826789756e+00
1.389973926813502070e+00 2.037085417271994103e+00
1.396263401595463582e+00 2.094867981908030696e+00
1.402552876377425095e+00 9.302576744667063746e-01
1.408842351159386608e+00 2.588307326360725469e+00
1.415131825941348120e+00 1.589621337466601059e+00
1.421421300723309633e+00 2.736424339847342235e+00
1.427710775505271146e+00 1.697100501573976405e+00
1.434000250287232880e+00 1.873481075107701344e+00
1.440289725069194393e+00 1.094732886290149976e+00
1.446579199851155906e+00 1.118014661370742457e+00
1.452868674633117418e+00 2.304426935132714682e+00
1.459158149415078931e+00 1.650646757702382006e+00
1.465447624197040444e+00 6.884589679120330930e-01
1.471737098979002178e+00 1.407485637313587334e+00
1.478026573760963691e+00 6.942217496602632876e-01
1.484316048542925204e+00 1.939305083664123019e+00
1.490605523324886716e+00 1.800210399611257062e+00
1.496894998106848229e+00 2.303063712302680255e+00
1.503184472888809742e+00 1.417218382477520411e+00
1.509473947670771476e+00 7.313205950722601045e-01
1.515763422452732989e+00 6.941792953333530969e-01
1.522052897234694502e+00 1.848158190527327438e+00
1.528342372016656014e+00 1.952987592763652636e+00
1.534631846798617527e+00 1.982962453671833103e+00
1.540921321580579040e+00 1.822084191411248222e+00
1.547210796362540552e+00 8.425816797558774440e-02
1.553500271144502287e+00 -6.722919311125236108e-02
1.559789745926463800e+00 1.328273605966130422e+00
1.566079220708425312e+00 -2.000407681724798159e-01
1.572368695490386825e+00 1.225270945183341897e+00
1.578658170272348338e+00 1.822617781531044034e-02
1.584947645054309850e+00 2.880157915128701562e-01
1.591237119836271585e+00 -1.591997039787830803e-01
1.597526594618233098e+00 6.447789115903039825e-01
1.603816069400194610e+00 -3.540110856354461433e-01
1.610105544182156123e+00 1.297497321999890652e+00
1.616395018964117636e+00 -2.374825128590560830e-01
1.622684493746079148e+00 1.197596891384994366e+00
1.628973968528040661e+00 6.111625172137072903e-01
1.635263443310002396e+00 -4.720893061033577531e-01
1.641552918091963909e+00 -3.572422162241145616e-01
1.647842392873925421e+00 5.841748361333052308e-01
1.654131867655886934e+00 8.724990107026768804e-01
1.660421342437848446e+00 3.050510458625057542e-01
1.666710817219809959e+00 -9.850566509239924162e-01
1.673000292001771694e+00 -2.975643615765140026e-01
1.679289766783733207e+00 1.253522442814682947e-01
1.685579241565694719e+00 -7.017508229684707999e-01
1.691868716347656232e+00 -4.722882426009700207e-01
1.698158191129617745e+00 -5.317252549881548163e-01
1.704447665911579257e+00 -7.100355856082167794e-01
1.710737140693540770e+00 -7.776749868408643351e-01
1.717026615475502505e+00 5.210132925268815551e-01
1.723316090257464017e+00 -2.318867757275624442e-01
1.729605565039425530e+00 -4.383659780460886779e-01
1.735895039821387043e+00 -1.279860721946624036e-01
1.742184514603348555e+00 -7.467765908917955997e-01
1.748473989385310068e+00 3.484044369205723246e-01
1.754763464167271803e+00 -1.447528603432438166e+00
1.761052938949233315e+00 -4.706500559394115601e-01
1.767342413731194828e+00 -1.481224751788232208e+00
1.773631888513156341e+00 -8.686943982301098544e-02
1.779921363295117853e+00 -1.680480919119025751e+00
1.786210838077079366e+00 -3.803788639055367682e-01
1.792500312859041101e+00 -6.216298285911106003e-01
1.798789787641002613e+00 -4.995996411011711658e-01
1.805079262422964126e+00 -6.912968558093868232e-02
1.811368737204925639e+00 -4.657301775703499569e-01
1.817658211986887151e+00 -2.786734364959462251e-01
1.823947686768848664e+00 -3.277635667284575227e-01
1.830237161550810177e+00 -7.051162264201615848e-01
1.836526636332771911e+00 -5.821796718053071640e-01
1.842816111114733424e+00 -5.841337051855006735e-01
1.849105585896694937e+00 -1.462896698725709266e+00
1.855395060678656449e+00 -1.387900492365261584e+00
1.861684535460617962e+00 -1.275513349422757736e+00
1.867974010242579475e+00 -1.480832097203310882e+00
1.874263485024541209e+00 -4.864886104584238424e-01
1.880552959806502722e+00 -1.777577317428113979e-01
1.886842434588464235e+00 -1.882098105358666951e+00
1.893131909370425747e+00 -1.536642225372010895e+00
1.899421384152387260e+00 -1.484612457374480776e+00
1.905710858934348773e+00 -8.942427611297698586e-01
1.912000333716310507e+00 -3.695952702142710766e-01
1.918289808498272020e+00 -1.210546373716154589e+00
1.924579283280233533e+00 -1.303515433071478213e-01
1.930868758062195045e+00 -4.062274877827440900e-01
1.937158232844156558e+00 -3.356213586407541527e-01
1.943447707626118071e+00 -1.234992209068171976e+00
1.949737182408079583e+00 -5.031834061088125143e-01
1.956026657190041318e+00 -1.476513549824364890e+00
1.962316131972002831e+00 -1.084547129921398456e+00
1.968605606753964343e+00 -8.022025783486943507e-01
1.974895081535925856e+00 -1.418312690086665828e+00
1.981184556317887369e+00 -1.139360723239906337e+00
1.987474031099848881e+00 -9.049987761996591829e-02
1.993763505881810616e+00 6.560830022994301736e-02
2.000052980663772129e+00 -7.945144394267966703e-04
2.006342455445733641e+00 -1.077665519811274786e+00
2.012631930227695154e+00 -6.987727282068001422e-01
2.018921405009656667e+00 2.316196791910174468e-01
2.025210879791618179e+00 4.055711200652667436e-02
2.031500354573579692e+00 -1.009832846480417601e+00
2.037789829355541205e+00 -9.332745583386097277e-01
2.044079304137502717e+00 -2.217322122007705509e-01
2.050368778919464230e+00 -9.885136580473263823e-01
2.056658253701426187e+00 5.465972199952517929e-01
2.062947728483387699e+00 -1.298522217599184403e+00
2.069237203265349212e+00 6.089422217179698560e-01
2.075526678047310725e+00 5.675808359256484525e-01
2.081816152829272237e+00 -6.036624668198733445e-01
2.088105627611233750e+00 7.744155742924292429e-01
2.094395102393195263e+00 -5.811412473244106369e-01
2.100684577175156775e+00 1.619516380748331486e-01
2.106974051957118288e+00 6.508658028934338757e-01
2.113263526739079801e+00 8.239614740542688942e-03
2.119553001521041313e+00 -4.531859490408773894e-01
2.125842476303002826e+00 4.222801028161193848e-03
2.132131951084964339e+00 8.131868032310212158e-01
2.138421425866926295e+00 1.146187029622193432e+00
2.144710900648887808e+00 1.088712864683769599e+00
2.151000375430849321e+00 -1.073094837356112219e-01
2.157289850212810833e+00 1.256023055113790754e+00
2.163579324994772346e+00 8.350647535522521814e-01
2.169868799776733859e+00 1.550381301486458252e+00
2.176158274558695371e+00 5.417440202251961878e-01
2.182447749340656884e+00 -2.260374520589469860e-03
2.188737224122618397e+00 3.338122949887584734e-01
2.195026698904579909e+00 4.334748075952734592e-01
2.201316173686541422e+00 1.855437941224340692e+00
2.207605648468502935e+00 1.510591248672300324e+00
2.213895123250464891e+00 4.784705445198447205e-01
2.220184598032426404e+00 1.448100508339264403e+00
2.226474072814387917e+00 7.360182491158393514e-01
2.232763547596349429e+00 2.134634908769172945e+00
2.239053022378310942e+00 1.854141695772420162e+00
2.245342497160272455e+00 9.793606576254896279e-01
2.251631971942233967e+00 2.329603166731106345e+00
2.257921446724195480e+00 1.565251400613831168e+00
2.264210921506156993e+00 7.698138633550344334e-01
2.270500396288118505e+00 2.345629487352316467e+00
2.276789871070080018e+00 1.314278617379524672e+00
2.283079345852041531e+00 1.199377751029391925e+00
2.289368820634003043e+00 2.746521612826330117e+00
2.295658295415965000e+00 1.264109365623684589e+00
2.301947770197926513e+00 1.189887294225401959e+00
2.308237244979888025e+00 2.103526922471252281e+00
2.314526719761849538e+00 2.234595458057006212e+00
2.320816194543811051e+00 1.541789565937986550e+00
2.327105669325772563e+00 2.029630541844873903e+00
2.333395144107734076e+00 1.880127632783276992e+00
2.339684618889695589e+00 2.639059439507559723e+00
2.345974093671657101e+00 1.842316544470336215e+00
2.352263568453618614e+00 3.056204912317757039e+00
2.358553043235580127e+00 2.901064656066406400e+00
2.364842518017541639e+00 2.880191895068886954e+00
2.371131992799503152e+00 2.084880984991613673e+00
2.377421467581465109e+00 2.881533500572804662e+00
2.383710942363426621e+00 2.080306843435342223e+00
2.390000417145388134e+00 1.788613880020286206e+00
2.396289891927349647e+00 2.033864598541344382e+00
2.402579366709311159e+00 2.899767345978411015e+00
2.408868841491272672e+00 3.204620399694748656e+00
2.415158316273234185e+00 2.636583620249736359e+00
2.421447791055195697e+00 3.308704255015551432e+00
2.427737265837157210e+00 1.988976943559661592e+00
2.434026740619118723e+00 3.638434209336508296e+00
2.440316215401080235e+00 2.731626733921778794e+00
2.446605690183041748e+00 2.716809111050237924e+00
2.452895164965003261e+00 3.308242128625104250e+00
2.459184639746965217e+00 3.435271011813986419e+00
2.465474114528926730e+00 3.543084139437404190e+00
2.471763589310888243e+00 2.165536141499699863e+00
2.478053064092849755e+00 3.876748803016259792e+00
2.484342538874811268e+00 3.810849768540037541e+00
2.490632013656772781e+00 3.405070179974509337e+00
2.496921488438734293e+00 3.305231484351073945e+00
2.503210963220695806e+00 3.295468439704106522e+00
2.509500438002657319e+00 3.855392686775000577e+00
2.515789912784618831e+00 3.146420925305361216e+00
2.522079387566580344e+00 2.941174725170042414e+00
2.528368862348541857e+00 3.866113973131072967e+00
2.534658337130503369e+00 2.118038541732967239e+00
2.540947811912465326e+00 3.634561418895017937e+00
2.547237286694426839e+00 2.488442321614455111e+00
2.553526761476388351e+00 3.476988874513874173e+00
2.559816236258349864e+00 1.977031082013875452e+00
2.566105711040311377e+00 3.010734606615186770e+00
2.572395185822272889e+00 3.103397369928532878e+00
2.578684660604234402e+00 3.576724795336034823e+00
2.584974135386195915e+00 3.692868395674496540e+00
2.591263610168157427e+00 1.998816967443123982e+00
2.597553084950118940e+00 2.810293318065811174e+00
2.603842559732080453e+00 3.376396104007673760e+00
2.610132034514041965e+00 2.524969767875564042e+00
2.616421509296003478e+00 1.801763990512726954e+00
2.622710984077965435e+00 2.189593199514286770e+00
2.629000458859926947e+00 2.094719870633330761e+00
2.635289933641888460e+00 1.879022402807963399e+00
2.641579408423849973e+00 3.131225485282167043e+00
2.647868883205811485e+00 2.698466147275392579e+00
2.654158357987772998e+00 2.869643003351071364e+00
2.660447832769734511e+00 1.575806865269817392e+00
2.666737307551696023e+00 1.866786855204032536e+00
2.673026782333657536e+00 2.065724579518910087e+00
2.679316257115619049e+00 2.481489039331632007e+00
2.685605731897580561e+00 3.123081012371984766e+00
2.691895206679542074e+00 1.283383358218884718e+00
2.698184681461504031e+00 2.096362270051388421e+00
2.704474156243465544e+00 1.099153655721778700e+00
2.710763631025427056e+00 2.330126229381630054e+00
2.717053105807388569e+00 2.606116069349471154e+00
2.723342580589350082e+00 2.866986051982108208e+00
2.729632055371311594e+00 1.993122661294434828e+00
2.735921530153273107e+00 1.686120333233273705e+00
2.742211004935234619e+00 2.226372951397075362e+00
2.748500479717196132e+00 8.379467811754689466e-01
2.754789954499157645e+00 7.118317279592806246e-01
2.761079429281119157e+00 1.936418994348258149e+00
2.767368904063080670e+00 8.033846114359444179e-01
2.773658378845042183e+00 1.072053104072065333e+00
2.779947853627004140e+00 1.432711148204933060e+00
2.786237328408965652e+00 5.612518467064882000e-01
2.792526803190927165e+00 4.544701629698440493e-01
2.798816277972888678e+00 3.953334346840211011e-01
2.805105752754850190e+00 6.203010336250395218e-01
2.811395227536811703e+00 1.349250721002008380e+00
2.817684702318773216e+00 1.534484346781556985e+00
2.823974177100734728e+00 8.247205791074641024e-01
2.830263651882696241e+00 3.855212198069001839e-01
2.836553126664657754e+00 1.104206393833322197e+00
2.842842601446619266e+00 7.875821339521704711e-01
2.849132076228580779e+00 7.025965669797036295e-01
2.855421551010542291e+00 2.614712472919716868e-02
2.861711025792504248e+00 4.405025127558829245e-01
2.868000500574465761e+00 -7.662763694436641737e-02
2.874289975356427274e+00 6.855663799406668257e-01
2.880579450138388786e+00 1.017753554660741244e+00
2.886868924920350299e+00 8.111807653949042463e-01
2.893158399702311812e+00 1.101496655090728360e+00
2.899447874484273324e+00 1.133029701754907137e+00
2.905737349266234837e+00 1.354223951421330563e-01
2.912026824048196350e+00 8.441701476190488496e-01
2.918316298830157862e+00 -2.989538112017007254e-01
2.924605773612119375e+00 2.119595007746007953e-01
2.930895248394080888e+00 4.125095973728967191e-01
2.937184723176042400e+00 -4.789894799119394087e-01
2.943474197958004357e+00 -1.367354852453661618e-01
2.949763672739965870e+00 -4.634117536832502715e-01
2.956053147521927382e+00 1.769089078523682357e-01
2.962342622303888895e+00 -6.022578929399458048e-01
2.968632097085850408e+00 -5.741000740126256385e-01
2.974921571867811920e+00 -8.144767356174509310e-02
2.981211046649773433e+00 -4.862743191374083729e-01
2.987500521431734946e+00 1.611698778325105774e-01
2.993789996213696458e+00 -2.084482733301402657e-01
3.000079470995657971e+00 1.641519442001047047e-01
3.006368945777619484e+00 3.949939222888521062e-01
3.012658420559580996e+00 -3.621660103673813857e-01
3.018947895341542953e+00 2.993781828925157207e-02
3.025237370123504466e+00 -1.206760126623581897e+00
3.031526844905465978e+00 -1.490252874358332758e+00
3.037816319687427491e+00 3.585496407368948812e-01
3.044105794469389004e+00 -1.054902541547861894e-01
3.050395269251350516e+00 -1.179035640153690334e+00
3.056684744033312029e+00 -6.136154350847857764e-01
3.062974218815273542e+00 -1.481544476537673294e+00
3.069263693597235054e+00 -8.538123910091457436e-01
3.075553168379196567e+00 -8.289233025219799877e-02
3.081842643161158080e+00 1.739105706700216913e-03
3.088132117943119592e+00 -8.642389017681593177e-01
3.094421592725081105e+00 -1.175371084028463464e+00
3.100711067507043062e+00 -8.091430025096355561e-01
3.107000542289004574e+00 -6.817570658427667407e-01
3.113290017070966087e+00 1.342110661566036089e-01
3.119579491852927600e+00 -4.990308224682238336e-01
3.125868966634889112e+00 1.748047302778754641e-02
3.132158441416850625e+00 -7.452484392093812193e-01
3.138447916198812138e+00 2.622346556255263916e-01
3.144737390980773650e+00 -1.690006878441522531e+00
3.151026865762735163e+00 -1.170487613081043987e+00
3.157316340544696676e+00 2.822161180865672137e-01
3.163605815326658188e+00 -1.387898775071930269e+00
3.169895290108619701e+00 -2.760354043060053719e-01
3.176184764890581214e+00 -1.013109664502129803e-01
3.182474239672543170e+00 -1.393623074175503795e+00
3.188763714454504683e+00 -9.362609400640107271e-01
3.195053189236466196e+00 -1.617886214234299569e+00
3.201342664018427708e+00 -1.236840949633466913e+00
3.207632138800389221e+00 -4.835850347136372296e-01
3.213921613582350734e+00 -1.098828761472422366e+00
3.220211088364312246e+00 -3.709200160760675047e-01
3.226500563146273759e+00 -1.081988873714149868e+00
3.232790037928235272e+00 3.511603828381606451e-01
3.239079512710196784e+00 1.412240774505146845e-01
3.245368987492158297e+00 -1.174604516169761581e-01
3.251658462274119810e+00 -1.177024624140591280e+00
3.257947937056081322e+00 -6.848870887089042458e-01
3.264237411838043279e+00 -3.598914489946856143e-01
3.270526886620004792e+00 -9.119615254166419938e-01
3.276816361401966304e+00 -4.719551427330734850e-01
3.283105836183927817e+00 9.082384858640590863e-02
3.289395310965889330e+00 -4.155730825013976837e-01
3.295684785747850842e+00 3.996174343733454037e-01
3.301974260529812355e+00 4.895398181781545066e-01
3.308263735311773868e+00 3.657019333419377904e-01
3.314553210093735380e+00 -8.398312403288188399e-01
3.320842684875696893e+00 -5.088153104405934712e-02
3.327132159657658406e+00 -1.499466668390619928e-01
3.333421634439619918e+00 -7.648957797924422763e-01
3.339711109221581431e+00 9.205006539549444033e-01
3.346000584003543388e+00 1.970187471887339115e-01
3.352290058785504900e+00 2.780209284709331818e-01
3.358579533567466413e+00 -9.072198813726872757e-02
3.364869008349427926e+00 1.994103204678396857e-01
3.371158483131389438e+00 -2.502104762715743336e-01
3.377447957913350951e+00 -4.734798082778817196e-01
3.383737432695312464e+00 1.155671127292788203e+00
3.390026907477273976e+00 1.276349800541598523e+00
3.396316382259235489e+00 9.785342220395962798e-01
3.402605857041197002e+00 3.321840129600646119e-01
3.408895331823158514e+00 1.573500662061273037e+00
3.415184806605120027e+00 1.624086027496361773e+00
3.421474281387081540e+00 1.576278781884083546e+00
3.427763756169043496e+00 1.764752574566581966e+00
3.434053230951005009e+00 1.176978631933941477e+00
3.440342705732966522e+00 1.966817487115378182e-01
3.446632180514928034e+00 4.954056956633990927e-01
3.452921655296889547e+00 9.334637136869996521e-01
3.459211130078851060e+00 1.336768174760899042e+00
3.465500604860812572e+00 1.034246548555604051e+00
3.471790079642774085e+00 1.333939503657310066e+00
3.478079554424735598e+00 1.392842451527600112e+00
3.484369029206697110e+00 6.874234554068474612e-01
3.490658503988658623e+00 3.099376937502641427e-01
3.496947978770620136e+00 5.756285141229227076e-01
3.503237453552582092e+00 1.351909031681429951e+00
3.509526928334543605e+00 2.082691948271838456e+00
3.515816403116505118e+00 8.918266690666174501e-01
3.522105877898466630e+00 2.075236212073350739e+00
3.528395352680428143e+00 2.031032146132909944e+00
3.534684827462389656e+00 1.167426561645076077e+00
3.540974302244351168e+00 2.183856610673342136e+00
3.547263777026312681e+00 2.333316240917230111e+00
3.553553251808274194e+00 1.233378138414977343e+00
3.559842726590235706e+00 7.671540398548850614e-01
3.566132201372197219e+00 1.047171844024685328e+00
3.572421676154158732e+00 8.613166862899546139e-01
3.578711150936120244e+00 2.474691134681055171e+00
3.585000625718082201e+00 2.368491997754526679e+00
3.591290100500043714e+00 1.511263531548499905e+00
3.597579575282005226e+00 2.647228719265088515e+00
3.603869050063966739e+00 1.688940815852516542e+00
3.610158524845928252e+00 1.654194703081348194e+00
3.616447999627889764e+00 1.061905056481024401e+00
3.622737474409851277e+00 2.780186925939521991e+00
3.629026949191812790e+00 1.485244006898616353e+00
3.635316423973774302e+00 2.791615917165007676e+00
3.641605898755735815e+00 2.161374331082998701e+00
3.647895373537697328e+00 2.628596521272529962e+00
3.654184848319658840e+00 2.365737492582026924e+00
3.660474323101620353e+00 2.882953764063086677e+00
3.666763797883582310e+00 2.896388875493905335e+00
3.673053272665543822e+00 2.377407902163686693e+00
3.679342747447505335e+00 2.898886794095266062e+00
3.685632222229466848e+00 2.410645286585716640e+00
3.691921697011428360e+00 1.749659870148458474e+00
3.698211171793389873e+00 1.573732657014255798e+00
3.704500646575351386e+00 2.687774769680545628e+00
3.710790121357312898e+00 1.996776429220221249e+00
3.717079596139274411e+00 2.188129294463348806e+00
3.723369070921235924e+00 1.725915564422566550e+00
3.729658545703197436e+00 3.099418345207727299e+00
3.735948020485158949e+00 1.534730087404985399e+00
3.742237495267120462e+00 1.630681907787053353e+00
3.748526970049082419e+00 2.056410033433766049e+00
3.754816444831043931e+00 1.829714807231292095e+00
3.761105919613005444e+00 2.505574896064723056e+00
3.767395394394966956e+00 2.509057860577291965e+00
3.773684869176928469e+00 1.335904627087468821e+00
3.779974343958889982e+00 2.406940725540521520e+00
3.786263818740851494e+00 2.335604186020606932e+00
3.792553293522813007e+00 2.840167183129598705e+00
3.798842768304774520e+00 1.991263571610673910e+00
3.805132243086736032e+00 1.413572856354475160e+00
3.811421717868697545e+00 1.085570706789071860e+00
3.817711192650659058e+00 2.655874500223613488e+00
3.824000667432621015e+00 1.831763535898590201e+00
3.830290142214582527e+00 2.237453526534721071e+00
3.836579616996544040e+00 1.223717820613948515e+00
3.842869091778505553e+00 1.340890451439161968e+00
3.849158566560467065e+00 1.375135545710803431e+00
3.855448041342428578e+00 2.326009284431003188e+00
3.861737516124390091e+00 1.813278031900198206e+00
3.868026990906351603e+00 1.782459174547878833e+00
3.874316465688313116e+00 1.368470333249464765e+00
3.880605940470274628e+00 1.894158276855173018e+00
3.886895415252236141e+00 1.322383548395790864e+00
3.893184890034197654e+00 2.689567513469197646e+00
3.899474364816159166e+00 1.836302038660325042e+00
3.905763839598121123e+00 1.065686758671489542e+00
3.912053314380082636e+00 2.650487832203149097e+00
3.918342789162044149e+00 9.885343997221206491e-01
3.924632263944005661e+00 1.398889740949076810e+00
3.930921738725967174e+00 7.223845203484206001e-01
3.937211213507928687e+00 6.666228458889527086e-01
3.943500688289890199e+00 1.382212076823949420e+00
3.949790163071851712e+00 1.208055912711120339e+00
3.956079637853813225e+00 2.372271161356997116e+00
3.962369112635774737e+00 6.769163790364154387e-01
3.968658587417736250e+00 2.052498491520900359e+00
3.974948062199697763e+00 1.655950059484616155e+00
3.981237536981659275e+00 6.450996266483299824e-01
3.987527011763621232e+00 5.939622614089742347e-01
3.993816486545582745e+00 1.088039842514749722e+00
4.000105961327544257e+00 8.061681912515669124e-01
4.006395436109505326e+00 2.117199941026808307e+00
4.012684910891467283e+00 1.472732030444159568e+00
4.018974385673428351e+00 2.192025216050248027e+00
4.025263860455390308e+00 7.698676426534141193e-01
4.031553335237352265e+00 6.688992114817218226e-01
4.037842810019313333e+00 1.879190308519971486e+00
4.044132284801275290e+00 1.054116026364980474e+00
4.050421759583236359e+00 1.187899662533802525e+00
4.056711234365198315e+00 1.742088420762251399e-01
4.063000709147159384e+00 1.595666050019505233e+00
4.069290183929121341e+00 1.052167421608845244e+00
4.075579658711082409e+00 -2.139051875283391746e-02
4.081869133493044366e+00 1.113120875557892520e+00
4.088158608275005435e+00 6.141408291754866244e-01
4.094448083056967391e+00 1.125772597217148174e+00
4.100737557838928460e+00 -3.691367259857181171e-02
4.107027032620890417e+00 1.823906005559269849e-01
4.113316507402852373e+00 1.581742350941060249e-01
4.119605982184813442e+00 7.259556192347026427e-01
4.125895456966775399e+00 1.071157874510786145e+00
4.132184931748736467e+00 3.967930762355348362e-02
4.138474406530698424e+00 1.368206397763141124e+00
4.144763881312659493e+00 1.449819113469717369e+00
4.151053356094621449e+00 1.293468199518413630e+00
4.157342830876582518e+00 5.178222935277736472e-01
4.163632305658544475e+00 3.551326095583784426e-01
4.169921780440505543e+00 9.842312772359762540e-01
4.176211255222467500e+00 3.338173351778312425e-01
4.182500730004428569e+00 1.356014493856181335e+00
4.188790204786390525e+00 1.376856747884450005e+00
4.195079679568352482e+00 4.832923167100895423e-01
4.201369154350313551e+00 7.659711891323152111e-01
4.207658629132275507e+00 1.216388608643478086e+00
4.213948103914236576e+00 -4.790623625926779816e-01
4.220237578696198533e+00 -8.351349628620163834e-02
4.226527053478159601e+00 5.818973705241290428e-01
4.232816528260121558e+00 7.263023220953074288e-01
4.239106003042082627e+00 9.374843925835960601e-01
4.245395477824044583e+00 1.273304770061610247e+00
4.251684952606005652e+00 7.820584218129840171e-01
4.257974427387967609e+00 7.370574029507988012e-01
4.264263902169928677e+00 4.786939305158888214e-01
4.270553376951890634e+00 1.287119568663879665e+00
4.276842851733852591e+00 -1.976370698027375417e-01
4.283132326515813659e+00 1.067410808858025861e+00
4.289421801297775616e+00 -4.246097512645361505e-01
4.295711276079736685e+00 8.269432386715152017e-01
4.302000750861698641e+00 8.922955897359157174e-01
4.308290225643659710e+00 5.856648538851012553e-01
4.314579700425621667e+00 3.048409691280343781e-01
4.320869175207582735e+00 9.580773044939584482e-01
4.327158649989544692e+00 5.128572959475986570e-01
4.333448124771505761e+00 1.104152176657867690e+00
4.339737599553467717e+00 1.022756463430808171e+00
4.346027074335428786e+00 1.117496885253097982e+00
4.352316549117390743e+00 1.244879778908607459e-01
4.358606023899352699e+00 5.028455471471443561e-01
4.364895498681313768e+00 8.044765645314958524e-01
4.371184973463275725e+00 6.031858897236230810e-01
4.377474448245236793e+00 2.814107438511194159e-01
4.383763923027198750e+00 -5.366127958245363594e-01
4.390053397809159819e+00 3.254169373307458368e-02
4.396342872591121775e+00 -5.814456586975873531e-01
4.402632347373082844e+00 7.293489636476024884e-02
4.408921822155044801e+00 -1.280547916829133381e-01
4.415211296937005869e+00 1.470819077311871226e-01
4.421500771718967826e+00 6.152081304066291390e-01
4.427790246500929783e+00 -3.606773172777026915e-01
4.434079721282890851e+00 5.654522713013865332e-02
4.440369196064852808e+00 1.345983354497514384e+00
4.446658670846813877e+00 9.359649914882932631e-01
4.452948145628775833e+00 5.322745723565647236e-01
4.459237620410736902e+00 -7.182791435637692068e-02
4.465527095192698859e+00 1.873188812340255138e-01
4.471816569974659927e+00 -2.851996990778266072e-01
4.478106044756621884e+00 5.198013270591541612e-01
4.484395519538582953e+00 4.109803209089708531e-01
4.490684994320544909e+00 1.514765854008965240e+00
4.496974469102505978e+00 9.117751607086437282e-01
4.503263943884467935e+00 1.647208773240209645e-01
4.509553418666429891e+00 1.127483510940800127e+00
4.515842893448390960e+00 -1.514343366289588877e-01
4.522132368230352917e+00 1.402043225915384550e+00
4.528421843012313985e+00 6.896899542475702916e-01
4.534711317794275942e+00 5.287602955217490797e-01
4.541000792576237011e+00 -1.575607438350908884e-01
4.547290267358198967e+00 8.638422295271666052e-01
4.553579742140160036e+00 2.832878160569362591e-01
4.559869216922121993e+00 1.527160293057795659e+00
4.566158691704083061e+00 3.834325867087238771e-01
4.572448166486045018e+00 1.087908047092212671e+00
4.578737641268006087e+00 8.857936214398288710e-01
4.585027116049968043e+00 1.173608011400238293e+00
4.591316590831930000e+00 -2.968641213396668310e-01
4.597606065613891069e+00 1.065598760333036132e+00
4.603895540395853025e+00 1.686509931791190242e-01
4.610185015177814094e+00 1.069381588796893601e+00
4.616474489959776051e+00 5.360022400887662908e-01
4.622763964741737119e+00 2.671282098502110181e-01
4.629053439523699076e+00 9.226087096986244074e-01
4.635342914305660145e+00 6.288198967446334553e-02
4.641632389087622101e+00 -2.392194291573944698e-01
4.647921863869583170e+00 8.228386215453392660e-01
4.654211338651545127e+00 -1.728282635332123451e-01
4.660500813433506195e+00 2.976994847526518995e-01
4.666790288215468152e+00 1.518446013966878727e+00
4.673079762997430109e+00 -1.238900357128470686e-01
4.679369237779391177e+00 -1.426465064247764702e-01
4.685658712561353134e+00 5.024467035891728717e-01
4.691948187343314203e+00 -1.288220776116140442e-01
4.698237662125276159e+00 9.164728765536741539e-01
4.704527136907237228e+00 8.834009623698373392e-01
4.710816611689199185e+00 1.161381598746004773e+00
4.717106086471160253e+00 1.734798193822133516e+00
4.723395561253122210e+00 1.644731260095677827e+00
4.729685036035083279e+00 3.176384397078513278e-03
4.735974510817045235e+00 8.979400629063304384e-01
4.742263985599006304e+00 1.333105296787769900e+00
4.748553460380968261e+00 -3.897160447706843334e-02
4.754842935162930218e+00 -3.694460841767183146e-02
4.761132409944891286e+00 1.065815955664765724e+00
4.767421884726853243e+00 3.549023089124070385e-01
4.773711359508814311e+00 4.337443085649975161e-01
4.780000834290776268e+00 1.134411310207262824e+00
4.786290309072737337e+00 1.301413474039269325e+00
4.792579783854699293e+00 5.861826302945392086e-01
4.798869258636660362e+00 -1.223585768202996582e-01
4.805158733418622319e+00 1.078626215863856652e+00
4.811448208200583387e+00 -2.955927326712606273e-01
4.817737682982545344e+00 -1.031991590622745592e-01
4.824027157764506413e+00 1.614324408984809889e+00
4.830316632546468369e+00 -2.406222771333536570e-01
4.836606107328430326e+00 -1.522670996118288267e-01
4.842895582110391395e+00 1.030653236210364643e+00
4.849185056892353352e+00 1.856689917598796091e-01
4.855474531674314420e+00 -1.566962036154145865e-01
4.861764006456276377e+00 1.108441319511505707e+00
4.868053481238237445e+00 7.477467120686778213e-01
4.874342956020199402e+00 6.465567650902662722e-01
4.880632430802160471e+00 1.478992297550247303e-01
4.886921905584122428e+00 2.562084710941822108e-01
4.893211380366083496e+00 8.059164015627393596e-01
4.899500855148045453e+00 -4.273225339513934129e-01
4.905790329930006521e+00 -2.595426258193510582e-01
4.912079804711968478e+00 9.395490287111198935e-01
4.918369279493930435e+00 -5.159596751976385232e-01
4.924658754275891503e+00 3.628152819805794405e-01
4.930948229057853460e+00 8.427350446459047628e-01
4.937237703839814529e+00 1.208073694882161986e+00
4.943527178621776486e+00 7.437415816788215395e-01
4.949816653403737554e+00 1.278780779839440829e+00
4.956106128185699511e+00 8.444323012886958413e-01
4.962395602967660579e+00 9.579098567061665737e-01
4.968685077749622536e+00 -1.825496234247686589e-01
4.974974552531583605e+00 1.604790017669806002e-01
4.981264027313545562e+00 -5.395327975782628904e-01
4.987553502095506630e+00 1.134652855831727036e-01
4.993842976877468587e+00 4.739287208841567178e-01
5.000132451659430544e+00 -2.348503738918727990e-01
5.006421926441391612e+00 8.331670651617282264e-01
5.012711401223353569e+00 1.059281955385452889e+00
5.019000876005314637e+00 1.419825658892144293e-01
5.025290350787276594e+00 1.918173204980113677e-01
5.031579825569237663e+00 -3.437260899007499315e-01
5.037869300351199620e+00 8.700037647060721024e-01
5.044158775133160688e+00 1.014686753976459244e+00
5.050448249915122645e+00 7.182463132070204814e-02
5.056737724697083713e+00 -1.408455627356223205e-01
5.063027199479045670e+00 7.014698548047255677e-01
5.069316674261006739e+00 3.955122626399543151e-02
5.075606149042968696e+00 7.917733025225137666e-01
5.081895623824930652e+00 1.107869416037856602e+00
5.088185098606891721e+00 -7.656517760199236244e-01
5.094474573388853678e+00 3.585899310497310255e-01
5.100764048170814746e+00 -2.166360725071907467e-01
5.107053522952776703e+00 1.143562457362086171e-01
5.113342997734737772e+00 -3.206434966678441967e-01
5.119632472516699728e+00 7.564300520501536784e-01
5.125921947298660797e+00 -3.823042055018947005e-01
5.132211422080622754e+00 -7.275863022688962012e-01
5.138500896862583822e+00 3.459701676555664296e-01
5.144790371644545779e+00 -6.945936349453695202e-01
5.151079846426506847e+00 8.885040922898288507e-01
5.157369321208468804e+00 -6.003438698193752643e-01
5.163658795990430761e+00 2.666488477087420872e-01
5.169948270772391830e+00 8.742472749348754180e-01
5.176237745554353786e+00 1.111169665205174351e+00
5.182527220336314855e+00 2.009358881401932528e-01
5.188816695118276812e+00 -4.697565834937190710e-01
5.195106169900237880e+00 1.058373535220445305e+00
5.201395644682199837e+00 2.069925545650785903e-01
5.207685119464160906e+00 -7.649794468550535909e-01
5.213974594246122862e+00 5.080315543136826317e-01
5.220264069028083931e+00 4.257464000189319364e-01
5.226553543810045888e+00 5.958944024279282381e-01
5.232843018592006956e+00 -1.239958716442506326e-01
5.239132493373968913e+00 -5.690794509506180709e-01
5.245421968155930870e+00 8.709381489178771307e-01
5.251711442937891938e+00 -2.054467499180816503e-01
5.258000917719853895e+00 -2.487917038667104563e-01
5.264290392501814964e+00 1.610536440428163019e-01
5.270579867283776920e+00 -1.612013540654322341e-02
5.276869342065737989e+00 -2.020819937483375739e-03
5.283158816847699946e+00 5.525220723324253402e-02
5.289448291629661014e+00 -1.084174247424403159e-01
5.295737766411622971e+00 -5.013529629910815633e-01
5.302027241193584040e+00 1.049342834601018293e+00
5.308316715975545996e+00 1.417765759158605698e-01
5.314606190757507953e+00 3.445452981427660211e-02
5.320895665539469022e+00 7.184015182712736314e-01
5.327185140321430978e+00 2.610230342008474924e-01
5.333474615103392047e+00 1.351455434868460426e+00
5.339764089885354004e+00 3.077466739597503609e-01
5.346053564667315072e+00 -1.120016644508409209e-02
5.352343039449277029e+00 3.739724476915192164e-01
5.358632514231238098e+00 1.476593095289346458e+00
5.364921989013200054e+00 1.118198779913857743e+00
5.371211463795161123e+00 7.835834116502675695e-01
5.377500938577123080e+00 6.641101709113313989e-01
5.383790413359084148e+00 2.550398997235894250e-01
5.390079888141046105e+00 9.671711286969902899e-02
5.396369362923008062e+00 5.603523010458878462e-01
5.402658837704969130e+00 6.912830887465308827e-01
5.408948312486931087e+00 1.404380280584703433e+00
5.415237787268892156e+00 -3.015316198786538449e-02
5.421527262050854112e+00 1.540089157187168656e+00
5.427816736832815181e+00 1.006706724680430654e+00
5.434106211614777138e+00 1.159087039237939987e+00
5.440395686396738206e+00 8.539372977426269440e-01
5.446685161178700163e+00 1.083454524478336123e-01
5.452974635960661232e+00 1.821993742321136533e+00
5.459264110742623188e+00 1.900162729755176638e+00
5.465553585524584257e+00 8.796494825977445586e-01
5.471843060306546214e+00 1.616185449076164904e+00
5.478132535088508170e+00 6.314839204847413345e-01
5.484422009870469239e+00 1.426726999141271435e+00
5.490711484652431196e+00 1.558024993849228768e+00
5.497000959434392264e+00 7.759963233538107463e-01
5.503290434216354221e+00 1.432276187012984092e+00
5.509579908998315290e+00 2.001699237910012918e+00
5.515869383780277246e+00 1.058429242321321517e+00
5.522158858562238315e+00 1.569095994121390447e+00
5.528448333344200272e+00 2.028321862897942474e+00
5.534737808126161340e+00 6.720368408716409503e-01
5.541027282908123297e+00 1.617118227663531194e+00
5.547316757690084366e+00 9.227733633637156263e-01
5.553606232472046322e+00 1.338434056160543451e+00
5.559895707254008279e+00 1.811178851344937391e+00
5.566185182035969348e+00 2.300443011697208551e+00
5.572474656817931304e+00 1.618484923716670743e+00
5.578764131599892373e+00 5.778667842267073418e-01
5.585053606381854330e+00 7.807561949171486493e-01
5.591343081163815398e+00 9.731814203607330738e-01
5.597632555945777355e+00 6.259773951960981853e-01
5.603922030727738424e+00 1.015572957953604138e+00
5.610211505509700380e+00 1.658362632522461633e+00
5.616500980291661449e+00 1.158632271465899422e+00
5.622790455073623406e+00 1.893802395517322212e+00
5.629079929855584474e+00 1.620870168951349832e+00
5.635369404637546431e+00 2.450414574176923210e+00
5.641658879419508388e+00 2.522875740337659600e+00
5.647948354201469456e+00 2.531204161825142407e+00
5.654237828983431413e+00 1.860388892670828298e+00
5.660527303765392482e+00 1.460645140990918023e+00
5.666816778547354438e+00 1.428837575514866565e+00
5.673106253329315507e+00 1.268858949780716117e+00
5.679395728111277464e+00 2.013294776252232854e+00
5.685685202893238532e+00 2.589630001561380013e+00
5.691974677675200489e+00 2.379405448235936138e+00
5.698264152457161558e+00 1.677943479202311128e+00
5.704553627239123514e+00 2.678042982154738905e+00
5.710843102021084583e+00 2.529814909032263248e+00
5.717132576803046540e+00 2.235198593617443219e+00
5.723422051585008496e+00 1.611142660837012519e+00
5.729711526366969565e+00 1.088021914851443617e+00
5.736001001148931522e+00 1.633722611353227716e+00
5.742290475930892590e+00 9.978394586079897266e-01
5.748579950712854547e+00 1.267537811413230076e+00
5.754869425494815616e+00 1.275034471321386365e+00
5.761158900276777572e+00 6.960310188529060804e-01
5.767448375058738641e+00 1.042983073359446511e+00
5.773737849840700598e+00 2.344156888562427543e+00
5.780027324622661666e+00 1.035927849458786021e+00
5.786316799404623623e+00 1.470758763001277281e+00
5.792606274186584692e+00 2.293459311420955160e+00
5.798895748968546648e+00 9.697183068196303379e-01
5.805185223750508605e+00 1.212766835581090774e+00
5.811474698532469674e+00 1.657420456387588725e+00
5.817764173314431631e+00 5.922391321078079862e-01
5.824053648096392699e+00 1.954745667344456317e+00
5.830343122878354656e+00 1.809513197251170435e+00
5.836632597660315724e+00 1.886787599744946808e+00
5.842922072442277681e+00 4.339020516112399584e-01
5.849211547224238750e+00 9.389025178706117414e-01
5.855501022006200706e+00 6.557288109118959429e-01
5.861790496788161775e+00 1.315906313139143302e+00
5.868079971570123732e+00 3.768294329875639392e-01
5.874369446352084800e+00 2.529805201956734084e-01
5.880658921134046757e+00 7.536980120668552718e-01
5.886948395916008714e+00 2.535381780257290329e-01
5.893237870697969782e+00 1.385658033172561865e+00
5.899527345479931739e+00 5.317219926555077913e-01
5.905816820261892808e+00 1.507389940568487186e+00
5.912106295043854765e+00 3.367891549230814796e-01
5.918395769825815833e+00 1.366539958359300755e-01
5.924685244607777790e+00 1.227287590083999902e+00
5.930974719389738858e+00 1.257403973584264589e+00
5.937264194171700815e+00 2.987014102770585433e-01
5.943553668953661884e+00 1.150424674383343948e+00
5.949843143735623840e+00 1.459431000861830086e+00
5.956132618517584909e+00 9.325021633331559423e-02
5.962422093299546866e+00 1.027926101859539365e+00
5.968711568081508823e+00 6.894999108928601128e-01
5.975001042863469891e+00 5.376785166350486200e-01
5.981290517645431848e+00 5.146758166502476417e-01
5.987579992427392916e+00 -1.185625665902898529e-01
5.993869467209354873e+00 1.038336095231859657e+00
6.000158941991315942e+00 -1.106636594919092609e-01
6.006448416773277899e+00 2.493153888995798262e-01
6.012737891555238967e+00 -2.474113953014087652e-01
6.019027366337200924e+00 -3.884646561243614293e-01
6.025316841119161992e+00 2.037379361850566450e-01
6.031606315901123949e+00 6.581739473766612392e-01
6.037895790683085906e+00 -6.196721386458505787e-01
6.044185265465046974e+00 -1.227472507756157682e-01
6.050474740247008931e+00 5.808667441890627003e-01
6.056764215028970000e+00 -9.230518839427879207e-01
6.063053689810931957e+00 2.356816490024316035e-01
6.069343164592893025e+00 -1.728535283325929317e-01
6.075632639374854982e+00 -7.350971607208429681e-01
6.081922114156816050e+00 -1.249536002469244345e+00
6.088211588938778007e+00 -3.422141770729274501e-01
6.094501063720739076e+00 -1.788889760424590136e-01
6.100790538502701033e+00 -3.372477263743085540e-01
6.107080013284662101e+00 -2.797466867550710834e-01
6.113369488066624058e+00 -3.051379900174624460e-01
6.119658962848586015e+00 -5.940363867619136151e-01
6.125948437630547083e+00 -9.583371539044249765e-01
6.132237912412509040e+00 -1.411929428915476459e+00
6.138527387194470109e+00 -7.028372376010023626e-01
6.144816861976432065e+00 -1.143672822637281650e+00
6.151106336758393134e+00 -8.194635196727004800e-01
6.157395811540355091e+00 -1.407190733966157570e+00
6.163685286322316159e+00 -1.676147978847027264e+00
6.169974761104278116e+00 -5.727994215944809397e-01
6.176264235886239184e+00 -2.166680442208250845e-01
6.182553710668201141e+00 -5.618272375704347343e-01
6.188843185450162210e+00 -1.470975649259420370e+00
6.195132660232124167e+00 -1.184845108516257906e+00
6.201422135014086123e+00 -1.362253042649225199e+00
6.207711609796047192e+00 -7.760961599733084970e-01
6.214001084578009149e+00 -1.076287325121666472e+00
6.220290559359970217e+00 -1.550015397050802601e+00
6.226580034141932174e+00 -5.311301981781275661e-01
6.232869508923893243e+00 -1.952909195871593839e+00
6.239158983705855199e+00 -1.903399231746656373e+00
6.245448458487816268e+00 -1.445871831731968538e+00
6.251737933269778225e+00 -2.145693123855604068e+00
6.258027408051739293e+00 -1.766224690180355994e+00
6.264316882833701250e+00 -2.197441491232434263e+00
6.270606357615662318e+00 -1.073952038359407668e+00
6.276895832397624275e+00 -1.680807513944970299e+00
6.283185307179586232e+00 -1.683030186413539520e+00
