0.000000000000000000e+00 5.404525634552364011e-01
6.289474781961547356e-03 8.413178304724584500e-01
1.257894956392309471e-02 1.322551930543700571e+00
1.886842434588464207e-02 1.378844992939282754e+00
2.515789912784618942e-02 4.809398727819610975e-01
3.144737390980773678e-02 -4.450421727991178966e-01
3.773684869176928414e-02 9.631657620396423258e-01
4.402632347373083149e-02 3.078244827800253880e-01
5.031579825569237885e-02 1.556888270601011426e+00
5.660527303765392620e-02 -4.417886496681255881e-02
6.289474781961547356e-02 1.059620451326792390e+00
6.918422260157702786e-02 6.100742514848274123e-01
7.547369738353856827e-02 4.332091314336066756e-01
8.176317216550010869e-02 -6.077784223264798280e-02
8.805264694746166299e-02 -2.245998214157972073e-01
9.434212172942321728e-02 -3.352063207875735085e-01
1.006315965113847577e-01 6.017899980775569535e-01
1.069210712933462981e-01 -2.304316651053092135e-01
1.132105460753078524e-01 -2.160138934844767489e-01
1.195000208572694067e-01 5.714712478473771284e-01
1.257894956392309471e-01 -2.096400477229374837e-01
1.320789704211924875e-01 5.856042575123155958e-01
1.383684452031540557e-01 8.640768680215749065e-01
1.446579199851155961e-01 3.313957658285957564e-01
1.509473947670771365e-01 2.932436830365938163e-01
1.572368695490386770e-01 1.372385523049819867e+00
1.635263443310002174e-01 -2.108611627490551976e-01
1.698158191129617856e-01 3.798693243352587734e-01
1.761052938949233260e-01 7.815281233602200395e-01
1.823947686768848664e-01 5.851537936209778579e-01
1.886842434588464346e-01 1.497256503178027387e+00
1.949737182408079750e-01 8.122853040367408184e-01
2.012631930227695154e-01 7.757460418825432580e-01
2.075526678047310558e-01 -2.536089047558409693e-02
2.138421425866925962e-01 -2.103112513485856372e-01
2.201316173686541644e-01 1.045173057302197339e+00
2.264210921506157048e-01 1.260959865472562225e+00
2.327105669325772452e-01 9.921546169577253327e-01
2.390000417145388134e-01 1.708287822722365235e-01
2.452895164965003538e-01 1.605564777067991500e-01
2.515789912784618942e-01 2.845095413889329183e-01
2.578684660604234624e-01 8.314556830070078952e-01
2.641579408423849751e-01 4.077848853982358746e-01
2.704474156243465433e-01 -2.007226883988944000e-01
2.767368904063081114e-01 1.426337816359383726e-01
2.830263651882696241e-01 1.084230654333109722e+00
2.893158399702311923e-01 4.772178221341201731e-01
2.956053147521927049e-01 1.049955536668335743e+00
3.018947895341542731e-01 3.940202954465893415e-02
3.081842643161158413e-01 -8.238632883961316544e-02
3.144737390980773539e-01 2.653971202920524242e-02
3.207632138800389221e-01 1.349221334027707275e+00
3.270526886620004348e-01 -1.376890214420196656e-01
3.333421634439620029e-01 -1.234429292555835334e-01
3.396316382259235711e-01 2.765231900020994615e-01
3.459211130078850838e-01 8.206563367270622855e-01
3.522105877898466519e-01 -7.694999587944573172e-02
3.585000625718082201e-01 4.172756681112378407e-01
3.647895373537697328e-01 1.400355040833423104e-02
3.710790121357313009e-01 1.223302314811010039e-01
3.773684869176928691e-01 1.998817991191026433e-01
3.836579616996543818e-01 1.582851920298135040e-01
3.899474364816159500e-01 7.317801472170670785e-01
3.962369112635774626e-01 8.581242682630849661e-01
4.025263860455390308e-01 -1.647555149237801553e-01
4.088158608275005990e-01 -4.295084105494374471e-01
4.151053356094621116e-01 -3.574593054538137693e-01
4.213948103914236798e-01 -1.510438241817173566e-01
4.276842851733851925e-01 1.955667115990519234e-01
4.339737599553467606e-01 -7.136488085440118034e-02
4.402632347373083288e-01 9.973498373005078577e-01
4.465527095192698415e-01 7.702783822845185036e-01
4.528421843012314096e-01 8.144883549681316559e-01
4.591316590831929778e-01 -5.381269587832979706e-01
4.654211338651544905e-01 -6.333607574194850542e-01
4.717106086471160586e-01 3.184108869537963793e-01
4.780000834290776268e-01 7.434378636032275001e-01
4.842895582110391395e-01 3.784079304733986016e-01
4.905790329930007077e-01 8.529634273242863163e-01
4.968685077749622203e-01 -2.635048863208704351e-01
5.031579825569237885e-01 8.941322240669726806e-01
5.094474573388853011e-01 7.380589486304529601e-01
5.157369321208469248e-01 2.691431282426437477e-02
5.220264069028084375e-01 -6.084397717587954890e-01
5.283158816847699502e-01 -4.280187894824694084e-01
5.346053564667315738e-01 3.370309032211471489e-03
5.408948312486930865e-01 2.504731578649366242e-02
5.471843060306545992e-01 -6.220912768421815731e-01
5.534737808126162228e-01 6.591495885562121959e-01
5.597632555945777355e-01 4.536921845618646643e-02
5.660527303765392482e-01 7.047037689766588731e-01
5.723422051585007608e-01 -1.154855094224506606e+00
5.786316799404623845e-01 -5.869339828486013211e-01
5.849211547224238972e-01 -5.530058432068574170e-02
5.912106295043854098e-01 -7.670084909822527663e-01
5.975001042863470335e-01 6.468254711629377596e-01
6.037895790683085462e-01 -6.177726311579549989e-01
6.100790538502700588e-01 3.755703562411716323e-01
6.163685286322316825e-01 -4.535289172607666064e-01
6.226580034141931952e-01 6.527150322142420968e-01
6.289474781961547079e-01 -8.335591649557223537e-01
6.352369529781163315e-01 4.803493217125220927e-01
6.415264277600778442e-01 -1.074863155782839863e+00
6.478159025420393569e-01 -5.901458188688402107e-01
6.541053773240008695e-01 -8.206633360425734658e-01
6.603948521059624932e-01 -1.264360673662374035e+00
6.666843268879240059e-01 -1.011812873153816739e+00
6.729738016698855185e-01 2.032112342219827283e-02
6.792632764518471422e-01 -2.756553182717804695e-01
6.855527512338086549e-01 -1.093090893963708954e+00
6.918422260157701675e-01 -8.268694396286206949e-01
6.981317007977317912e-01 4.066805141002363122e-01
7.044211755796933039e-01 2.875505675651659487e-01
7.107106503616548165e-01 3.947693592667058660e-01
7.170001251436164402e-01 3.945722587798274894e-01
7.232895999255779529e-01 5.580724890120063453e-01
7.295790747075394655e-01 3.234081915940087981e-01
7.358685494895010892e-01 5.603234843845725788e-01
7.421580242714626019e-01 -6.498946478449472153e-01
7.484474990534241146e-01 -5.987834187990404011e-02
7.547369738353857382e-01 -8.817241177875350111e-01
7.610264486173472509e-01 -6.535524760934421362e-01
7.673159233993087636e-01 -1.074033012824453515e-01
7.736053981812702762e-01 -9.294573984010430223e-01
7.798948729632318999e-01 1.525580932643511023e-01
7.861843477451934126e-01 4.497468321979447570e-01
7.924738225271549252e-01 -7.555876750165866351e-01
7.987632973091165489e-01 -9.802412620684983757e-01
8.050527720910780616e-01 -1.276843916626098085e-01
8.113422468730395742e-01 1.171100810652929702e-01
8.176317216550011979e-01 4.173407015191066272e-02
8.239211964369627106e-01 3.980524146840374033e-01
8.302106712189242232e-01 5.754895709577323437e-02
8.365001460008858469e-01 7.393596078481678990e-01
8.427896207828473596e-01 -5.033055256438750957e-01
8.490790955648088723e-01 6.162233263592615806e-01
8.553685703467703849e-01 8.249833078366819450e-02
8.616580451287320086e-01 1.126290390993452517e+00
8.679475199106935213e-01 1.095498781768483365e+00
8.742369946926550339e-01 -4.840484364544317408e-01
8.805264694746166576e-01 5.957297720797565255e-01
8.868159442565781703e-01 -4.035795500999577179e-01
8.931054190385396829e-01 -6.547821231446535606e-01
8.993948938205013066e-01 -5.509051528143679155e-01
9.056843686024628193e-01 -4.529675061533802172e-01
9.119738433844243319e-01 7.461658786049427672e-01
9.182633181663859556e-01 1.037491322197718002e+00
9.245527929483474683e-01 4.804041453331497902e-01
9.308422677303089809e-01 -3.107635326513163987e-01
9.371317425122706046e-01 6.551074052718236507e-02
9.434212172942321173e-01 1.051806306680121539e+00
9.497106920761936300e-01 1.486299055169713723e+00
9.560001668581552536e-01 3.404890892209275766e-01
9.622896416401167663e-01 7.962797027654249238e-01
9.685791164220782790e-01 1.667130941435094771e+00
9.748685912040397916e-01 5.230451392492553309e-01
9.811580659860014153e-01 9.136590435472741190e-03
9.874475407679629280e-01 8.275603257830022041e-01
9.937370155499244406e-01 2.331732209221470953e-02
1.000026490331886064e+00 2.301892787255138129e-01
1.006315965113847577e+00 1.140811050086271372e+00
1.012605439895809090e+00 1.652347247561443355e+00
1.018894914677770602e+00 1.849284867630486051e+00
1.025184389459732115e+00 1.993898980929859066e+00
1.031473864241693850e+00 3.993996986055590170e-01
1.037763339023655362e+00 1.247107343256848022e+00
1.044052813805616875e+00 1.322989385942304086e+00
1.050342288587578388e+00 3.549512361592901399e-01
1.056631763369539900e+00 1.618065666758001342e+00
1.062921238151501413e+00 1.960036081176688150e+00
1.069210712933463148e+00 5.383565495687014923e-01
1.075500187715424660e+00 5.884870579002350333e-01
1.081789662497386173e+00 1.878845918264074433e+00
1.088079137279347686e+00 1.438762564877705374e+00
1.094368612061309198e+00 2.157991024968612503e+00
1.100658086843270711e+00 1.879897749377120508e+00
1.106947561625232446e+00 1.744613717051624935e+00
1.113237036407193958e+00 1.602988389403339653e+00
1.119526511189155471e+00 2.424227702369823767e+00
1.125815985971116984e+00 2.391343917016447662e+00
1.132105460753078496e+00 1.062801383531674304e+00
1.138394935535040009e+00 1.094738512236364425e+00
1.144684410317001522e+00 1.208905331823140417e+00
1.150973885098963256e+00 1.798259234834980180e+00
1.157263359880924769e+00 1.203684216723641454e+00
1.163552834662886282e+00 1.321078072960728766e+00
1.169842309444847794e+00 1.408772564126057336e+00
1.176131784226809307e+00 2.016615665206962227e+00
1.182421259008770820e+00 2.317613642766473969e+00
1.188710733790732554e+00 2.978098487510669301e+00
1.195000208572694067e+00 1.304908088310025693e+00
1.201289683354655580e+00 2.286156839361079385e+00
1.207579158136617092e+00 2.812554746388189031e+00
1.213868632918578605e+00 2.279167643957732636e+00
1.220158107700540118e+00 1.506289857129658794e+00
1.226447582482501630e+00 2.372255563986547244e+00
1.232737057264463365e+00 2.044333533285747961e+00
1.239026532046424878e+00 2.880046559410009088e+00
1.245316006828386390e+00 3.096548390114691962e+00
1.251605481610347903e+00 1.925453234717085405e+00
1.257894956392309416e+00 2.329958626842466352e+00
1.264184431174270928e+00 2.639741366544508860e+00
1.270473905956232663e+00 2.251522295786609007e+00
1.276763380738194176e+00 2.693864604653461114e+00
1.283052855520155688e+00 1.420544652982061118e+00
1.289342330302117201e+00 2.741035355035060128e+00
1.295631805084078714e+00 1.199025699124428357e+00
1.301921279866040226e+00 2.720023664246809858e+00
1.308210754648001739e+00 2.698750264011080979e+00
1.314500229429963474e+00 2.963855884726263934e+00
1.320789704211924986e+00 2.430336444011252706e+00
1.327079178993886499e+00 3.073020272141267384e+00
1.333368653775848012e+00 2.244016852451577115e+00
1.339658128557809524e+00 2.045639963661212590e+00
1.345947603339771037e+00 3.063178267502349339e+00
1.352237078121732772e+00 2.961272012291460864e+00
1.358526552903694284e+00 2.333578205078049361e+00
1.364816027685655797e+00 3.012584536592801676e+00
1.371105502467617310e+00 1.437551833440590343e+00
1.377394977249578822e+00 2.171891607668503532e+00
1.383684452031540335e+00 1.663023082671195807e+00
1.389973926813502070e+00 1.191911851496265884e+00
1.396263401595463582e+00 2.113232305656713272e+00
1.402552876377425095e+00 2.809259041849605953e+00
1.408842351159386608e+00 2.828170009358493164e+00
1.415131825941348120e+00 1.755398221501716316e+00
1.421421300723309633e+00 2.649629048863221925e+00
1.427710775505271146e+00 2.079920643383746270e+00
1.434000250287232880e+00 2.710333941851794215e+00
1.440289725069194393e+00 1.201282865938275268e+00
1.446579199851155906e+00 1.395722025467794447e+00
1.452868674633117418e+00 1.207730492440916237e+00
1.459158149415078931e+00 8.762204535071804745e-01
1.465447624197040444e+00 1.859847359708538317e+00
1.471737098979002178e+00 1.776282715966762238e+00
1.478026573760963691e+00 1.319040099864898341e+00
1.484316048542925204e+00 1.624801081307545969e+00
1.490605523324886716e+00 2.249251046943027355e+00
1.496894998106848229e+00 2.241416494742838772e+00
1.503184472888809742e+00 1.319500254420958196e+00
1.509473947670771476e+00 1.602720643414218271e+00
1.515763422452732989e+00 7.924446386419664590e-01
1.522052897234694502e+00 1.173467004189180374e+00
1.528342372016656014e+00 1.964389460829445211e+00
1.534631846798617527e+00 1.083671511296914414e+00
1.540921321580579040e+00 3.050954799325851785e-01
1.547210796362540552e+00 7.714610795574762259e-01
1.553500271144502287e+00 1.629099647137646656e+00
1.559789745926463800e+00 8.603088384479083972e-01
1.566079220708425312e+00 1.214443591065277772e+00
1.572368695490386825e+00 1.572774302814680114e+00
1.578658170272348338e+00 -1.043847469956327156e-02
1.584947645054309850e+00 1.055364237477318667e+00
1.591237119836271585e+00 6.022357185036073535e-01
1.597526594618233098e+00 4.961250034848611601e-01
1.603816069400194610e+00 -2.880396591408376228e-01
1.610105544182156123e+00 8.375176189117035097e-01
1.616395018964117636e+00 -1.749914462529456038e-02
1.622684493746079148e+00 -4.044405455676920447e-01
1.628973968528040661e+00 1.268587442730110260e-01
1.635263443310002396e+00 1.161782074047610358e+00
1.641552918091963909e+00 7.680228732309629658e-01
1.647842392873925421e+00 1.090881101711192569e+00
1.654131867655886934e+00 -5.365817785230062587e-01
1.660421342437848446e+00 2.070078291907926360e-01
1.666710817219809959e+00 -6.406294697609018485e-01
1.673000292001771694e+00 1.432823526330258002e-01
1.679289766783733207e+00 -1.963536985062641627e-02
1.685579241565694719e+00 7.262285184623695766e-01
1.691868716347656232e+00 2.559076605683747729e-01
1.698158191129617745e+00 -5.383873351224954806e-01
1.704447665911579257e+00 -1.056423964062149112e+00
1.710737140693540770e+00 -5.044605284589260830e-01
1.717026615475502505e+00 -1.244064909928850327e+00
1.723316090257464017e+00 -6.281717730304774427e-01
1.729605565039425530e+00 -1.128849831611342447e+00
1.735895039821387043e+00 5.346884329841761208e-02
1.742184514603348555e+00 -9.373932013267294305e-01
1.748473989385310068e+00 -1.188741303961682316e-01
1.754763464167271803e+00 -1.330381146304820517e+00
1.761052938949233315e+00 -2.377224588545103767e-01
1.767342413731194828e+00 -5.181022161566708473e-01
1.773631888513156341e+00 -1.039421696911881243e+00
1.779921363295117853e+00 -1.230772607352568215e-01
1.786210838077079366e+00 -1.024442414482425123e+00
1.792500312859041101e+00 -1.395212734226820572e+00
1.798789787641002613e+00 -3.340830876147289352e-01
1.805079262422964126e+00 -4.252667696241976270e-01
1.811368737204925639e+00 -6.014851053050656038e-01
1.817658211986887151e+00 -1.786123340733594134e-01
1.823947686768848664e+00 -1.417452352191312270e+00
1.830237161550810177e+00 -1.049692800432547868e+00
1.836526636332771911e+00 -1.846940098130321006e+00
1.842816111114733424e+00 -2.249265376168334551e-01
1.849105585896694937e+00 -1.310251423025911244e+00
1.855395060678656449e+00 -1.732298464758784906e+00
1.861684535460617962e+00 -1.065760885768980648e+00
1.867974010242579475e+00 -1.432548054907440749e+00
1.874263485024541209e+00 -9.536896394036618041e-01
1.880552959806502722e+00 -1.660401965053184270e-01
1.886842434588464235e+00 -1.216279844091862516e+00
1.893131909370425747e+00 -7.705383207921618904e-01
1.899421384152387260e+00 -1.720633667007046563e+00
1.905710858934348773e+00 -3.145945047366136560e-01
1.912000333716310507e+00 -1.738181718800589914e+00
1.918289808498272020e+00 -4.027910485268177965e-01
1.924579283280233533e+00 -1.606872909769700986e-01
1.930868758062195045e+00 -1.177230657417917659e+00
1.937158232844156558e+00 -7.066909156917855483e-01
1.943447707626118071e+00 -9.604020590969408744e-01
1.949737182408079583e+00 -6.708034794768342746e-01
1.956026657190041318e+00 -1.452087682693302462e+00
1.962316131972002831e+00 -1.433174767854178189e+00
1.968605606753964343e+00 5.623399437119624977e-02
1.974895081535925856e+00 4.386811784220245869e-02
1.981184556317887369e+00 -8.115344419666548070e-02
1.987474031099848881e+00 -6.007282884252840294e-01
1.993763505881810616e+00 -5.689999806223333678e-02
2.000052980663772129e+00 -1.759456769039740243e+00
2.006342455445733641e+00 3.401278669679075328e-02
2.012631930227695154e+00 2.639169199923747655e-01
2.018921405009656667e+00 -9.076228700187547460e-01
2.025210879791618179e+00 1.293910620381624188e-01
2.031500354573579692e+00 -1.346987518304637588e+00
2.037789829355541205e+00 -8.635039286224985844e-01
2.044079304137502717e+00 -8.796441610482044204e-01
2.050368778919464230e+00 -7.492030268953535632e-01
2.056658253701426187e+00 4.023396964523049402e-01
2.062947728483387699e+00 -1.225558461631092610e+00
2.069237203265349212e+00 -7.001080116430125067e-01
2.075526678047310725e+00 5.632456141939596872e-01
2.081816152829272237e+00 6.425254155205271100e-01
2.088105627611233750e+00 2.719250822703109804e-01
2.094395102393195263e+00 8.712517600817670793e-01
2.100684577175156775e+00 2.002517407697470553e-01
2.106974051957118288e+00 -6.796980103718156530e-01
2.113263526739079801e+00 -6.167484646949848992e-01
2.119553001521041313e+00 1.301926119706708906e-01
2.125842476303002826e+00 1.023918166421216469e+00
2.132131951084964339e+00 1.093680561939067264e+00
2.138421425866926295e+00 -3.024714743530059202e-01
2.144710900648887808e+00 1.227516116836015359e+00
2.151000375430849321e+00 7.647937607342567556e-01
2.157289850212810833e+00 5.813118333902127510e-01
2.163579324994772346e+00 -4.691877892463686139e-02
2.169868799776733859e+00 1.526527114058160439e+00
2.176158274558695371e+00 1.113787936579658577e+00
2.182447749340656884e+00 -1.949411839309568295e-01
2.188737224122618397e+00 1.546532352125570942e+00
2.195026698904579909e+00 1.732570602637164114e+00
2.201316173686541422e+00 7.198803990606446046e-01
2.207605648468502935e+00 1.559619935078249364e+00
2.213895123250464891e+00 8.031293951240159323e-01
2.220184598032426404e+00 1.413718258404039085e+00
2.226474072814387917e+00 2.564524736275988759e-01
2.232763547596349429e+00 1.522973811528826715e+00
2.239053022378310942e+00 1.369567508434276881e+00
2.245342497160272455e+00 1.580853702221351575e+00
2.251631971942233967e+00 1.243774133585781483e+00
2.257921446724195480e+00 1.915801452429289009e+00
2.264210921506156993e+00 2.197654966874204696e+00
2.270500396288118505e+00 9.511196558667089906e-01
2.276789871070080018e+00 1.888813913608490491e+00
2.283079345852041531e+00 2.654924546765712101e+00
2.289368820634003043e+00 2.469965728466160915e+00
2.295658295415965000e+00 2.298777548238255974e+00
2.301947770197926513e+00 9.883562449007824435e-01
2.308237244979888025e+00 1.035030569843606418e+00
2.314526719761849538e+00 2.647515784513561954e+00
2.320816194543811051e+00 1.357432375828230731e+00
2.327105669325772563e+00 1.202558664467328731e+00
2.333395144107734076e+00 2.156057162615502065e+00
2.339684618889695589e+00 2.702081884332931061e+00
2.345974093671657101e+00 2.149971602663141468e+00
2.352263568453618614e+00 1.570292432741011934e+00
2.358553043235580127e+00 3.002998949980308030e+00
2.364842518017541639e+00 2.915014294808141671e+00
2.371131992799503152e+00 2.636906665868348654e+00
2.377421467581465109e+00 1.536195727146392631e+00
2.383710942363426621e+00 1.800209625058436069e+00
2.390000417145388134e+00 2.971229680220590197e+00
2.396289891927349647e+00 2.049587758708177443e+00
2.402579366709311159e+00 1.711601570078056689e+00
2.408868841491272672e+00 1.889064143065221080e+00
2.415158316273234185e+00 2.426049230768646758e+00
2.421447791055195697e+00 2.494084064403375045e+00
2.427737265837157210e+00 3.037692075212198084e+00
2.434026740619118723e+00 2.951250550423095476e+00
2.440316215401080235e+00 2.585164872472674347e+00
2.446605690183041748e+00 3.409438309209154916e+00
2.452895164965003261e+00 2.386739868642607565e+00
2.459184639746965217e+00 3.272637716868540991e+00
2.465474114528926730e+00 3.232829130875085166e+00
2.471763589310888243e+00 2.417145540238377244e+00
2.478053064092849755e+00 2.262329856753973356e+00
2.484342538874811268e+00 2.099026628016984475e+00
2.490632013656772781e+00 3.315607159096201073e+00
2.496921488438734293e+00 2.936247079027723750e+00
2.503210963220695806e+00 2.062758103953810984e+00
2.509500438002657319e+00 3.060572127559552769e+00
2.515789912784618831e+00 2.931345967909922301e+00
2.522079387566580344e+00 1.988246437351603113e+00
2.528368862348541857e+00 2.359767126943935089e+00
2.534658337130503369e+00 2.899415312885818885e+00
2.540947811912465326e+00 3.253165435553694085e+00
2.547237286694426839e+00 2.654645616317842460e+00
2.553526761476388351e+00 2.970113246583880873e+00
2.559816236258349864e+00 2.861297703216084010e+00
2.566105711040311377e+00 2.224505950828968182e+00
2.572395185822272889e+00 3.788913693978738007e+00
2.578684660604234402e+00 3.118052120444630759e+00
2.584974135386195915e+00 2.658080480116536748e+00
2.591263610168157427e+00 3.331153410398332682e+00
2.597553084950118940e+00 2.051601210066507974e+00
2.603842559732080453e+00 1.935199704942831778e+00
2.610132034514041965e+00 2.162044046047868484e+00
2.616421509296003478e+00 3.623850767735234513e+00
2.622710984077965435e+00 3.196912804727874757e+00
2.629000458859926947e+00 1.823755383518599782e+00
2.635289933641888460e+00 2.472995207478979385e+00
2.641579408423849973e+00 2.813630333702880293e+00
2.647868883205811485e+00 2.877679950592240132e+00
2.654158357987772998e+00 1.518377987422726116e+00
2.660447832769734511e+00 1.709616349730196605e+00
2.666737307551696023e+00 1.784299687353495978e+00
2.673026782333657536e+00 3.062817789618141440e+00
2.679316257115619049e+00 2.940364594465382897e+00
2.685605731897580561e+00 2.961122222554670280e+00
2.691895206679542074e+00 1.501457827126399636e+00
2.698184681461504031e+00 2.761933356275419804e+00
2.704474156243465544e+00 3.095841481665689621e+00
2.710763631025427056e+00 1.646199533870968956e+00
2.717053105807388569e+00 1.290648492719640217e+00
2.723342580589350082e+00 2.276182801532191657e+00
2.729632055371311594e+00 2.771268749934136633e+00
2.735921530153273107e+00 1.521892238131155484e+00
2.742211004935234619e+00 1.451758885703647639e+00
2.748500479717196132e+00 2.554417873355591784e+00
2.754789954499157645e+00 1.227428426496725233e+00
2.761079429281119157e+00 1.931608101035659608e+00
2.767368904063080670e+00 1.548231395936739974e+00
2.773658378845042183e+00 1.895144910540824457e+00
2.779947853627004140e+00 1.825995559651537814e+00
2.786237328408965652e+00 1.546331094831731034e+00
2.792526803190927165e+00 1.370455978903180272e+00
2.798816277972888678e+00 1.251013380202993464e+00
2.805105752754850190e+00 1.518091475973506910e+00
2.811395227536811703e+00 5.752173590290772243e-01
2.817684702318773216e+00 1.033547715510451326e+00
2.823974177100734728e+00 1.808227467864726545e+00
2.830263651882696241e+00 2.777350139031481424e-02
2.836553126664657754e+00 1.874147897311830624e+00
2.842842601446619266e+00 -6.850844696243196807e-02
2.849132076228580779e+00 5.236107558751521562e-01
2.855421551010542291e+00 -8.921768043761141298e-02
2.861711025792504248e+00 9.496345178213627669e-03
2.868000500574465761e+00 5.360354398947747567e-02
2.874289975356427274e+00 1.452311080883179395e+00
2.880579450138388786e+00 3.887378518839962327e-01
2.886868924920350299e+00 3.418791473794813296e-02
2.893158399702311812e+00 1.134374994032860684e+00
2.899447874484273324e+00 -1.860349446205094015e-01
2.905737349266234837e+00 5.044490109338396477e-01
2.912026824048196350e+00 7.815166872132053300e-01
2.918316298830157862e+00 7.669037048085829422e-01
2.924605773612119375e+00 8.171696204776065509e-01
2.930895248394080888e+00 7.785887025064219813e-03
2.937184723176042400e+00 2.917761237983880207e-01
2.943474197958004357e+00 -4.851904559290731722e-01
2.949763672739965870e+00 7.250620701330281470e-01
2.956053147521927382e+00 4.594895990933562935e-01
2.962342622303888895e+00 -7.020500368529196678e-01
2.968632097085850408e+00 -1.716422342686665381e-01
2.974921571867811920e+00 -7.690449564563242024e-01
2.981211046649773433e+00 6.429597199852443712e-01
2.987500521431734946e+00 -6.318962551729185861e-01
2.993789996213696458e+00 -1.134881119143884121e+00
3.000079470995657971e+00 -1.235749684446611152e+00
3.006368945777619484e+00 3.218039293108709842e-03
3.012658420559580996e+00 -8.613814022072461274e-01
3.018947895341542953e+00 -3.038230406550792573e-01
3.025237370123504466e+00 4.753972982274579095e-02
3.031526844905465978e+00 -1.525417479204411286e+00
3.037816319687427491e+00 8.753135899510344764e-02
3.044105794469389004e+00 -6.421968707678789023e-01
3.050395269251350516e+00 7.057642865939683929e-04
3.056684744033312029e+00 -8.667250680233846705e-01
3.062974218815273542e+00 -1.158745179195618036e+00
3.069263693597235054e+00 -9.195817740405067831e-01
3.075553168379196567e+00 -8.921406243731395680e-01
3.081842643161158080e+00 -1.659165845336392220e+00
3.088132117943119592e+00 -3.320408318772283263e-01
3.094421592725081105e+00 -1.103228092001931726e+00
3.100711067507043062e+00 -1.433450625424882219e+00
3.107000542289004574e+00 -1.344899192310928804e+00
3.113290017070966087e+00 -9.109918743045266609e-01
3.119579491852927600e+00 -1.645926378422279512e+00
3.125868966634889112e+00 2.540733843741560527e-02
3.132158441416850625e+00 -1.614904176800029401e+00
3.138447916198812138e+00 1.798951518359277468e-01
3.144737390980773650e+00 -4.887554446123669738e-01
3.151026865762735163e+00 2.197715462214315796e-01
3.157316340544696676e+00 1.870603800434593733e-01
3.163605815326658188e+00 -9.157436811978880709e-01
3.169895290108619701e+00 -4.118433122060738416e-01
3.176184764890581214e+00 1.514872392464639006e-02
3.182474239672543170e+00 -7.937982516060051452e-01
3.188763714454504683e+00 6.391303721115115799e-02
3.195053189236466196e+00 -1.219815263482786349e-01
3.201342664018427708e+00 -4.309495841446013831e-01
3.207632138800389221e+00 1.529436741420275858e-01
3.213921613582350734e+00 -1.402938390182699724e-01
3.220211088364312246e+00 -1.179139292561748320e-02
3.226500563146273759e+00 -3.960325597121938657e-01
3.232790037928235272e+00 -2.685983687095958583e-01
3.239079512710196784e+00 -1.876582603255481096e-01
3.245368987492158297e+00 -1.828026667702893349e-01
3.251658462274119810e+00 -4.624237928012504550e-01
3.257947937056081322e+00 -5.073751738961542745e-01
3.264237411838043279e+00 -8.147837933204427063e-01
3.270526886620004792e+00 -7.819718513505820034e-01
3.276816361401966304e+00 -2.712461509936545667e-01
3.283105836183927817e+00 -1.127369459106416727e+00
3.289395310965889330e+00 -9.135683232459994585e-01
3.295684785747850842e+00 -2.980351118283814937e-01
3.301974260529812355e+00 -1.398296118319384274e-01
3.308263735311773868e+00 8.418866646562011002e-01
3.314553210093735380e+00 -8.394409298392950802e-01
3.320842684875696893e+00 -2.354590252329069600e-02
3.327132159657658406e+00 2.410758006626662064e-01
3.333421634439619918e+00 -5.903722897573862038e-01
3.339711109221581431e+00 -4.474819140622833258e-01
3.346000584003543388e+00 -2.984335582809674037e-01
3.352290058785504900e+00 5.109721203030823666e-01
3.358579533567466413e+00 1.062527382605200632e-01
3.364869008349427926e+00 1.042418376096755139e+00
3.371158483131389438e+00 8.795493678608222732e-01
3.377447957913350951e+00 1.012973037674560040e+00
3.383737432695312464e+00 1.034578347283432898e+00
3.390026907477273976e+00 6.107494862396247726e-01
3.396316382259235489e+00 6.675681373768242999e-01
3.402605857041197002e+00 1.187056388245631311e+00
3.408895331823158514e+00 1.269946189619859833e+00
3.415184806605120027e+00 2.055547287505544718e-01
3.421474281387081540e+00 7.703322383421064012e-01
3.427763756169043496e+00 1.257949092830643600e-01
3.434053230951005009e+00 1.642516651298689956e+00
3.440342705732966522e+00 1.278382180940471846e+00
3.446632180514928034e+00 1.092965291631034619e+00
3.452921655296889547e+00 1.418442009638539725e+00
3.459211130078851060e+00 7.707233999142415470e-01
3.465500604860812572e+00 1.920640610181933772e+00
3.471790079642774085e+00 1.201335155545328659e+00
3.478079554424735598e+00 1.885852382301193231e+00
3.484369029206697110e+00 1.478370058942171106e+00
3.490658503988658623e+00 1.699624707730756690e+00
3.496947978770620136e+00 8.431072083129536043e-01
3.503237453552582092e+00 2.300117155586480777e+00
3.509526928334543605e+00 1.312790228294185013e+00
3.515816403116505118e+00 8.346759861036932016e-01
3.522105877898466630e+00 2.038795875780098132e+00
3.528395352680428143e+00 1.610126133560096484e+00
3.534684827462389656e+00 9.144068616694177587e-01
3.540974302244351168e+00 2.160420642087588661e+00
3.547263777026312681e+00 1.353281857910088704e+00
3.553553251808274194e+00 8.517754661612356726e-01
3.559842726590235706e+00 2.346956360964168375e+00
3.566132201372197219e+00 1.277702244323713376e+00
3.572421676154158732e+00 1.872751848794921070e+00
3.578711150936120244e+00 9.314348030428074576e-01
3.585000625718082201e+00 2.453175385891566584e+00
3.591290100500043714e+00 1.824087347025770578e+00
3.597579575282005226e+00 1.573209285911422839e+00
3.603869050063966739e+00 1.009952529610350425e+00
3.610158524845928252e+00 1.588114582668936237e+00
3.616447999627889764e+00 1.941161221421705330e+00
3.622737474409851277e+00 2.049202392900997260e+00
3.629026949191812790e+00 2.411651770763318936e+00
3.635316423973774302e+00 1.163041658626712938e+00
3.641605898755735815e+00 2.279987645916038197e+00
3.647895373537697328e+00 2.029015869141694850e+00
3.654184848319658840e+00 3.020965443964017005e+00
3.660474323101620353e+00 2.546166640948302806e+00
3.666763797883582310e+00 2.767761777129132295e+00
3.673053272665543822e+00 1.468706208292573256e+00
3.679342747447505335e+00 2.896041642410761341e+00
3.685632222229466848e+00 1.784583600090888122e+00
3.691921697011428360e+00 2.477936915142632035e+00
3.698211171793389873e+00 1.682697706220018574e+00
3.704500646575351386e+00 1.426154025415219406e+00
3.710790121357312898e+00 2.865778026175362037e+00
3.717079596139274411e+00 2.983976761376230691e+00
3.723369070921235924e+00 2.495684687853710670e+00
3.729658545703197436e+00 1.822166109618128527e+00
3.735948020485158949e+00 1.379950376657423483e+00
3.742237495267120462e+00 2.343542612399490022e+00
3.748526970049082419e+00 2.071935454363990736e+00
3.754816444831043931e+00 2.955979835417931856e+00
3.761105919613005444e+00 1.322649372273939861e+00
3.767395394394966956e+00 1.833452612572427975e+00
3.773684869176928469e+00 2.461111892111437882e+00
3.779974343958889982e+00 1.984543043741181956e+00
3.786263818740851494e+00 2.225654644893698020e+00
3.792553293522813007e+00 1.929046260308303840e+00
3.798842768304774520e+00 2.464037728091398538e+00
3.805132243086736032e+00 2.583238139582467507e+00
3.811421717868697545e+00 2.163797774408875441e+00
3.817711192650659058e+00 2.179479005510646328e+00
3.824000667432621015e+00 2.625829123718301794e+00
3.830290142214582527e+00 1.253817276536678627e+00
3.836579616996544040e+00 2.454541279074250237e+00
3.842869091778505553e+00 1.678461427424122521e+00
3.849158566560467065e+00 2.296818321240982730e+00
3.855448041342428578e+00 1.651351100474985012e+00
3.861737516124390091e+00 9.109376700967557472e-01
3.868026990906351603e+00 1.700987543927814150e+00
3.874316465688313116e+00 2.533556936949579175e+00
3.880605940470274628e+00 2.450194593392817310e+00
3.886895415252236141e+00 1.552473367924954495e+00
3.893184890034197654e+00 1.193433910932183650e+00
3.899474364816159166e+00 1.138670599714421083e+00
3.905763839598121123e+00 2.301197897723309183e+00
3.912053314380082636e+00 1.257917109735338546e+00
3.918342789162044149e+00 2.375290374799997384e+00
3.924632263944005661e+00 8.077668067963476028e-01
3.930921738725967174e+00 1.727268656204921093e+00
3.937211213507928687e+00 1.933194929762523273e+00
3.943500688289890199e+00 2.244883120178799985e+00
3.949790163071851712e+00 9.908392951400454285e-01
3.956079637853813225e+00 1.308628097074832297e+00
3.962369112635774737e+00 8.147255774877590895e-01
3.968658587417736250e+00 2.237688368186529164e+00
3.974948062199697763e+00 1.824113775726386777e+00
3.981237536981659275e+00 5.027622628648265035e-01
3.987527011763621232e+00 8.651011770513242771e-01
3.993816486545582745e+00 1.949716228561729325e+00
4.000105961327544257e+00 1.759866671175838171e+00
4.006395436109505326e+00 1.178688486178451678e+00
4.012684910891467283e+00 9.951009222714098934e-01
4.018974385673428351e+00 1.329822798322606081e+00
4.025263860455390308e+00 5.694571290873435832e-01
4.031553335237352265e+00 9.227881407209181930e-01
4.037842810019313333e+00 7.294095835504426084e-01
4.044132284801275290e+00 9.356472148700887281e-01
4.050421759583236359e+00 1.737936770846419954e-01
4.056711234365198315e+00 8.669633002853880388e-01
4.063000709147159384e+00 1.333187871980320294e+00
4.069290183929121341e+00 1.523066570674122655e+00
4.075579658711082409e+00 4.736253969675817688e-01
4.081869133493044366e+00 1.247617565812159546e+00
4.088158608275005435e+00 1.428256566088859536e+00
4.094448083056967391e+00 -5.477216798568895761e-02
4.100737557838928460e+00 6.921600417812810990e-01
4.107027032620890417e+00 1.574595155433082261e-01
4.113316507402852373e+00 4.585748832821063825e-01
4.119605982184813442e+00 1.243269037007467492e+00
4.125895456966775399e+00 2.857483420501401028e-01
4.132184931748736467e+00 1.647626609815061594e+00
4.138474406530698424e+00 8.859819807225315369e-01
4.144763881312659493e+00 1.134064248664903740e+00
4.151053356094621449e+00 -2.899655977504178583e-02
4.157342830876582518e+00 2.419461894359262177e-01
4.163632305658544475e+00 7.460645893457666933e-01
4.169921780440505543e+00 4.841718619495273823e-01
4.176211255222467500e+00 -3.763310527537220840e-01
4.182500730004428569e+00 1.064482451160028376e+00
4.188790204786390525e+00 1.027900945378503739e-01
4.195079679568352482e+00 1.274626320935738244e+00
4.201369154350313551e+00 1.615932897506243693e-01
4.207658629132275507e+00 1.147592638383939212e+00
4.213948103914236576e+00 -3.155347421744978398e-01
4.220237578696198533e+00 -2.288336087517861550e-02
4.226527053478159601e+00 3.249167303105870985e-01
4.232816528260121558e+00 1.414213765196781214e+00
4.239106003042082627e+00 1.270828481944806576e+00
4.245395477824044583e+00 3.124438773823667859e-01
4.251684952606005652e+00 5.855669073263936042e-02
4.257974427387967609e+00 4.306770230138374789e-01
4.264263902169928677e+00 1.386561815418902999e+00
4.270553376951890634e+00 7.975608324851883868e-01
4.276842851733852591e+00 -7.572130297821610956e-02
4.283132326515813659e+00 1.252201191087540133e+00
4.289421801297775616e+00 1.276685965957536251e+00
4.295711276079736685e+00 1.782899887831645991e-01
4.302000750861698641e+00 -5.852276841164507637e-01
4.308290225643659710e+00 1.267162265845065638e+00
4.314579700425621667e+00 -6.682419558258978487e-02
4.320869175207582735e+00 5.643231573579748916e-01
4.327158649989544692e+00 3.843443792710543594e-02
4.333448124771505761e+00 -3.480973270315481649e-01
4.339737599553467717e+00 3.490789114180053998e-01
4.346027074335428786e+00 -2.998126037033820301e-01
4.352316549117390743e+00 1.156202961067462009e+00
4.358606023899352699e+00 1.448559116114817025e-01
4.364895498681313768e+00 1.295557850007886369e+00
4.371184973463275725e+00 8.741284732254042122e-01
4.377474448245236793e+00 -6.074619669625253016e-01
4.383763923027198750e+00 7.651415124116582867e-01
4.390053397809159819e+00 8.474511266314092017e-01
4.396342872591121775e+00 8.252262442783726559e-01
4.402632347373082844e+00 -3.269944725149100950e-01
4.408921822155044801e+00 1.123182323123572468e+00
4.415211296937005869e+00 -2.354353491806746579e-01
4.421500771718967826e+00 5.619863787889388673e-01
4.427790246500929783e+00 5.431612698264201011e-01
4.434079721282890851e+00 -1.043099681307776416e-01
4.440369196064852808e+00 -3.768032296815855275e-01
4.446658670846813877e+00 -4.206855343796518376e-01
4.452948145628775833e+00 1.074049885211779909e+00
4.459237620410736902e+00 4.616110828190771453e-01
4.465527095192698859e+00 -1.882920577724905842e-01
4.471816569974659927e+00 1.192686729784507182e+00
4.478106044756621884e+00 -2.081738687613272631e-01
4.484395519538582953e+00 6.522101417315999683e-01
4.490684994320544909e+00 2.861855433592555564e-01
4.496974469102505978e+00 1.769304626314811557e-01
4.503263943884467935e+00 1.488193777395967476e-01
4.509553418666429891e+00 1.664053721219141413e-01
4.515842893448390960e+00 1.288298671988428179e+00
4.522132368230352917e+00 1.300103311511733528e+00
4.528421843012313985e+00 1.457941080003430034e+00
4.534711317794275942e+00 -2.789350233859649864e-01
4.541000792576237011e+00 7.921176006594349284e-01
4.547290267358198967e+00 1.255061700541106884e+00
4.553579742140160036e+00 2.757158882793963595e-01
4.559869216922121993e+00 1.449740754272121901e-01
4.566158691704083061e+00 6.611497461623696559e-01
4.572448166486045018e+00 6.445455701479361199e-01
4.578737641268006087e+00 4.975607299497192271e-01
4.585027116049968043e+00 -1.664003425230634603e-01
4.591316590831930000e+00 1.439200767045989204e+00
4.597606065613891069e+00 -8.167219417059745634e-02
4.603895540395853025e+00 1.227385639053423017e+00
4.610185015177814094e+00 -2.155270485305942341e-01
4.616474489959776051e+00 -1.839859041528522643e-01
4.622763964741737119e+00 -1.950081926626323625e-01
4.629053439523699076e+00 1.228455199340804382e+00
4.635342914305660145e+00 1.522105901200769829e+00
4.641632389087622101e+00 8.883337994972869689e-01
4.647921863869583170e+00 1.007457975706721687e+00
4.654211338651545127e+00 1.203317251080758599e+00
4.660500813433506195e+00 1.693200093904894565e+00
4.666790288215468152e+00 1.606682798517595323e+00
4.673079762997430109e+00 5.277057614879557823e-01
4.679369237779391177e+00 4.212116460386491346e-01
4.685658712561353134e+00 2.386232945742877143e-01
4.691948187343314203e+00 2.241185327976355779e-01
4.698237662125276159e+00 3.738347815553609843e-01
4.704527136907237228e+00 2.171380159437508173e-01
4.710816611689199185e+00 1.186699261662995664e+00
4.717106086471160253e+00 1.367593796812299978e+00
4.723395561253122210e+00 3.197240137251811665e-01
4.729685036035083279e+00 1.682601694554979765e+00
4.735974510817045235e+00 1.698361434786560542e-01
4.742263985599006304e+00 6.966227991649593942e-01
4.748553460380968261e+00 1.266717129941622444e+00
4.754842935162930218e+00 2.874972621900507286e-01
4.761132409944891286e+00 1.671172417993147974e+00
4.767421884726853243e+00 5.778634953952972442e-01
4.773711359508814311e+00 3.911091027094673600e-01
4.780000834290776268e+00 4.444194070950935327e-02
4.786290309072737337e+00 1.166394246203692697e+00
4.792579783854699293e+00 9.601366747418300651e-01
4.798869258636660362e+00 1.433368551265361113e+00
4.805158733418622319e+00 -3.092752321522806436e-01
4.811448208200583387e+00 1.631182214168839462e+00
4.817737682982545344e+00 -3.248370335919313345e-01
4.824027157764506413e+00 1.129362119282448118e+00
4.830316632546468369e+00 1.397363562945797444e+00
4.836606107328430326e+00 1.134386705913251525e+00
4.842895582110391395e+00 -1.154809356143530197e-01
4.849185056892353352e+00 -4.658989949535363717e-02
4.855474531674314420e+00 7.114083886948635582e-01
4.861764006456276377e+00 -3.362617971919646398e-01
4.868053481238237445e+00 -4.015183656960308323e-01
4.874342956020199402e+00 2.978593047694534368e-01
4.880632430802160471e+00 1.186630108503014869e+00
4.886921905584122428e+00 6.308864002802389015e-01
4.893211380366083496e+00 1.136213315920679756e+00
4.899500855148045453e+00 1.037344396946390024e+00
4.905790329930006521e+00 3.203036291341668784e-01
4.912079804711968478e+00 2.608730633514049213e-01
4.918369279493930435e+00 1.397004083792735996e+00
4.924658754275891503e+00 9.838319880252248684e-01
4.930948229057853460e+00 9.963238120372679418e-01
4.937237703839814529e+00 -1.243885032710076999e-01
4.943527178621776486e+00 1.204073888373642598e+00
4.949816653403737554e+00 1.212301599440757105e-01
4.956106128185699511e+00 4.486179933076011039e-01
4.962395602967660579e+00 1.165365705060951163e+00
4.968685077749622536e+00 5.947199506047130546e-01
4.974974552531583605e+00 1.686227590131306187e-01
4.981264027313545562e+00 8.072221717534204810e-01
4.987553502095506630e+00 5.479383867454782342e-01
4.993842976877468587e+00 7.099523129312368397e-02
5.000132451659430544e+00 4.383439012611178853e-02
5.006421926441391612e+00 -4.749183822574463143e-01
5.012711401223353569e+00 9.766635814333873844e-01
5.019000876005314637e+00 8.426875733354128872e-01
5.025290350787276594e+00 1.343119914658990055e-01
5.031579825569237663e+00 -2.643653667463856660e-01
5.037869300351199620e+00 1.186748945660482057e+00
5.044158775133160688e+00 4.706143491666842094e-01
5.050448249915122645e+00 -7.579622847863076718e-01
5.056737724697083713e+00 2.790881145796603180e-01
5.063027199479045670e+00 -5.561617632291260271e-02
5.069316674261006739e+00 6.299936265026468973e-01
5.075606149042968696e+00 1.261074410540072854e-01
5.081895623824930652e+00 -1.010506006047422467e-01
5.088185098606891721e+00 2.185772398473465605e-01
5.094474573388853678e+00 3.931938378915533772e-02
5.100764048170814746e+00 8.575596037445216702e-01
5.107053522952776703e+00 7.307578295338204022e-01
5.113342997734737772e+00 1.104191798320096840e+00
5.119632472516699728e+00 2.434769874257174394e-01
5.125921947298660797e+00 6.039061529262669259e-01
5.132211422080622754e+00 7.507667743689983020e-02
5.138500896862583822e+00 3.014539876050648104e-01
5.144790371644545779e+00 -4.361599002184129992e-01
5.151079846426506847e+00 -3.584489248827089636e-01
5.157369321208468804e+00 -5.596642791114823101e-01
5.163658795990430761e+00 -2.623364867834780956e-01
5.169948270772391830e+00 2.243182681204779483e-01
5.176237745554353786e+00 4.027615693728966439e-01
5.182527220336314855e+00 8.503567897209109994e-01
5.188816695118276812e+00 4.087931990888208356e-01
5.195106169900237880e+00 -3.854953631872480857e-01
5.201395644682199837e+00 8.429799826080843772e-01
5.207685119464160906e+00 6.318994307785977815e-01
5.213974594246122862e+00 1.074990296417050573e+00
5.220264069028083931e+00 7.125185038973058660e-02
5.226553543810045888e+00 7.069169852455645664e-01
5.232843018592006956e+00 1.145896530796509882e+00
5.239132493373968913e+00 6.069046359292147308e-01
5.245421968155930870e+00 4.126127989965144849e-02
5.251711442937891938e+00 -6.384861556384402448e-02
5.258000917719853895e+00 -3.321181755648043854e-01
5.264290392501814964e+00 -5.708311829013339445e-01
5.270579867283776920e+00 -2.327805501033965996e-01
5.276869342065737989e+00 1.293200894333804918e+00
5.283158816847699946e+00 4.205082300150199126e-01
5.289448291629661014e+00 4.729437585557045853e-01
5.295737766411622971e+00 7.638570997205373914e-01
5.302027241193584040e+00 6.487671649167606747e-01
5.308316715975545996e+00 2.470091157726239661e-02
5.314606190757507953e+00 9.974205386855978794e-01
5.320895665539469022e+00 1.482449774088000272e+00
5.327185140321430978e+00 4.663655176878458430e-01
5.333474615103392047e+00 -2.444858179133229670e-01
5.339764089885354004e+00 -2.185602142625996946e-01
5.346053564667315072e+00 1.028439524150462470e+00
5.352343039449277029e+00 8.794005910711191198e-01
5.358632514231238098e+00 6.836800613148447114e-01
5.364921989013200054e+00 1.630503414466676793e+00
5.371211463795161123e+00 1.225492385132833872e+00
5.377500938577123080e+00 1.389302417525925204e+00
5.383790413359084148e+00 1.506964824437307726e+00
5.390079888141046105e+00 1.169441595906838050e+00
5.396369362923008062e+00 6.619856639702500489e-01
5.402658837704969130e+00 9.357564881323268136e-01
5.408948312486931087e+00 1.956761967862621354e-01
5.415237787268892156e+00 7.098528115242326297e-01
5.421527262050854112e+00 3.732636409388236931e-01
5.427816736832815181e+00 5.793934495625840952e-01
5.434106211614777138e+00 1.962049680622171444e+00
5.440395686396738206e+00 1.625887723631210147e+00
5.446685161178700163e+00 1.574197687997102246e+00
5.452974635960661232e+00 8.538018592559257769e-01
5.459264110742623188e+00 1.750858171287583698e+00
5.465553585524584257e+00 2.585035542229543459e-01
5.471843060306546214e+00 1.347627215834110936e+00
5.478132535088508170e+00 1.792930420638025213e+00
5.484422009870469239e+00 4.807293942732615566e-01
5.490711484652431196e+00 1.743522297459666692e+00
5.497000959434392264e+00 1.259828965068476192e+00
5.503290434216354221e+00 1.837655749682022499e+00
5.509579908998315290e+00 1.299861053756126150e+00
5.515869383780277246e+00 1.161023463925907606e+00
5.522158858562238315e+00 1.116196678446659263e+00
5.528448333344200272e+00 1.246507704867514832e+00
5.534737808126161340e+00 2.247683983114440842e+00
5.541027282908123297e+00 1.979669794502331603e+00
5.547316757690084366e+00 2.053743838143966549e+00
5.553606232472046322e+00 2.065971638695065948e+00
5.559895707254008279e+00 6.213090225013568890e-01
5.566185182035969348e+00 2.030571079702417681e+00
5.572474656817931304e+00 2.378953194494812795e+00
5.578764131599892373e+00 1.963608391914114071e+00
5.585053606381854330e+00 2.264494608914140894e+00
5.591343081163815398e+00 1.916104889984773685e+00
5.597632555945777355e+00 1.403953194941464755e+00
5.603922030727738424e+00 1.101673906536694947e+00
5.610211505509700380e+00 2.563674286269689517e+00
5.616500980291661449e+00 8.782491451990592779e-01
5.622790455073623406e+00 8.103272904239662289e-01
5.629079929855584474e+00 2.151285735092157037e+00
5.635369404637546431e+00 2.416978228101277271e+00
5.641658879419508388e+00 1.203400161679225144e+00
5.647948354201469456e+00 1.614596786356872427e+00
5.654237828983431413e+00 1.482380801392189751e+00
5.660527303765392482e+00 2.413069366658652459e+00
5.666816778547354438e+00 9.178109734682144971e-01
5.673106253329315507e+00 7.373180261323641904e-01
5.679395728111277464e+00 1.151659550769052354e+00
5.685685202893238532e+00 1.820559663760668911e+00
5.691974677675200489e+00 2.343561414953219568e+00
5.698264152457161558e+00 1.827763823061713921e+00
5.704553627239123514e+00 1.269366150276759697e+00
5.710843102021084583e+00 2.344159934323738703e+00
5.717132576803046540e+00 1.727548826824698125e+00
5.723422051585008496e+00 1.605007763975888624e+00
5.729711526366969565e+00 2.590656135914778169e+00
5.736001001148931522e+00 2.595165651808466478e+00
5.742290475930892590e+00 2.499462093444519528e+00
5.748579950712854547e+00 1.849335956365111722e+00
5.754869425494815616e+00 8.739872343379035957e-01
5.761158900276777572e+00 2.351000574303478974e+00
5.767448375058738641e+00 2.497709937661917401e+00
5.773737849840700598e+00 1.306312513341960191e+00
5.780027324622661666e+00 2.211795431191788452e+00
5.786316799404623623e+00 1.174236337372085881e+00
5.792606274186584692e+00 9.541249160203681967e-01
5.798895748968546648e+00 1.412754316733240145e+00
5.805185223750508605e+00 1.029356598128403855e+00
5.811474698532469674e+00 1.540042078002944903e+00
5.817764173314431631e+00 1.880842660289130830e+00
5.824053648096392699e+00 8.621538644709860755e-01
5.830343122878354656e+00 1.996527426515609438e+00
5.836632597660315724e+00 8.996098103853076289e-01
5.842922072442277681e+00 1.064328706103100375e+00
5.849211547224238750e+00 1.410538042245893298e+00
5.855501022006200706e+00 2.971612553810104029e-01
5.861790496788161775e+00 1.061163609761226256e+00
5.868079971570123732e+00 3.201902753128216816e-01
5.874369446352084800e+00 9.510984388654908361e-01
5.880658921134046757e+00 8.176599833894795388e-01
5.886948395916008714e+00 1.994278766811759418e+00
5.893237870697969782e+00 3.671469781478196026e-01
5.899527345479931739e+00 1.152223617997133465e-01
5.905816820261892808e+00 4.807999915038782546e-01
5.912106295043854765e+00 5.622409936070413838e-01
5.918395769825815833e+00 3.427482619924673291e-01
5.924685244607777790e+00 4.244238623716486969e-01
5.930974719389738858e+00 1.622701196730510276e+00
5.937264194171700815e+00 1.109131458897697264e+00
5.943553668953661884e+00 1.612836698642105659e+00
5.949843143735623840e+00 -3.023377965476301554e-01
5.956132618517584909e+00 7.504009924791721353e-01
5.962422093299546866e+00 1.457608923800149281e+00
5.968711568081508823e+00 9.954414036050582837e-01
5.975001042863469891e+00 1.450011212999672061e+00
5.981290517645431848e+00 3.722576844232483584e-01
5.987579992427392916e+00 1.362339719379861203e+00
5.993869467209354873e+00 6.293883633084460527e-01
6.000158941991315942e+00 1.131412558995793738e+00
6.006448416773277899e+00 -7.493489833979816162e-02
6.012737891555238967e+00 1.106586505458764247e-01
6.019027366337200924e+00 -3.659147974885874621e-01
6.025316841119161992e+00 7.393895748897258979e-01
6.031606315901123949e+00 3.955051069297872424e-01
6.037895790683085906e+00 -5.237737587063073796e-01
6.044185265465046974e+00 -2.287705414429896944e-01
6.050474740247008931e+00 1.351139555244105228e-01
6.056764215028970000e+00 3.929405857978025551e-01
6.063053689810931957e+00 -4.485230417667684932e-03
6.069343164592893025e+00 6.870744658899052837e-01
6.075632639374854982e+00 3.512465161742877040e-01
6.081922114156816050e+00 -1.262083202696528961e-01
6.088211588938778007e+00 -9.774590070537891862e-02
6.094501063720739076e+00 -8.907318731121471878e-01
6.100790538502701033e+00 -5.621742136508511845e-01
6.107080013284662101e+00 2.483708336990813059e-01
6.113369488066624058e+00 6.637370801226860628e-02
6.119658962848586015e+00 3.016588740584897899e-01
6.125948437630547083e+00 -3.759457005750999059e-02
6.132237912412509040e+00 -1.009428839783392817e+00
6.138527387194470109e+00 -4.517523529697227147e-01
6.144816861976432065e+00 -9.858294988408979886e-01
6.151106336758393134e+00 -1.331344106864252197e+00
6.157395811540355091e+00 1.623796947972424576e-01
6.163685286322316159e+00 -1.239522745915426327e+00
6.169974761104278116e+00 -5.470540534867351923e-01
6.176264235886239184e+00 -1.297945435630005528e+00
6.182553710668201141e+00 -6.706567363915394431e-02
6.188843185450162210e+00 -1.272398293675976344e+00
6.195132660232124167e+00 -9.536264515980050760e-01
6.201422135014086123e+00 -3.730488269816005786e-01
6.207711609796047192e+00 -1.253355322646108272e+00
6.214001084578009149e+00 -2.715991026178634637e-01
6.220290559359970217e+00 -1.409040906376024749e+00
6.226580034141932174e+00 -1.270062342106729192e+00
6.232869508923893243e+00 -4.236935743176142299e-01
6.239158983705855199e+00 -2.073321376640759439e+00
6.245448458487816268e+00 -8.153745231607680832e-01
6.251737933269778225e+00 -5.806196691510117081e-01
6.258027408051739293e+00 -1.208882810941954267e+00
6.264316882833701250e+00 -9.126284340954780028e-01
6.270606357615662318e+00 -1.763722040090794918e+00
6.276895832397624275e+00 -6.024788906588456339e-01
6.283185307179586232e+00 -1.231964864146093186e+00
