0.000000000000000000e+00 1.185081079121824699e+00
6.289474781961547356e-03 6.464287683736102963e-01
1.257894956392309471e-02 6.685281775148623762e-01
1.886842434588464207e-02 6.000412309274615330e-01
2.515789912784618942e-02 2.769466188936004492e-01
3.144737390980773678e-02 -2.362482872945044776e-01
3.773684869176928414e-02 2.527247062644666364e-01
4.402632347373083149e-02 -1.958362306270220454e-01
5.031579825569237885e-02 -8.252143051572047305e-02
5.660527303765392620e-02 1.436830036956693313e+00
6.289474781961547356e-02 1.177744865487904802e+00
6.918422260157702786e-02 8.083990820344459927e-01
7.547369738353856827e-02 1.578417002080686915e+00
8.176317216550010869e-02 2.816548392683357327e-01
8.805264694746166299e-02 1.195187413765031792e+00
9.434212172942321728e-02 1.302663759331426307e+00
1.006315965113847577e-01 -2.430904496654534563e-02
1.069210712933462981e-01 -1.847464764038597718e-02
1.132105460753078524e-01 -2.240304691388218528e-01
1.195000208572694067e-01 -3.502275016228280635e-01
1.257894956392309471e-01 7.760405159252548035e-01
1.320789704211924875e-01 4.370704838385675028e-02
1.383684452031540557e-01 8.731053914609265831e-02
1.446579199851155961e-01 1.175489239004517295e+00
1.509473947670771365e-01 -1.646268902721024774e-01
1.572368695490386770e-01 9.576544024324507021e-01
1.635263443310002174e-01 1.258339968179321477e+00
1.698158191129617856e-01 -1.104837848438572356e-01
1.761052938949233260e-01 6.290446417986261807e-01
1.823947686768848664e-01 1.262334691684889210e+00
1.886842434588464346e-01 6.340633394210622997e-01
1.949737182408079750e-01 1.153667957609965988e+00
2.012631930227695154e-01 1.326446264949966203e+00
2.075526678047310558e-01 8.814896915845812364e-01
2.138421425866925962e-01 5.765525422242674392e-01
2.201316173686541644e-01 3.837633121038219741e-01
2.264210921506157048e-01 7.685182130092192976e-01
2.327105669325772452e-01 -6.007360581034504321e-02
2.390000417145388134e-01 1.285849326493742950e+00
2.452895164965003538e-01 1.548120973486374563e+00
2.515789912784618942e-01 1.362453203979508309e+00
2.578684660604234624e-01 -1.243308715351454929e-01
2.641579408423849751e-01 1.905240943693214950e-01
2.704474156243465433e-01 1.494004234810788700e+00
2.767368904063081114e-01 1.016630323915912681e+00
2.830263651882696241e-01 1.785985572285443412e-01
2.893158399702311923e-01 1.377633370678574609e+00
2.956053147521927049e-01 -2.039947770161620877e-02
3.018947895341542731e-01 3.092513848558978151e-01
3.081842643161158413e-01 2.188718942145428947e-01
3.144737390980773539e-01 1.103104554460361264e+00
3.207632138800389221e-01 8.525973152664467758e-02
3.270526886620004348e-01 8.648223565871324681e-01
3.333421634439620029e-01 -1.932158371038755762e-01
3.396316382259235711e-01 5.782736867292126437e-01
3.459211130078850838e-01 1.703169789024774339e-01
3.522105877898466519e-01 9.246055677272091433e-01
3.585000625718082201e-01 1.189325385946575331e+00
3.647895373537697328e-01 -3.384609066732324756e-01
3.710790121357313009e-01 5.595848427223766297e-01
3.773684869176928691e-01 1.168625417027978175e+00
3.836579616996543818e-01 -3.887859032473052201e-01
3.899474364816159500e-01 -6.153119191894791395e-01
3.962369112635774626e-01 5.855803621243695911e-01
4.025263860455390308e-01 6.355701420354195053e-01
4.088158608275005990e-01 7.023697871888491262e-01
4.151053356094621116e-01 7.177948243026448516e-01
4.213948103914236798e-01 -2.786736868357064800e-02
4.276842851733851925e-01 -5.077853341309871427e-01
4.339737599553467606e-01 1.125674649829795371e-01
4.402632347373083288e-01 3.216345157929638710e-01
4.465527095192698415e-01 -1.061123572922455516e-01
4.528421843012314096e-01 8.827376264659161365e-01
4.591316590831929778e-01 2.175907201411388936e-01
4.654211338651544905e-01 -7.006699503128559492e-01
4.717106086471160586e-01 9.732649665977816111e-01
4.780000834290776268e-01 -7.061361081835342279e-01
4.842895582110391395e-01 -6.179661387893701230e-01
4.905790329930007077e-01 4.103045073598539094e-01
4.968685077749622203e-01 3.705724367722280643e-01
5.031579825569237885e-01 -5.070265169893597434e-01
5.094474573388853011e-01 1.549882735877119444e-01
5.157369321208469248e-01 4.434805509633812370e-01
5.220264069028084375e-01 3.476050572232947111e-01
5.283158816847699502e-01 -6.055962110086279271e-01
5.346053564667315738e-01 7.795190096230446564e-01
5.408948312486930865e-01 -2.087736929017123266e-01
5.471843060306545992e-01 -1.892308597882590426e-01
5.534737808126162228e-01 -4.338334806039612079e-01
5.597632555945777355e-01 -2.405264631818821996e-01
5.660527303765392482e-01 -1.106626452904309943e+00
5.723422051585007608e-01 6.129570276814291230e-01
5.786316799404623845e-01 -1.098673146452318505e+00
5.849211547224238972e-01 6.619361489863182513e-01
5.912106295043854098e-01 2.786392468306588821e-01
5.975001042863470335e-01 7.156471444598144771e-02
6.037895790683085462e-01 2.976022916332903279e-01
6.100790538502700588e-01 -4.630889874317074550e-01
6.163685286322316825e-01 3.532752072740172888e-01
6.226580034141931952e-01 -5.629359199857097984e-02
6.289474781961547079e-01 2.185779494166557591e-01
6.352369529781163315e-01 4.670993373998777454e-01
6.415264277600778442e-01 4.271092712893349574e-01
6.478159025420393569e-01 -9.687329326851088496e-01
6.541053773240008695e-01 1.132680125756797551e-01
6.603948521059624932e-01 6.609150390647084983e-01
6.666843268879240059e-01 -1.179881532290083079e+00
6.729738016698855185e-01 -2.791279683322107630e-01
6.792632764518471422e-01 1.455368134505763411e-01
6.855527512338086549e-01 -1.210866274975253898e+00
6.918422260157701675e-01 8.568377672711680049e-02
6.981317007977317912e-01 1.522469527470589057e-01
7.044211755796933039e-01 -2.247111321578902920e-01
7.107106503616548165e-01 4.902677026663286863e-01
7.170001251436164402e-01 6.112544399093784442e-01
7.232895999255779529e-01 -7.515602825718354918e-01
7.295790747075394655e-01 -1.192489958609675549e+00
7.358685494895010892e-01 -8.372795370772556645e-01
7.421580242714626019e-01 5.560111520780592897e-01
7.484474990534241146e-01 -4.991963921878921351e-01
7.547369738353857382e-01 -1.065819200172093639e+00
7.610264486173472509e-01 2.441503899762702545e-01
7.673159233993087636e-01 1.926316472387132883e-01
7.736053981812702762e-01 5.606517030708284555e-01
7.798948729632318999e-01 -1.109752982421807088e+00
7.861843477451934126e-01 -7.208959031279651430e-01
7.924738225271549252e-01 -1.054768640019919879e+00
7.987632973091165489e-01 -8.033600626466443906e-01
8.050527720910780616e-01 3.021317251068760257e-01
8.113422468730395742e-01 -4.304321074371699751e-01
8.176317216550011979e-01 8.107548256518906094e-01
8.239211964369627106e-01 5.511877680655190570e-01
8.302106712189242232e-01 5.091508089281400196e-01
8.365001460008858469e-01 8.467288692461676369e-01
8.427896207828473596e-01 -3.453023091501882247e-01
8.490790955648088723e-01 -5.489500708895886927e-01
8.553685703467703849e-01 1.089698597597819729e+00
8.616580451287320086e-01 -5.882546921545752650e-01
8.679475199106935213e-01 -4.050849973460011189e-01
8.742369946926550339e-01 8.506225558489164396e-01
8.805264694746166576e-01 -5.573017566462818984e-01
8.868159442565781703e-01 -5.025938667120317671e-01
8.931054190385396829e-01 -1.672571539823253239e-01
8.993948938205013066e-01 -5.193424189887633213e-01
9.056843686024628193e-01 -2.884201393876928421e-01
9.119738433844243319e-01 -6.549782243168289497e-02
9.182633181663859556e-01 2.690811112752464762e-01
9.245527929483474683e-01 7.749707036094832802e-02
9.308422677303089809e-01 1.509344255364153842e+00
9.371317425122706046e-01 1.176409247726564411e+00
9.434212172942321173e-01 2.222668892189783030e-02
9.497106920761936300e-01 1.028502846434473428e+00
9.560001668581552536e-01 5.058603457488106692e-01
9.622896416401167663e-01 1.718422827266220088e+00
9.685791164220782790e-01 4.048374521601201259e-01
9.748685912040397916e-01 -3.126236633197923553e-02
9.811580659860014153e-01 3.010191476979491298e-01
9.874475407679629280e-01 1.490070220709430515e+00
9.937370155499244406e-01 7.678205816770036218e-01
1.000026490331886064e+00 9.601607370547526887e-01
1.006315965113847577e+00 1.836138002853870965e+00
1.012605439895809090e+00 1.157816734890871335e-01
1.018894914677770602e+00 8.633367062887198351e-01
1.025184389459732115e+00 4.204572535486981733e-01
1.031473864241693850e+00 1.780771616706496863e+00
1.037763339023655362e+00 1.570097377854746679e+00
1.044052813805616875e+00 1.928593316676008085e+00
1.050342288587578388e+00 1.628616328961928206e+00
1.056631763369539900e+00 1.059453076409107020e+00
1.062921238151501413e+00 1.424522019567928011e+00
1.069210712933463148e+00 2.045069778903034319e+00
1.075500187715424660e+00 1.189358180975666146e+00
1.081789662497386173e+00 1.979846014230100204e+00
1.088079137279347686e+00 1.054318139301740009e+00
1.094368612061309198e+00 1.860114953414845340e+00
1.100658086843270711e+00 5.910151729552285405e-01
1.106947561625232446e+00 1.716666297518234297e+00
1.113237036407193958e+00 1.811725069910717689e+00
1.119526511189155471e+00 2.223327447551509017e+00
1.125815985971116984e+00 1.417972078410524972e+00
1.132105460753078496e+00 2.572993706965503780e+00
1.138394935535040009e+00 2.063647197964635804e+00
1.144684410317001522e+00 1.717659458380779380e+00
1.150973885098963256e+00 1.288218770734912866e+00
1.157263359880924769e+00 2.306246016818017885e+00
1.163552834662886282e+00 2.324795037441223844e+00
1.169842309444847794e+00 1.042625955767182866e+00
1.176131784226809307e+00 1.863396902712143532e+00
1.182421259008770820e+00 2.954636754930676457e+00
1.188710733790732554e+00 2.053286484317465632e+00
1.195000208572694067e+00 1.571659988448735001e+00
1.201289683354655580e+00 1.144322137529844241e+00
1.207579158136617092e+00 1.541379971307926811e+00
1.213868632918578605e+00 2.375150329428802110e+00
1.220158107700540118e+00 1.464907787549045048e+00
1.226447582482501630e+00 1.211658901672559852e+00
1.232737057264463365e+00 1.199297213832648756e+00
1.239026532046424878e+00 1.618777792320367448e+00
1.245316006828386390e+00 1.715326347892680570e+00
1.251605481610347903e+00 1.686486762172250575e+00
1.257894956392309416e+00 2.751382287083260714e+00
1.264184431174270928e+00 2.079023056381130274e+00
1.270473905956232663e+00 2.795431159460079584e+00
1.276763380738194176e+00 3.111182282898764306e+00
1.283052855520155688e+00 1.843569662749186211e+00
1.289342330302117201e+00 2.013147572061956048e+00
1.295631805084078714e+00 2.249112021405216488e+00
1.301921279866040226e+00 2.659086087434017198e+00
1.308210754648001739e+00 1.255524098355915719e+00
1.314500229429963474e+00 2.508487895893790842e+00
1.320789704211924986e+00 2.564845910735373380e+00
1.327079178993886499e+00 1.147126688681698425e+00
1.333368653775848012e+00 2.601680305412655603e+00
1.339658128557809524e+00 2.773569436033482383e+00
1.345947603339771037e+00 1.705339482179802690e+00
1.352237078121732772e+00 1.275195564743703880e+00
1.358526552903694284e+00 1.571079328557040578e+00
1.364816027685655797e+00 1.786376337103501299e+00
1.371105502467617310e+00 2.880049384624146391e+00
1.377394977249578822e+00 1.107761298850274523e+00
1.383684452031540335e+00 1.708210042701687081e+00
1.389973926813502070e+00 1.989586568100349728e+00
1.396263401595463582e+00 2.795183986522224107e+00
1.402552876377425095e+00 2.250554530371063233e+00
1.408842351159386608e+00 2.320870847953492966e+00
1.415131825941348120e+00 8.883876172714739727e-01
1.421421300723309633e+00 1.953268954490400944e+00
1.427710775505271146e+00 9.992794918343644861e-01
1.434000250287232880e+00 2.190161432379834849e+00
1.440289725069194393e+00 1.549163340088671736e+00
1.446579199851155906e+00 1.747768836495852351e+00
1.452868674633117418e+00 1.852762743022007719e+00
1.459158149415078931e+00 1.841972821651747916e+00
1.465447624197040444e+00 1.273339866950184529e+00
1.471737098979002178e+00 8.277089893640798834e-01
1.478026573760963691e+00 2.367621090886019797e+00
1.484316048542925204e+00 2.385611753284561320e+00
1.490605523324886716e+00 1.652759555618085852e+00
1.496894998106848229e+00 1.441703179233323473e+00
1.503184472888809742e+00 1.967530932786068609e+00
1.509473947670771476e+00 1.676900272585710949e+00
1.515763422452732989e+00 2.033857477268413483e+00
1.522052897234694502e+00 3.811309396356669654e-01
1.528342372016656014e+00 1.733903845699722446e+00
1.534631846798617527e+00 8.605739414777370255e-01
1.540921321580579040e+00 8.562838660799871882e-01
1.547210796362540552e+00 8.514041216039976989e-01
1.553500271144502287e+00 1.429362547684533524e+00
1.559789745926463800e+00 -1.403175811766418091e-01
1.566079220708425312e+00 4.203834298240662903e-01
1.572368695490386825e+00 7.614722643353749598e-02
1.578658170272348338e+00 1.207911130666234900e+00
1.584947645054309850e+00 -9.614156574322130222e-02
1.591237119836271585e+00 6.930477347566510460e-01
1.597526594618233098e+00 1.349667843807977663e+00
1.603816069400194610e+00 1.113161682029396138e+00
1.610105544182156123e+00 3.012818105268502133e-01
1.616395018964117636e+00 -5.113709430007042922e-01
1.622684493746079148e+00 1.042330951047851118e+00
1.628973968528040661e+00 7.118971701929369678e-01
1.635263443310002396e+00 5.287118599052942347e-01
1.641552918091963909e+00 6.788443613075999528e-01
1.647842392873925421e+00 -5.796997364757330296e-01
1.654131867655886934e+00 6.763629234853407723e-03
1.660421342437848446e+00 -3.373733508700382799e-02
1.666710817219809959e+00 -9.797419086624992168e-02
1.673000292001771694e+00 -5.727452112713897758e-01
1.679289766783733207e+00 8.319495932918254955e-01
1.685579241565694719e+00 3.732337752380132656e-03
1.691868716347656232e+00 -1.149922564634953126e-02
1.698158191129617745e+00 -5.247618966032987498e-01
1.704447665911579257e+00 -1.256852474564180921e+00
1.710737140693540770e+00 -8.766021544335520499e-01
1.717026615475502505e+00 3.313021473000514749e-01
1.723316090257464017e+00 -3.681605892875867703e-01
1.729605565039425530e+00 -6.899827794596393726e-01
1.735895039821387043e+00 5.938084067837445801e-02
1.742184514603348555e+00 -1.483991667365670786e+00
1.748473989385310068e+00 -1.511405720575468736e+00
1.754763464167271803e+00 1.577875929127297017e-01
1.761052938949233315e+00 2.783813899681679693e-01
1.767342413731194828e+00 -1.736419202063232747e+00
1.773631888513156341e+00 -2.542818952098948593e-01
1.779921363295117853e+00 -1.522503888880972323e+00
1.786210838077079366e+00 -4.788005750895922841e-01
1.792500312859041101e+00 -1.222259650247239593e+00
1.798789787641002613e+00 -1.277643846687668949e+00
1.805079262422964126e+00 -8.256151874909183341e-01
1.811368737204925639e+00 -1.252618334634556740e+00
1.817658211986887151e+00 -1.709285183260730534e+00
1.823947686768848664e+00 -2.842957577002942493e-01
1.830237161550810177e+00 -7.269236289706384468e-01
1.836526636332771911e+00 -5.449346459404504905e-01
1.842816111114733424e+00 -5.775998607260344198e-01
1.849105585896694937e+00 -1.282266844514087234e+00
1.855395060678656449e+00 -6.534663659312911488e-01
1.861684535460617962e+00 -4.245148091062815876e-01
1.867974010242579475e+00 -2.041050605558286435e+00
1.874263485024541209e+00 -1.285634305872311867e+00
1.880552959806502722e+00 -9.302192920326934900e-01
1.886842434588464235e+00 -1.002436949300810953e+00
1.893131909370425747e+00 -6.344260056631727540e-01
1.899421384152387260e+00 -6.009256840739332084e-01
1.905710858934348773e+00 -2.062547837366885517e+00
1.912000333716310507e+00 -8.940990965083428499e-02
1.918289808498272020e+00 -2.914205295776466365e-01
1.924579283280233533e+00 -1.360261970560067812e+00
1.930868758062195045e+00 -1.502691644527420323e+00
1.937158232844156558e+00 -1.311357514598545437e+00
1.943447707626118071e+00 -1.511651817654367624e+00
1.949737182408079583e+00 -1.231892244707433193e-03
1.956026657190041318e+00 2.797029068304701660e-02
1.962316131972002831e+00 -5.665442205273030218e-02
1.968605606753964343e+00 -1.644583709043964115e+00
1.974895081535925856e+00 -1.639337448913622541e-01
1.981184556317887369e+00 6.646817506551472299e-02
1.987474031099848881e+00 -1.216064292272553304e+00
1.993763505881810616e+00 -8.905901890985365998e-01
2.000052980663772129e+00 -6.202550399646289403e-01
2.006342455445733641e+00 -1.084044341752232965e+00
2.012631930227695154e+00 -8.516489334097743225e-02
2.018921405009656667e+00 -4.143836354073504591e-01
2.025210879791618179e+00 -2.170372316601680840e-01
2.031500354573579692e+00 3.064705011258461731e-01
2.037789829355541205e+00 -1.300878361500506175e+00
2.044079304137502717e+00 -1.253790960779979757e+00
2.050368778919464230e+00 -4.274133684378567111e-03
2.056658253701426187e+00 -1.354231635626145680e+00
2.062947728483387699e+00 -7.503507447171315903e-01
2.069237203265349212e+00 5.209087405035024432e-01
2.075526678047310725e+00 7.157641617357304309e-01
2.081816152829272237e+00 -1.091697054616096008e+00
2.088105627611233750e+00 5.321888243880747993e-01
2.094395102393195263e+00 6.623674585068364262e-01
2.100684577175156775e+00 9.392064487691549335e-01
2.106974051957118288e+00 2.538594135925765771e-01
2.113263526739079801e+00 -2.245619787672356038e-01
2.119553001521041313e+00 -1.514499951197301186e-01
2.125842476303002826e+00 9.017602271712011897e-01
2.132131951084964339e+00 -1.817509307156042198e-01
2.138421425866926295e+00 -9.616435708437576224e-02
2.144710900648887808e+00 5.571985581719507419e-01
2.151000375430849321e+00 6.075845043250269750e-01
2.157289850212810833e+00 -4.689252380647588314e-01
2.163579324994772346e+00 5.431196621392428980e-01
2.169868799776733859e+00 1.134896873733409750e+00
2.176158274558695371e+00 8.277651528082019539e-02
2.182447749340656884e+00 1.161990209536707397e+00
2.188737224122618397e+00 1.092798848675943235e+00
2.195026698904579909e+00 -3.999411535549610153e-02
2.201316173686541422e+00 1.317917574047696938e+00
2.207605648468502935e+00 1.152078885488112547e-01
2.213895123250464891e+00 2.009058552071795845e+00
2.220184598032426404e+00 1.442913330736294464e+00
2.226474072814387917e+00 2.361347714912734319e-01
2.232763547596349429e+00 8.079474427512735035e-01
2.239053022378310942e+00 1.062931527244042273e+00
2.245342497160272455e+00 2.302291255089771838e+00
2.251631971942233967e+00 1.896173740221084314e+00
2.257921446724195480e+00 1.128852718187401738e+00
2.264210921506156993e+00 1.031765183419820486e+00
2.270500396288118505e+00 2.060288411187444879e+00
2.276789871070080018e+00 2.390833650083256323e+00
2.283079345852041531e+00 2.486251549073394962e+00
2.289368820634003043e+00 1.340457989756782098e+00
2.295658295415965000e+00 2.524260491646095783e+00
2.301947770197926513e+00 2.798903273347416842e+00
2.308237244979888025e+00 2.003369452228453973e+00
2.314526719761849538e+00 1.865024815015035253e+00
2.320816194543811051e+00 2.607990028110633851e+00
2.327105669325772563e+00 1.485900597007231649e+00
2.333395144107734076e+00 1.488046785733075694e+00
2.339684618889695589e+00 2.651292458799845875e+00
2.345974093671657101e+00 1.513127741712081198e+00
2.352263568453618614e+00 2.549708866861344347e+00
2.358553043235580127e+00 1.862004365129614536e+00
2.364842518017541639e+00 3.131759930959874261e+00
2.371131992799503152e+00 2.045672835588830285e+00
2.377421467581465109e+00 1.670774571896913363e+00
2.383710942363426621e+00 1.885531509183988819e+00
2.390000417145388134e+00 1.668757435989888682e+00
2.396289891927349647e+00 2.500791577360832463e+00
2.402579366709311159e+00 1.766573887283183542e+00
2.408868841491272672e+00 3.163452069561481839e+00
2.415158316273234185e+00 2.537205915280480895e+00
2.421447791055195697e+00 3.580056726448400450e+00
2.427737265837157210e+00 2.570627187645047051e+00
2.434026740619118723e+00 2.346525115441792764e+00
2.440316215401080235e+00 2.214315355245899397e+00
2.446605690183041748e+00 2.173024067045097762e+00
2.452895164965003261e+00 3.820164358062932752e+00
2.459184639746965217e+00 3.741828488465654523e+00
2.465474114528926730e+00 2.979353339346193508e+00
2.471763589310888243e+00 2.322465216860053694e+00
2.478053064092849755e+00 2.255240121221744332e+00
2.484342538874811268e+00 3.806809613794722935e+00
2.490632013656772781e+00 3.037565299890586434e+00
2.496921488438734293e+00 2.546717511161182834e+00
2.503210963220695806e+00 2.681372591765643243e+00
2.509500438002657319e+00 3.554269459654550101e+00
2.515789912784618831e+00 2.027389829563047918e+00
2.522079387566580344e+00 2.245707833250049745e+00
2.528368862348541857e+00 1.948766926095666152e+00
2.534658337130503369e+00 3.177989046010144314e+00
2.540947811912465326e+00 2.069248753194504076e+00
2.547237286694426839e+00 3.750105173378835755e+00
2.553526761476388351e+00 3.231241382559982167e+00
2.559816236258349864e+00 2.718502435849793120e+00
2.566105711040311377e+00 2.793689841001238072e+00
2.572395185822272889e+00 2.878801466018393818e+00
2.578684660604234402e+00 2.263409294720959419e+00
2.584974135386195915e+00 2.012737804356454330e+00
2.591263610168157427e+00 3.358914189090044466e+00
2.597553084950118940e+00 3.459184538861138414e+00
2.603842559732080453e+00 1.799651886199396866e+00
2.610132034514041965e+00 3.311909695601986670e+00
2.616421509296003478e+00 2.314981153116564716e+00
2.622710984077965435e+00 1.707184445633241676e+00
2.629000458859926947e+00 1.629853753158915231e+00
2.635289933641888460e+00 1.765478392778904615e+00
2.641579408423849973e+00 3.329487434050921735e+00
2.647868883205811485e+00 2.338032863788635396e+00
2.654158357987772998e+00 1.691435204199797537e+00
2.660447832769734511e+00 1.441148528795330508e+00
2.666737307551696023e+00 1.859188895052925838e+00
2.673026782333657536e+00 1.576320022289677159e+00
2.679316257115619049e+00 2.206673480180372238e+00
2.685605731897580561e+00 2.405563056436538893e+00
2.691895206679542074e+00 2.742749975108098148e+00
2.698184681461504031e+00 1.764023542727238159e+00
2.704474156243465544e+00 1.809783693394200865e+00
2.710763631025427056e+00 1.829965989863762577e+00
2.717053105807388569e+00 2.257599981942804312e+00
2.723342580589350082e+00 9.723203985649997438e-01
2.729632055371311594e+00 2.477797896663939348e+00
2.735921530153273107e+00 1.070962677455647327e+00
2.742211004935234619e+00 1.392605361712940581e+00
2.748500479717196132e+00 1.422569808761278587e+00
2.754789954499157645e+00 1.830651398155285658e+00
2.761079429281119157e+00 1.436632049332157823e+00
2.767368904063080670e+00 1.816539101918375643e+00
2.773658378845042183e+00 1.585446223599753512e+00
2.779947853627004140e+00 7.024438522859358658e-01
2.786237328408965652e+00 4.268187334583860015e-01
2.792526803190927165e+00 1.372720915647127837e+00
2.798816277972888678e+00 1.493929241130832475e+00
2.805105752754850190e+00 4.982718322401645805e-01
2.811395227536811703e+00 1.002191199921923959e+00
2.817684702318773216e+00 1.724704448614924113e+00
2.823974177100734728e+00 8.815836515439759435e-02
2.830263651882696241e+00 7.691315306669482821e-02
2.836553126664657754e+00 3.519011865109603621e-01
2.842842601446619266e+00 9.397126760104610455e-01
2.849132076228580779e+00 1.780223021154309970e+00
2.855421551010542291e+00 -1.237513806101470659e-01
2.861711025792504248e+00 1.437628347466241685e+00
2.868000500574465761e+00 -1.094574248405449368e-01
2.874289975356427274e+00 8.029169034133114558e-01
2.880579450138388786e+00 1.105119273502794375e+00
2.886868924920350299e+00 2.707229085497772081e-01
2.893158399702311812e+00 1.313466691563488720e+00
2.899447874484273324e+00 -2.132602635153757475e-02
2.905737349266234837e+00 1.193159951475867064e+00
2.912026824048196350e+00 -2.847211548393064895e-01
2.918316298830157862e+00 3.679959131771644021e-01
2.924605773612119375e+00 -2.506016166893477726e-01
2.930895248394080888e+00 6.495309773115851559e-01
2.937184723176042400e+00 -9.390211929847713801e-01
2.943474197958004357e+00 -7.846029837903096826e-01
2.949763672739965870e+00 -1.014157517540721143e+00
2.956053147521927382e+00 -2.911878525661064643e-01
2.962342622303888895e+00 -8.743724061014577220e-01
2.968632097085850408e+00 -2.351816440769911587e-01
2.974921571867811920e+00 -3.312788325710829263e-01
2.981211046649773433e+00 -6.265075222731679716e-01
2.987500521431734946e+00 4.370439267113197523e-01
2.993789996213696458e+00 -1.000946801067378100e+00
3.000079470995657971e+00 -3.124898607357795566e-01
3.006368945777619484e+00 -2.467836472655062785e-01
3.012658420559580996e+00 -8.284992263904102927e-01
3.018947895341542953e+00 4.825171791835314306e-01
3.025237370123504466e+00 2.663696685634593386e-01
3.031526844905465978e+00 -4.397148563369657204e-01
3.037816319687427491e+00 -6.885527256703347643e-01
3.044105794469389004e+00 -1.549198290271496026e+00
3.050395269251350516e+00 9.633625114901755992e-02
3.056684744033312029e+00 -7.426399173483451133e-01
3.062974218815273542e+00 -6.075384624909774267e-02
3.069263693597235054e+00 -7.736713637801284627e-02
3.075553168379196567e+00 -1.126441597478528456e+00
3.081842643161158080e+00 -6.986068715783955163e-02
3.088132117943119592e+00 -1.118341929762873610e+00
3.094421592725081105e+00 -1.548530714358107963e+00
3.100711067507043062e+00 -4.843794957471780904e-01
3.107000542289004574e+00 -4.987669004393964212e-01
3.113290017070966087e+00 -4.523300380254278164e-01
3.119579491852927600e+00 -1.472718069151181863e+00
3.125868966634889112e+00 -3.229972595285159898e-01
3.132158441416850625e+00 2.419114349346409565e-01
3.138447916198812138e+00 -1.264736004269239933e+00
3.144737390980773650e+00 -9.188339491502166556e-01
3.151026865762735163e+00 -2.975144275523440296e-01
3.157316340544696676e+00 -9.938802683363872070e-01
3.163605815326658188e+00 -5.153687872699463934e-01
3.169895290108619701e+00 -6.566580645059900689e-01
3.176184764890581214e+00 -5.157109330042208839e-03
3.182474239672543170e+00 -1.479794649488723746e+00
3.188763714454504683e+00 -7.971100166784506058e-02
3.195053189236466196e+00 3.082178210875623492e-01
3.201342664018427708e+00 3.103984958005538974e-01
3.207632138800389221e+00 -9.951713477191825863e-01
3.213921613582350734e+00 4.898605018449364579e-02
3.220211088364312246e+00 -1.231095741282929978e+00
3.226500563146273759e+00 3.030943201288327504e-01
3.232790037928235272e+00 -6.632584606635971713e-01
3.239079512710196784e+00 1.572085269160030663e-01
3.245368987492158297e+00 3.043307699488275730e-01
3.251658462274119810e+00 6.701471706050399213e-02
3.257947937056081322e+00 -2.306112058687050936e-01
3.264237411838043279e+00 -9.570418308329458057e-01
3.270526886620004792e+00 5.914214925121208388e-01
3.276816361401966304e+00 -7.033832027739104209e-01
3.283105836183927817e+00 3.837382922917982331e-01
3.289395310965889330e+00 3.202707049771087444e-01
3.295684785747850842e+00 -1.776031783129217168e-01
3.301974260529812355e+00 5.405213714653096524e-01
3.308263735311773868e+00 5.082737715046861116e-01
3.314553210093735380e+00 6.223248636116807120e-01
3.320842684875696893e+00 9.887072812985608916e-01
3.327132159657658406e+00 -6.147710851452582448e-01
3.333421634439619918e+00 7.422009058993885855e-01
3.339711109221581431e+00 -1.446562650504349401e-01
3.346000584003543388e+00 -7.806038620032667019e-01
3.352290058785504900e+00 -2.635481906466703439e-01
3.358579533567466413e+00 1.244670523385163818e+00
3.364869008349427926e+00 1.096467010749309523e+00
3.371158483131389438e+00 5.136186890752109102e-01
3.377447957913350951e+00 -4.299671672338176709e-01
3.383737432695312464e+00 3.278645158939524906e-01
3.390026907477273976e+00 -3.368078055532686133e-01
3.396316382259235489e+00 1.178380135652937533e+00
3.402605857041197002e+00 7.699284678718236741e-01
3.408895331823158514e+00 1.002837685752775876e+00
3.415184806605120027e+00 7.960376669280692097e-01
3.421474281387081540e+00 1.694000123328877727e+00
3.427763756169043496e+00 9.620816434279992890e-01
3.434053230951005009e+00 3.893072631896172808e-01
3.440342705732966522e+00 1.067175041095594690e+00
3.446632180514928034e+00 1.655081203734320161e-01
3.452921655296889547e+00 2.339082113457707779e-03
3.459211130078851060e+00 1.514998818847262729e+00
3.465500604860812572e+00 6.892943697026450434e-02
3.471790079642774085e+00 1.317231612123675566e+00
3.478079554424735598e+00 7.715166367801129521e-01
3.484369029206697110e+00 8.617847523131565435e-01
3.490658503988658623e+00 1.339270594290221883e+00
3.496947978770620136e+00 3.741493195146446404e-01
3.503237453552582092e+00 1.647066034168028992e+00
3.509526928334543605e+00 7.813296107111156186e-01
3.515816403116505118e+00 1.034857831888356783e+00
3.522105877898466630e+00 1.813953983399820613e+00
3.528395352680428143e+00 1.624427859399660390e+00
3.534684827462389656e+00 7.129244763614149827e-01
3.540974302244351168e+00 2.503488198309748558e+00
3.547263777026312681e+00 2.452939466328622586e+00
3.553553251808274194e+00 2.254033561228408811e+00
3.559842726590235706e+00 2.271541072358254532e+00
3.566132201372197219e+00 2.526248073271504690e+00
3.572421676154158732e+00 2.593227664260128407e+00
3.578711150936120244e+00 8.270488873750843073e-01
3.585000625718082201e+00 2.490585380181733033e+00
3.591290100500043714e+00 2.657497644003487203e+00
3.597579575282005226e+00 1.352645922073761220e+00
3.603869050063966739e+00 1.352185285502246703e+00
3.610158524845928252e+00 2.083174738634595791e+00
3.616447999627889764e+00 2.165092070913913425e+00
3.622737474409851277e+00 1.745448983885693695e+00
3.629026949191812790e+00 2.095047135477673184e+00
3.635316423973774302e+00 1.236959676928965468e+00
3.641605898755735815e+00 1.704662416067004971e+00
3.647895373537697328e+00 2.953413040047988769e+00
3.654184848319658840e+00 2.736268474832324493e+00
3.660474323101620353e+00 1.987049655190525455e+00
3.666763797883582310e+00 1.459137744591478159e+00
3.673053272665543822e+00 2.330360057827617126e+00
3.679342747447505335e+00 2.655611783731218090e+00
3.685632222229466848e+00 2.172772949856651259e+00
3.691921697011428360e+00 1.248185732192987896e+00
3.698211171793389873e+00 2.744124705397584574e+00
3.704500646575351386e+00 1.345007180249788048e+00
3.710790121357312898e+00 2.059536076564929097e+00
3.717079596139274411e+00 2.445503722727439211e+00
3.723369070921235924e+00 2.355144334073216328e+00
3.729658545703197436e+00 2.855815816665498996e+00
3.735948020485158949e+00 2.481772969235022774e+00
3.742237495267120462e+00 1.709781262299502558e+00
3.748526970049082419e+00 1.291584644772644230e+00
3.754816444831043931e+00 1.238593202652663150e+00
3.761105919613005444e+00 1.752455531161461133e+00
3.767395394394966956e+00 2.975651928835320703e+00
3.773684869176928469e+00 1.611670541381925892e+00
3.779974343958889982e+00 1.234682457901791208e+00
3.786263818740851494e+00 1.873204853829131711e+00
3.792553293522813007e+00 2.211257012492390928e+00
3.798842768304774520e+00 1.203828163605801249e+00
3.805132243086736032e+00 1.921649249580180907e+00
3.811421717868697545e+00 2.000978640426331889e+00
3.817711192650659058e+00 2.775581952353421755e+00
3.824000667432621015e+00 2.545656147657289203e+00
3.830290142214582527e+00 1.528138193539156031e+00
3.836579616996544040e+00 2.144699177972670512e+00
3.842869091778505553e+00 2.156545744020767152e+00
3.849158566560467065e+00 2.742843328662798452e+00
3.855448041342428578e+00 2.437809535694555940e+00
3.861737516124390091e+00 1.409618279589393897e+00
3.868026990906351603e+00 1.067118481192224078e+00
3.874316465688313116e+00 2.780892957570995971e+00
3.880605940470274628e+00 1.511157139770500812e+00
3.886895415252236141e+00 1.874141623657023636e+00
3.893184890034197654e+00 2.564565152033770445e+00
3.899474364816159166e+00 1.522340160956155763e+00
3.905763839598121123e+00 2.655709816324512307e+00
3.912053314380082636e+00 2.629240925311671973e+00
3.918342789162044149e+00 1.322660559203461705e+00
3.924632263944005661e+00 2.151231111527391882e+00
3.930921738725967174e+00 2.099348908203031883e+00
3.937211213507928687e+00 2.284650059937742839e+00
3.943500688289890199e+00 1.864070103195222261e+00
3.949790163071851712e+00 1.364283739764331482e+00
3.956079637853813225e+00 2.094025747213338562e+00
3.962369112635774737e+00 5.759809339858197319e-01
3.968658587417736250e+00 1.316613907008429063e+00
3.974948062199697763e+00 2.098938233429232358e+00
3.981237536981659275e+00 1.954782197389368426e+00
3.987527011763621232e+00 2.000256305727472927e+00
3.993816486545582745e+00 4.378902440016900210e-01
4.000105961327544257e+00 1.752849991233878857e+00
4.006395436109505326e+00 2.005424290509142615e+00
4.012684910891467283e+00 6.478032590921215528e-01
4.018974385673428351e+00 5.936235418291244681e-01
4.025263860455390308e+00 8.147485070133295704e-01
4.031553335237352265e+00 1.024767611406554035e+00
4.037842810019313333e+00 1.743863501638641011e+00
4.044132284801275290e+00 1.193663457417765583e+00
4.050421759583236359e+00 3.787997199051882369e-01
4.056711234365198315e+00 1.271065255526897975e+00
4.063000709147159384e+00 1.121010373359507262e-01
4.069290183929121341e+00 1.107439770474873741e+00
4.075579658711082409e+00 1.709276601488471714e+00
4.081869133493044366e+00 6.309462058277581775e-02
4.088158608275005435e+00 1.638873390242798322e+00
4.094448083056967391e+00 1.032528518307292309e+00
4.100737557838928460e+00 1.546910165110573221e+00
4.107027032620890417e+00 7.175164985870761125e-01
4.113316507402852373e+00 8.463531858391277751e-01
4.119605982184813442e+00 1.822103415810244487e-01
4.125895456966775399e+00 -2.615964663390977218e-01
4.132184931748736467e+00 1.508879123826639468e+00
4.138474406530698424e+00 7.169490945846355157e-01
4.144763881312659493e+00 -1.113746955966822272e-01
4.151053356094621449e+00 1.417369550431829328e+00
4.157342830876582518e+00 3.594495814575890402e-01
4.163632305658544475e+00 1.249663548095240051e+00
4.169921780440505543e+00 7.222164555218463233e-02
4.176211255222467500e+00 4.629823153766629562e-01
4.182500730004428569e+00 1.368421593371190736e-01
4.188790204786390525e+00 -2.765424326569123625e-01
4.195079679568352482e+00 6.311851629979541300e-01
4.201369154350313551e+00 1.244274694329987607e+00
4.207658629132275507e+00 1.047633311210969698e+00
4.213948103914236576e+00 8.955797044526985218e-01
4.220237578696198533e+00 1.232958893775569109e+00
4.226527053478159601e+00 5.429022950446655837e-01
4.232816528260121558e+00 -4.953673684622826867e-01
4.239106003042082627e+00 1.198551428928166240e+00
4.245395477824044583e+00 -2.123112869161107863e-01
4.251684952606005652e+00 1.131099979672839817e+00
4.257974427387967609e+00 -1.257229950913898442e-01
4.264263902169928677e+00 3.361844849560697845e-01
4.270553376951890634e+00 4.467551786489303289e-01
4.276842851733852591e+00 2.135087078401977090e-01
4.283132326515813659e+00 -4.234021522327935383e-01
4.289421801297775616e+00 -2.203078112807379529e-01
4.295711276079736685e+00 4.562720122025920588e-02
4.302000750861698641e+00 1.161403264278173086e+00
4.308290225643659710e+00 -4.665625735464185020e-01
4.314579700425621667e+00 -4.226446929949626563e-01
4.320869175207582735e+00 3.279608791813729551e-01
4.327158649989544692e+00 -4.539683263462584994e-01
4.333448124771505761e+00 3.467726197524982901e-01
4.339737599553467717e+00 -1.643159464107520895e-01
4.346027074335428786e+00 6.028036798219138515e-02
4.352316549117390743e+00 -5.250245480899418116e-01
4.358606023899352699e+00 -1.990078147657624585e-01
4.364895498681313768e+00 -4.228883133771642600e-01
4.371184973463275725e+00 -3.759058759666711325e-01
4.377474448245236793e+00 5.870138335630702420e-01
4.383763923027198750e+00 7.063813620081047517e-01
4.390053397809159819e+00 -1.322376179633967253e-01
4.396342872591121775e+00 1.224010134324758248e+00
4.402632347373082844e+00 3.344735727683618709e-01
4.408921822155044801e+00 8.208897169073179345e-01
4.415211296937005869e+00 9.136269617152414924e-03
4.421500771718967826e+00 8.370108546003919292e-01
4.427790246500929783e+00 -5.520514316252889131e-02
4.434079721282890851e+00 -1.557476939001273264e-01
4.440369196064852808e+00 1.168221924202582862e+00
4.446658670846813877e+00 -2.818222010048327952e-01
4.452948145628775833e+00 5.372414252282105007e-01
4.459237620410736902e+00 1.270204569776283376e+00
4.465527095192698859e+00 5.963001044714212329e-01
4.471816569974659927e+00 1.481042721013643870e+00
4.478106044756621884e+00 1.041973739215399819e+00
4.484395519538582953e+00 1.510244325648511188e+00
4.490684994320544909e+00 6.872434001667310222e-02
4.496974469102505978e+00 1.429449868158722659e+00
4.503263943884467935e+00 1.125635405842821957e+00
4.509553418666429891e+00 3.278857697619255718e-01
4.515842893448390960e+00 1.437928561590930965e+00
4.522132368230352917e+00 3.003055891379924902e-01
4.528421843012313985e+00 1.199912000842282556e+00
4.534711317794275942e+00 1.072910600551839622e+00
4.541000792576237011e+00 1.207406277780381565e+00
4.547290267358198967e+00 2.201451467934085748e-01
4.553579742140160036e+00 1.401183091606976183e-01
4.559869216922121993e+00 3.079688660427069014e-01
4.566158691704083061e+00 -1.853040184827765002e-01
4.572448166486045018e+00 1.421440532779595811e+00
4.578737641268006087e+00 7.306969819233853913e-01
4.585027116049968043e+00 1.217476416944888840e+00
4.591316590831930000e+00 -8.923566566160501257e-03
4.597606065613891069e+00 5.793385305377779515e-01
4.603895540395853025e+00 5.752571515808798663e-01
4.610185015177814094e+00 6.504285762046964070e-01
4.616474489959776051e+00 8.280847332561864782e-01
4.622763964741737119e+00 2.733453554707039324e-01
4.629053439523699076e+00 2.007831357465168498e-01
4.635342914305660145e+00 1.314287456273719901e+00
4.641632389087622101e+00 1.968270165449347298e-01
4.647921863869583170e+00 -2.190806355904394431e-01
4.654211338651545127e+00 4.725720160762849620e-01
4.660500813433506195e+00 8.670693007376737427e-01
4.666790288215468152e+00 1.503739314314785691e+00
4.673079762997430109e+00 1.452842181919820064e+00
4.679369237779391177e+00 1.641514305358215076e+00
4.685658712561353134e+00 7.420943036055582809e-01
4.691948187343314203e+00 5.346354271283955129e-01
4.698237662125276159e+00 1.421783191513929401e+00
4.704527136907237228e+00 1.487127150193449987e+00
4.710816611689199185e+00 3.754179485781866665e-01
4.717106086471160253e+00 -1.880959570809860870e-01
4.723395561253122210e+00 3.111149047703426485e-02
4.729685036035083279e+00 3.944278801771850529e-01
4.735974510817045235e+00 9.111072726197467775e-01
4.742263985599006304e+00 3.127858399854117066e-01
4.748553460380968261e+00 1.141890555982566058e+00
4.754842935162930218e+00 -1.264200467861504307e-01
4.761132409944891286e+00 1.186223994718116570e+00
4.767421884726853243e+00 1.417861615253505514e+00
4.773711359508814311e+00 7.351534872180138791e-01
4.780000834290776268e+00 4.025337510563220533e-02
4.786290309072737337e+00 3.544639889538734323e-01
4.792579783854699293e+00 6.626599777614017306e-01
4.798869258636660362e+00 7.491357943460770219e-01
4.805158733418622319e+00 8.007304069957138504e-02
4.811448208200583387e+00 -2.635659817025444163e-01
4.817737682982545344e+00 1.805857799381244688e-01
4.824027157764506413e+00 8.661718515905025839e-01
4.830316632546468369e+00 1.390099650413984644e+00
4.836606107328430326e+00 4.683036563690626819e-01
4.842895582110391395e+00 4.621289212455300666e-01
4.849185056892353352e+00 1.590612157552071526e+00
4.855474531674314420e+00 -3.395087100299821747e-01
4.861764006456276377e+00 1.057926320296250777e+00
4.868053481238237445e+00 -2.701363906587170849e-01
4.874342956020199402e+00 2.700767791939274742e-01
4.880632430802160471e+00 9.655834215183307645e-01
4.886921905584122428e+00 1.197609295074686386e+00
4.893211380366083496e+00 1.388841586957135554e+00
4.899500855148045453e+00 1.211436747234046152e+00
4.905790329930006521e+00 1.994100202508218844e-01
4.912079804711968478e+00 1.272724354622290388e+00
4.918369279493930435e+00 5.566516986300484859e-02
4.924658754275891503e+00 -4.859764808777777834e-01
4.930948229057853460e+00 1.240748361861318427e+00
4.937237703839814529e+00 -5.725124313564124989e-01
4.943527178621776486e+00 3.135040148078100941e-01
4.949816653403737554e+00 1.321281278033194173e+00
4.956106128185699511e+00 9.973119835973058844e-01
4.962395602967660579e+00 8.517514166440656176e-01
4.968685077749622536e+00 7.930583403678731491e-01
4.974974552531583605e+00 -2.556727611892666285e-01
4.981264027313545562e+00 -3.635108854841373471e-01
4.987553502095506630e+00 -2.285819506348285568e-02
4.993842976877468587e+00 2.024650123461448903e-01
5.000132451659430544e+00 -1.526397903634366671e-01
5.006421926441391612e+00 -3.658406932814184387e-02
5.012711401223353569e+00 1.087131490035448955e+00
5.019000876005314637e+00 4.700106006477278164e-01
5.025290350787276594e+00 -1.741800213096500460e-01
5.031579825569237663e+00 6.499360377981264758e-01
5.037869300351199620e+00 4.388537862656831656e-01
5.044158775133160688e+00 1.428494590010159770e-01
5.050448249915122645e+00 2.279404073835866740e-01
5.056737724697083713e+00 3.902473419465458671e-01
5.063027199479045670e+00 -6.985862020822286578e-01
5.069316674261006739e+00 9.391640377502674664e-01
5.075606149042968696e+00 5.759344519291853537e-01
5.081895623824930652e+00 4.735881001362225451e-01
5.088185098606891721e+00 4.967222502154927666e-01
5.094474573388853678e+00 1.087060085132898202e+00
5.100764048170814746e+00 1.074491725801624442e+00
5.107053522952776703e+00 6.223459282151106997e-01
5.113342997734737772e+00 -2.922423040854174037e-01
5.119632472516699728e+00 1.496264754259801766e-01
5.125921947298660797e+00 -3.955734165964960303e-01
5.132211422080622754e+00 2.529228524706086390e-01
5.138500896862583822e+00 -5.610834119917016416e-01
5.144790371644545779e+00 -5.526219024847708328e-01
5.151079846426506847e+00 -7.201283826993833959e-01
5.157369321208468804e+00 4.527468293857523918e-01
5.163658795990430761e+00 -5.228850403032372363e-01
5.169948270772391830e+00 1.096335873058924992e+00
5.176237745554353786e+00 7.923700061679691542e-01
5.182527220336314855e+00 9.139754802549084900e-01
5.188816695118276812e+00 -7.356955578367051496e-01
5.195106169900237880e+00 3.908695554806163042e-02
5.201395644682199837e+00 6.669763609424395057e-03
5.207685119464160906e+00 8.504837193797002426e-01
5.213974594246122862e+00 1.018007222051398486e+00
5.220264069028083931e+00 7.105000509019643307e-01
5.226553543810045888e+00 7.759276599577100697e-01
5.232843018592006956e+00 5.156280251887412902e-03
5.239132493373968913e+00 9.100113041007216186e-01
5.245421968155930870e+00 -2.603835688473870036e-01
5.251711442937891938e+00 1.182397873379022135e+00
5.258000917719853895e+00 9.636161232073436889e-01
5.264290392501814964e+00 8.817717675661818078e-02
5.270579867283776920e+00 -5.770451583271354323e-01
5.276869342065737989e+00 2.592445124323841110e-01
5.283158816847699946e+00 1.244489324694046495e+00
5.289448291629661014e+00 1.576978415513046183e-01
5.295737766411622971e+00 2.694254844759707002e-01
5.302027241193584040e+00 1.025471452765720937e+00
5.308316715975545996e+00 4.756032673833515689e-01
5.314606190757507953e+00 3.766751352702896738e-01
5.320895665539469022e+00 -4.095935473319262110e-01
5.327185140321430978e+00 1.455764835814548075e+00
5.333474615103392047e+00 8.132471688069098370e-01
5.339764089885354004e+00 -2.179047612390127564e-01
5.346053564667315072e+00 -2.473583392288781213e-01
5.352343039449277029e+00 4.971289684365878814e-01
5.358632514231238098e+00 -1.038775766324121497e-01
5.364921989013200054e+00 1.219099091473840435e+00
5.371211463795161123e+00 -1.514480081277076451e-01
5.377500938577123080e+00 -1.970052384350932106e-01
5.383790413359084148e+00 1.060979065359872298e+00
5.390079888141046105e+00 1.262366480063609409e+00
5.396369362923008062e+00 4.487099798787749227e-01
5.402658837704969130e+00 1.371493041761406184e+00
5.408948312486931087e+00 1.346274175076396684e+00
5.415237787268892156e+00 5.073413543764684341e-01
5.421527262050854112e+00 1.121725289607242493e+00
5.427816736832815181e+00 1.842788193472275626e+00
5.434106211614777138e+00 1.820355840150942761e+00
5.440395686396738206e+00 6.158078088276380813e-02
5.446685161178700163e+00 1.101206671630725165e+00
5.452974635960661232e+00 1.104038895822329280e+00
5.459264110742623188e+00 7.446082377578967515e-01
5.465553585524584257e+00 1.054781722438663305e+00
5.471843060306546214e+00 1.627880989618579521e+00
5.478132535088508170e+00 4.579868286450623494e-01
5.484422009870469239e+00 8.151743558550481605e-01
5.490711484652431196e+00 3.965879360763632233e-01
5.497000959434392264e+00 5.263404834216147687e-01
5.503290434216354221e+00 1.019182148144617495e+00
5.509579908998315290e+00 6.231990211955368286e-01
5.515869383780277246e+00 1.669053358211603832e+00
5.522158858562238315e+00 1.254440511562487259e+00
5.528448333344200272e+00 1.247163903169683952e+00
5.534737808126161340e+00 2.059543102502979561e+00
5.541027282908123297e+00 2.198201874566304781e+00
5.547316757690084366e+00 1.458202951965991367e+00
5.553606232472046322e+00 2.435379386759527698e+00
5.559895707254008279e+00 2.235847954237526913e+00
5.566185182035969348e+00 2.247773265581614943e+00
5.572474656817931304e+00 8.216989389906231844e-01
5.578764131599892373e+00 1.261107129295878204e+00
5.585053606381854330e+00 1.180720975666285977e+00
5.591343081163815398e+00 9.079137257807207151e-01
5.597632555945777355e+00 1.647696879839629869e+00
5.603922030727738424e+00 1.527682869006121935e+00
5.610211505509700380e+00 8.641672083253169045e-01
5.616500980291661449e+00 1.492618140598551468e+00
5.622790455073623406e+00 9.965844690961884744e-01
5.629079929855584474e+00 1.249498204337025076e+00
5.635369404637546431e+00 1.480368604971671997e+00
5.641658879419508388e+00 1.710097216902584094e+00
5.647948354201469456e+00 1.717397146573845346e+00
5.654237828983431413e+00 1.295428255714908161e+00
5.660527303765392482e+00 1.592591402641911014e+00
5.666816778547354438e+00 1.322128156131802790e+00
5.673106253329315507e+00 1.225123292632902094e+00
5.679395728111277464e+00 2.675887720243702805e+00
5.685685202893238532e+00 2.395908736923504812e+00
5.691974677675200489e+00 1.113113386839768015e+00
5.698264152457161558e+00 1.427581994687635802e+00
5.704553627239123514e+00 1.426389839725161313e+00
5.710843102021084583e+00 2.292279670782161993e+00
5.717132576803046540e+00 9.408928023982722211e-01
5.723422051585008496e+00 1.138130295314727425e+00
5.729711526366969565e+00 1.707847690954741982e+00
5.736001001148931522e+00 1.751480384825677028e+00
5.742290475930892590e+00 1.402000261781848778e+00
5.748579950712854547e+00 1.165072584008062018e+00
5.754869425494815616e+00 2.147992306051204281e+00
5.761158900276777572e+00 6.678642924363343836e-01
5.767448375058738641e+00 1.437681022800532560e+00
5.773737849840700598e+00 1.124678160519241299e+00
5.780027324622661666e+00 1.070497517772246443e+00
5.786316799404623623e+00 2.463890943583198379e+00
5.792606274186584692e+00 1.470119174944587437e+00
5.798895748968546648e+00 1.509608057028768879e+00
5.805185223750508605e+00 2.217374428896631500e+00
5.811474698532469674e+00 2.241385010136232481e+00
5.817764173314431631e+00 2.237890242294295007e+00
5.824053648096392699e+00 1.848747817355993028e+00
5.830343122878354656e+00 4.617021454925145374e-01
5.836632597660315724e+00 1.571121096489477953e+00
5.842922072442277681e+00 9.072486409717392952e-01
5.849211547224238750e+00 2.166979685453824800e+00
5.855501022006200706e+00 1.147197743174309448e+00
5.861790496788161775e+00 1.080573281438489852e+00
5.868079971570123732e+00 1.762273578038368482e+00
5.874369446352084800e+00 1.122291136226999386e+00
5.880658921134046757e+00 1.119551772017400859e+00
5.886948395916008714e+00 1.937652599634501760e+00
5.893237870697969782e+00 1.517113835831312763e+00
5.899527345479931739e+00 1.152040651116110759e+00
5.905816820261892808e+00 1.366007563791192148e+00
5.912106295043854765e+00 4.495055604265332239e-01
5.918395769825815833e+00 9.371597497875034932e-01
5.924685244607777790e+00 1.098615204768315978e+00
5.930974719389738858e+00 1.412792844023940342e+00
5.937264194171700815e+00 7.363493214279620558e-01
5.943553668953661884e+00 1.450518651729983066e+00
5.949843143735623840e+00 1.515501091830554037e+00
5.956132618517584909e+00 4.336455804068038433e-01
5.962422093299546866e+00 -3.914865542495888362e-01
5.968711568081508823e+00 -2.543856192101425773e-01
5.975001042863469891e+00 9.609244959829901234e-01
5.981290517645431848e+00 3.492730043673211160e-01
5.987579992427392916e+00 -1.169668412847895134e-01
5.993869467209354873e+00 -4.789252950709355083e-01
6.000158941991315942e+00 6.663993743767777644e-01
6.006448416773277899e+00 8.619019994307182131e-01
6.012737891555238967e+00 2.979588776953263629e-01
6.019027366337200924e+00 -4.179448991444381090e-01
6.025316841119161992e+00 6.911403657081247598e-01
6.031606315901123949e+00 -6.327754546342045927e-01
6.037895790683085906e+00 6.799484616317976737e-01
6.044185265465046974e+00 5.195869290185819445e-01
6.050474740247008931e+00 -6.874368951366189862e-01
6.056764215028970000e+00 -1.577767793893150028e-01
6.063053689810931957e+00 3.884212860744540308e-01
6.069343164592893025e+00 -6.599251814883664302e-01
6.075632639374854982e+00 -1.267804159190810909e+00
6.081922114156816050e+00 -9.836067301284177056e-01
6.088211588938778007e+00 -1.209340193833909005e+00
6.094501063720739076e+00 -1.358955557275834058e+00
6.100790538502701033e+00 -8.291543887178902672e-01
6.107080013284662101e+00 -1.121931854910227511e-01
6.113369488066624058e+00 -7.414640376173322611e-01
6.119658962848586015e+00 1.549743900094353588e-01
6.125948437630547083e+00 -1.672809627844864533e-01
6.132237912412509040e+00 -3.328998611649720551e-01
6.138527387194470109e+00 -1.344040684744762792e-02
6.144816861976432065e+00 -3.735973692061069773e-01
6.151106336758393134e+00 -1.364562898590650386e+00
6.157395811540355091e+00 -1.011397839437817803e+00
6.163685286322316159e+00 -2.133163313809347539e-01
6.169974761104278116e+00 -1.703242021246334836e+00
6.176264235886239184e+00 -1.623767608401657458e+00
6.182553710668201141e+00 2.516713538504511405e-02
6.188843185450162210e+00 -9.987206669589201447e-01
6.195132660232124167e+00 -6.750600642141308949e-01
6.201422135014086123e+00 -5.440520709360705531e-01
6.207711609796047192e+00 -7.679787736637855300e-01
6.214001084578009149e+00 -1.810868021747432888e+00
6.220290559359970217e+00 -1.758145572772226384e+00
6.226580034141932174e+00 -2.039696136457732401e+00
6.232869508923893243e+00 -3.714188947068441937e-01
6.239158983705855199e+00 -8.131972444113633181e-01
6.245448458487816268e+00 -1.833100860960992229e-01
6.251737933269778225e+00 -2.128649963252470467e+00
6.258027408051739293e+00 -1.364325156848759546e+00
6.264316882833701250e+00 -1.452440916451426700e+00
6.270606357615662318e+00 -1.625456753683657274e+00
6.276895832397624275e+00 -1.581393196492540731e+00
6.283185307179586232e+00 -7.684812556477420564e-01
