0.000000000000000000e+00 -1.946018558492612627e-01
6.289474781961547356e-03 1.370771741143187894e+00
1.257894956392309471e-02 6.693047635290489961e-01
1.886842434588464207e-02 1.334246125224543889e+00
2.515789912784618942e-02 3.046664904057043155e-01
3.144737390980773678e-02 -1.446536039622390857e-01
3.773684869176928414e-02 9.680891193849250342e-01
4.402632347373083149e-02 1.031185813740578938e+00
5.031579825569237885e-02 6.651837616439861822e-01
5.660527303765392620e-02 1.513059497767236472e+00
6.289474781961547356e-02 -3.694175710644631572e-01
6.918422260157702786e-02 3.903090240452107285e-01
7.547369738353856827e-02 2.959787863928578511e-01
8.176317216550010869e-02 3.017537923833688018e-01
8.805264694746166299e-02 -1.514175758180034692e-01
9.434212172942321728e-02 1.263791130269983132e+00
1.006315965113847577e-01 -2.130203889652702576e-01
1.069210712933462981e-01 -1.033844918323773010e-01
1.132105460753078524e-01 -1.962488508818337474e-01
1.195000208572694067e-01 1.303238863927353774e+00
1.257894956392309471e-01 1.511332248130096589e+00
1.320789704211924875e-01 8.398712458555736005e-01
1.383684452031540557e-01 9.823074365784134621e-02
1.446579199851155961e-01 1.444349072245825205e+00
1.509473947670771365e-01 1.344962095595968243e+00
1.572368695490386770e-01 1.280559200950500465e+00
1.635263443310002174e-01 8.151201108786955141e-01
1.698158191129617856e-01 1.950809887643863982e-01
1.761052938949233260e-01 4.392060559250718921e-01
1.823947686768848664e-01 1.021832039553596028e+00
1.886842434588464346e-01 -2.947910528079300541e-03
1.949737182408079750e-01 1.328890844603850097e+00
2.012631930227695154e-01 1.321571203121981730e+00
2.075526678047310558e-01 1.174155092327139993e+00
2.138421425866925962e-01 6.832584220176662892e-01
2.201316173686541644e-01 1.241267286056841002e+00
2.264210921506157048e-01 5.998943640653374709e-01
2.327105669325772452e-01 8.450967175821475497e-01
2.390000417145388134e-01 1.593517716811367890e-01
2.452895164965003538e-01 6.513362245536296058e-01
2.515789912784618942e-01 7.595267480679135375e-02
2.578684660604234624e-01 1.032244596338923959e+00
2.641579408423849751e-01 9.708548341702808449e-01
2.704474156243465433e-01 1.076427194033886536e-01
2.767368904063081114e-01 -3.295211639325296149e-02
2.830263651882696241e-01 7.003317120190278855e-01
2.893158399702311923e-01 1.520196568831090111e+00
2.956053147521927049e-01 -2.478726400932634855e-01
3.018947895341542731e-01 9.925621729080608135e-02
3.081842643161158413e-01 -3.743642470146368861e-01
3.144737390980773539e-01 1.033264148114324099e+00
3.207632138800389221e-01 1.108288440940738528e+00
3.270526886620004348e-01 1.458209126651614618e+00
3.333421634439620029e-01 -1.980969392825807640e-01
3.396316382259235711e-01 1.004643096077123321e+00
3.459211130078850838e-01 9.279868935719550738e-01
3.522105877898466519e-01 -2.608238873495449806e-01
3.585000625718082201e-01 1.171423189815319343e+00
3.647895373537697328e-01 9.608750821796201436e-01
3.710790121357313009e-01 5.154877296364330785e-01
3.773684869176928691e-01 1.242287738543582210e+00
3.836579616996543818e-01 1.210866486475788983e-01
3.899474364816159500e-01 8.695038111780004630e-01
3.962369112635774626e-01 3.549587809951568751e-01
4.025263860455390308e-01 4.376343208268250740e-01
4.088158608275005990e-01 -6.008662519103474819e-01
4.151053356094621116e-01 7.713241868950444502e-01
4.213948103914236798e-01 -6.983463175143118651e-01
4.276842851733851925e-01 8.470381078948542308e-01
4.339737599553467606e-01 9.086384039472661378e-01
4.402632347373083288e-01 5.391895432888282880e-01
4.465527095192698415e-01 8.856639352242894336e-01
4.528421843012314096e-01 -5.526181356726169724e-01
4.591316590831929778e-01 -3.448220271945721116e-01
4.654211338651544905e-01 -6.601025306394663339e-01
4.717106086471160586e-01 8.880457246012152250e-02
4.780000834290776268e-01 -8.708372227341603100e-01
4.842895582110391395e-01 7.445495043763904475e-01
4.905790329930007077e-01 6.376306748816009673e-01
4.968685077749622203e-01 -2.629667484735966898e-01
5.031579825569237885e-01 6.146008479742752773e-01
5.094474573388853011e-01 -6.242520648858906895e-02
5.157369321208469248e-01 3.113163902883666623e-01
5.220264069028084375e-01 -1.722202951783808889e-01
5.283158816847699502e-01 9.224692238701419633e-01
5.346053564667315738e-01 1.073973107245305147e-01
5.408948312486930865e-01 -9.638993212769286778e-01
5.471843060306545992e-01 1.810253367184861961e-01
5.534737808126162228e-01 -4.730957220059575086e-01
5.597632555945777355e-01 1.744595280217819955e-01
5.660527303765392482e-01 4.880732909255904861e-01
5.723422051585007608e-01 -1.101946563885876751e+00
5.786316799404623845e-01 -7.976789760379490168e-01
5.849211547224238972e-01 2.888304362854501317e-01
5.912106295043854098e-01 6.526739197263362602e-01
5.975001042863470335e-01 -1.219965303793436595e+00
6.037895790683085462e-01 2.816945082500574848e-01
6.100790538502700588e-01 -1.639541710205594249e-02
6.163685286322316825e-01 3.986139062243299058e-01
6.226580034141931952e-01 -6.307743597602772923e-01
6.289474781961547079e-01 -5.569872838084348743e-01
6.352369529781163315e-01 4.720106436428852525e-01
6.415264277600778442e-01 6.844482012141719363e-01
6.478159025420393569e-01 -4.524541715818248822e-01
6.541053773240008695e-01 1.997757230905079506e-01
6.603948521059624932e-01 1.537105050868248224e-01
6.666843268879240059e-01 1.292488439764061248e-01
6.729738016698855185e-01 6.644208380845790796e-01
6.792632764518471422e-01 -9.962741227474125605e-01
6.855527512338086549e-01 6.218166098069466408e-02
6.918422260157701675e-01 -5.929985088851728037e-01
6.981317007977317912e-01 3.577673690144556051e-01
7.044211755796933039e-01 5.667190159442268005e-01
7.107106503616548165e-01 -7.360062808829623826e-01
7.170001251436164402e-01 -1.094383855717080412e-01
7.232895999255779529e-01 -6.319469284833520994e-01
7.295790747075394655e-01 -3.734768353590143253e-01
7.358685494895010892e-01 2.840522560043532430e-01
7.421580242714626019e-01 3.833014207412750451e-01
7.484474990534241146e-01 4.335335355470244512e-01
7.547369738353857382e-01 -5.699166117844665091e-01
7.610264486173472509e-01 6.266188187059207326e-01
7.673159233993087636e-01 6.716101507209952803e-01
7.736053981812702762e-01 6.966927169060872505e-01
7.798948729632318999e-01 -1.747709061355109394e-01
7.861843477451934126e-01 -2.940593372392368288e-01
7.924738225271549252e-01 -6.807145769862634754e-01
7.987632973091165489e-01 -8.726721627509161916e-01
8.050527720910780616e-01 6.187741579125678459e-01
8.113422468730395742e-01 -2.244287892739222912e-01
8.176317216550011979e-01 -2.270659092846059046e-01
8.239211964369627106e-01 7.656153797425491181e-01
8.302106712189242232e-01 2.531653926935337751e-01
8.365001460008858469e-01 1.212012142629614875e-01
8.427896207828473596e-01 -3.195613158032691858e-01
8.490790955648088723e-01 2.108915008195531016e-01
8.553685703467703849e-01 -7.407072179792424382e-01
8.616580451287320086e-01 -7.925439224988364284e-01
8.679475199106935213e-01 -9.793137565924592280e-02
8.742369946926550339e-01 -3.671236701695028692e-01
8.805264694746166576e-01 2.871360856158893249e-01
8.868159442565781703e-01 6.798052150441973307e-01
8.931054190385396829e-01 7.095279721143303853e-01
8.993948938205013066e-01 6.086090821549038354e-01
9.056843686024628193e-01 1.017894824498860595e+00
9.119738433844243319e-01 1.050417145771114225e-01
9.182633181663859556e-01 7.002427999007010406e-02
9.245527929483474683e-01 5.563189379575050886e-01
9.308422677303089809e-01 1.475367789002875352e+00
9.371317425122706046e-01 5.510510645317527878e-01
9.434212172942321173e-01 1.224943690800665008e+00
9.497106920761936300e-01 1.036562838009824405e+00
9.560001668581552536e-01 6.910678444434901202e-01
9.622896416401167663e-01 1.445753843611923495e+00
9.685791164220782790e-01 -1.385018120903303285e-01
9.748685912040397916e-01 7.838490958265434960e-01
9.811580659860014153e-01 -1.550163289057480409e-01
9.874475407679629280e-01 -3.521907161084314453e-02
9.937370155499244406e-01 1.493050282101000548e-01
1.000026490331886064e+00 1.758859192770464652e+00
1.006315965113847577e+00 1.946833826927585775e+00
1.012605439895809090e+00 7.395929579227416006e-01
1.018894914677770602e+00 6.318670197699849389e-01
1.025184389459732115e+00 8.371393199226759840e-01
1.031473864241693850e+00 1.465791252180558502e+00
1.037763339023655362e+00 1.205650493978561943e+00
1.044052813805616875e+00 5.960160812228469940e-01
1.050342288587578388e+00 9.401832410046819799e-01
1.056631763369539900e+00 1.939551425039268917e+00
1.062921238151501413e+00 1.089690454121069019e+00
1.069210712933463148e+00 2.152675760422485762e+00
1.075500187715424660e+00 9.771342737228569941e-01
1.081789662497386173e+00 1.768252076639448944e+00
1.088079137279347686e+00 1.875142645243095041e+00
1.094368612061309198e+00 7.742973784729743070e-01
1.100658086843270711e+00 1.955735042365269294e+00
1.106947561625232446e+00 1.659580693208672741e+00
1.113237036407193958e+00 2.211933446079786592e+00
1.119526511189155471e+00 1.175018251371031663e+00
1.125815985971116984e+00 1.466353448713556995e+00
1.132105460753078496e+00 1.223764414488580865e+00
1.138394935535040009e+00 2.301354611654225835e+00
1.144684410317001522e+00 2.384152260599546214e+00
1.150973885098963256e+00 2.174039405243659129e+00
1.157263359880924769e+00 2.426318294325914948e+00
1.163552834662886282e+00 1.230819755088292222e+00
1.169842309444847794e+00 2.810022801091529132e+00
1.176131784226809307e+00 1.757923103222040595e+00
1.182421259008770820e+00 1.891326608695506284e+00
1.188710733790732554e+00 2.855595140400956744e+00
1.195000208572694067e+00 2.864755306966078940e+00
1.201289683354655580e+00 2.460931048728365766e+00
1.207579158136617092e+00 1.262333379423801638e+00
1.213868632918578605e+00 1.713167688441671110e+00
1.220158107700540118e+00 2.194592721990229034e+00
1.226447582482501630e+00 2.949651208726523421e+00
1.232737057264463365e+00 1.641591163184123792e+00
1.239026532046424878e+00 1.204378209305788205e+00
1.245316006828386390e+00 1.243282299849083783e+00
1.251605481610347903e+00 1.694220576654068111e+00
1.257894956392309416e+00 2.192142934235424612e+00
1.264184431174270928e+00 2.455694921101191142e+00
1.270473905956232663e+00 2.767832582237186312e+00
1.276763380738194176e+00 1.384983722553133623e+00
1.283052855520155688e+00 1.887466660157772091e+00
1.289342330302117201e+00 2.343684282276686570e+00
1.295631805084078714e+00 3.162778225251317021e+00
1.301921279866040226e+00 1.549620662801320714e+00
1.308210754648001739e+00 2.494877241547925451e+00
1.314500229429963474e+00 3.131915772687865029e+00
1.320789704211924986e+00 2.264549661919439849e+00
1.327079178993886499e+00 1.785085388499081382e+00
1.333368653775848012e+00 1.287623999819380805e+00
1.339658128557809524e+00 1.688867990173658962e+00
1.345947603339771037e+00 1.661354682126785720e+00
1.352237078121732772e+00 2.187303675830840177e+00
1.358526552903694284e+00 1.127693248179315821e+00
1.364816027685655797e+00 1.855059894298689782e+00
1.371105502467617310e+00 1.990947822854866489e+00
1.377394977249578822e+00 1.081959518659675767e+00
1.383684452031540335e+00 1.711675811117148616e+00
1.389973926813502070e+00 1.021794480821163642e+00
1.396263401595463582e+00 2.750789054509332754e+00
1.402552876377425095e+00 1.211350411571761709e+00
1.408842351159386608e+00 2.154857369037189940e+00
1.415131825941348120e+00 2.164461495528349211e+00
1.421421300723309633e+00 1.612771803987135044e+00
1.427710775505271146e+00 2.216375151296390733e+00
1.434000250287232880e+00 2.679597862935587660e+00
1.440289725069194393e+00 2.344610129314737890e+00
1.446579199851155906e+00 2.253523303104258524e+00
1.452868674633117418e+00 1.876896408866799426e+00
1.459158149415078931e+00 2.196306924692290607e+00
1.465447624197040444e+00 1.374678735596867263e+00
1.471737098979002178e+00 2.485241977042099926e+00
1.478026573760963691e+00 1.446104863040837518e+00
1.484316048542925204e+00 2.259683992052521795e+00
1.490605523324886716e+00 2.173442747966686905e+00
1.496894998106848229e+00 1.863226896983998460e+00
1.503184472888809742e+00 5.726690476987561507e-01
1.509473947670771476e+00 1.385899844416548898e+00
1.515763422452732989e+00 1.406643154855220068e+00
1.522052897234694502e+00 1.541611369672250431e+00
1.528342372016656014e+00 1.121761588753518835e+00
1.534631846798617527e+00 1.565916838538485401e+00
1.540921321580579040e+00 7.138831749575671459e-01
1.547210796362540552e+00 7.279962585719115808e-02
1.553500271144502287e+00 1.683907980314262032e+00
1.559789745926463800e+00 7.650950816076774741e-01
1.566079220708425312e+00 2.009462395313706129e-01
1.572368695490386825e+00 2.431108117522878254e-01
1.578658170272348338e+00 7.289752263622714112e-01
1.584947645054309850e+00 1.357120042045385500e+00
1.591237119836271585e+00 9.887852703930084530e-01
1.597526594618233098e+00 1.721523787740147915e-02
1.603816069400194610e+00 -4.270980333942724361e-01
1.610105544182156123e+00 9.777244406192187043e-01
1.616395018964117636e+00 -4.145318373802671097e-01
1.622684493746079148e+00 -3.904702694444532884e-01
1.628973968528040661e+00 7.834095368994539177e-01
1.635263443310002396e+00 5.694270197550164170e-01
1.641552918091963909e+00 1.029568199888036606e+00
1.647842392873925421e+00 1.124198447823308022e-01
1.654131867655886934e+00 4.029560333017208063e-01
1.660421342437848446e+00 2.485572434597671521e-01
1.666710817219809959e+00 4.031663511453436044e-01
1.673000292001771694e+00 1.198919808368104079e-01
1.679289766783733207e+00 -3.440143496631355990e-01
1.685579241565694719e+00 -9.034822121927594818e-01
1.691868716347656232e+00 -8.742384241501888198e-02
1.698158191129617745e+00 -1.951472850018050043e-01
1.704447665911579257e+00 4.164513458743965835e-01
1.710737140693540770e+00 -6.724398129816140379e-01
1.717026615475502505e+00 8.277818090010335972e-02
1.723316090257464017e+00 3.417448287895497039e-02
1.729605565039425530e+00 -1.038595442096889920e+00
1.735895039821387043e+00 -7.530408339862662004e-01
1.742184514603348555e+00 -3.153739478462447288e-01
1.748473989385310068e+00 3.444005933638596417e-01
1.754763464167271803e+00 -7.416702642723838057e-01
1.761052938949233315e+00 -6.415757373207637837e-01
1.767342413731194828e+00 -2.771955435981530158e-01
1.773631888513156341e+00 -7.364248204996295399e-01
1.779921363295117853e+00 1.404140957835808834e-02
1.786210838077079366e+00 -9.016502431653692362e-01
1.792500312859041101e+00 -1.015975461139614122e+00
1.798789787641002613e+00 -3.019819609902145707e-01
1.805079262422964126e+00 -4.284481913988908985e-01
1.811368737204925639e+00 -1.063866415637279683e+00
1.817658211986887151e+00 -8.136510958472831234e-01
1.823947686768848664e+00 -3.623353556025028510e-01
1.830237161550810177e+00 -3.277143389156893516e-01
1.836526636332771911e+00 -8.490328380072309500e-02
1.842816111114733424e+00 -1.487947669232406955e+00
1.849105585896694937e+00 -1.995835235129827856e+00
1.855395060678656449e+00 -1.865133079371386948e+00
1.861684535460617962e+00 -1.669787173194482444e+00
1.867974010242579475e+00 -1.464533838554547218e+00
1.874263485024541209e+00 -7.690372331018975327e-01
1.880552959806502722e+00 -1.624542846210312641e+00
1.886842434588464235e+00 -1.926180055533245561e+00
1.893131909370425747e+00 -1.509160562937297279e+00
1.899421384152387260e+00 -1.388571430565344045e+00
1.905710858934348773e+00 -7.003032582216230928e-01
1.912000333716310507e+00 -1.045681402813861016e+00
1.918289808498272020e+00 -4.776398576269613727e-01
1.924579283280233533e+00 -4.178864724436626155e-01
1.930868758062195045e+00 -1.028411491045560622e+00
1.937158232844156558e+00 -1.480837427625664171e+00
1.943447707626118071e+00 -4.254208078249406277e-01
1.949737182408079583e+00 -3.273098338219355696e-01
1.956026657190041318e+00 -9.973026536494267180e-01
1.962316131972002831e+00 -7.106572865624081192e-01
1.968605606753964343e+00 -9.124947503880160848e-01
1.974895081535925856e+00 -2.411893096792809832e-01
1.981184556317887369e+00 -1.344187206866732875e+00
1.987474031099848881e+00 -8.278717606772871829e-01
1.993763505881810616e+00 -4.280611202451827246e-01
2.000052980663772129e+00 3.689004557704156362e-02
2.006342455445733641e+00 -5.134441010410204509e-01
2.012631930227695154e+00 -9.858426201631178554e-01
2.018921405009656667e+00 -8.971922810270371862e-02
2.025210879791618179e+00 2.460620557760238025e-01
2.031500354573579692e+00 -1.571560761576794141e+00
2.037789829355541205e+00 -1.420957196176034998e+00
2.044079304137502717e+00 -1.420750169465503143e+00
2.050368778919464230e+00 -6.188907637614273760e-01
2.056658253701426187e+00 3.766027179067799047e-02
2.062947728483387699e+00 6.094530201358683286e-02
2.069237203265349212e+00 3.489921628925756192e-01
2.075526678047310725e+00 -8.594660287189570536e-01
2.081816152829272237e+00 6.328519038807824959e-01
2.088105627611233750e+00 -1.137370228687242246e-01
2.094395102393195263e+00 -6.409752326939390787e-01
2.100684577175156775e+00 -1.021458683434066428e+00
2.106974051957118288e+00 -9.231999811663235134e-01
2.113263526739079801e+00 8.028725670316955165e-01
2.119553001521041313e+00 8.311175603864375816e-01
2.125842476303002826e+00 2.157413395004914580e-02
2.132131951084964339e+00 -4.134239812160687144e-01
2.138421425866926295e+00 -6.102108135658386168e-01
2.144710900648887808e+00 1.481421822674833244e-02
2.151000375430849321e+00 9.386735308506550801e-01
2.157289850212810833e+00 -8.613645868481389911e-02
2.163579324994772346e+00 5.411396656481672895e-01
2.169868799776733859e+00 1.387739780089551678e+00
2.176158274558695371e+00 5.063390743617568468e-02
2.182447749340656884e+00 -1.766071344706999779e-01
2.188737224122618397e+00 -6.861104699970282939e-02
2.195026698904579909e+00 2.937883710967255091e-01
2.201316173686541422e+00 1.190454530809835210e-01
2.207605648468502935e+00 1.722285941170775825e-01
2.213895123250464891e+00 3.055568020332040113e-01
2.220184598032426404e+00 1.860743911096405023e+00
2.226474072814387917e+00 1.381715996943845282e+00
2.232763547596349429e+00 3.887586184924861632e-01
2.239053022378310942e+00 2.132750486960886427e+00
2.245342497160272455e+00 1.332958384912597438e+00
2.251631971942233967e+00 1.672916195947163009e+00
2.257921446724195480e+00 2.426124717360884642e+00
2.264210921506156993e+00 2.333899765296338025e+00
2.270500396288118505e+00 2.381175412728315344e+00
2.276789871070080018e+00 8.441088216231110719e-01
2.283079345852041531e+00 1.335676052853862039e+00
2.289368820634003043e+00 1.771477521943586986e+00
2.295658295415965000e+00 1.688115791752968553e+00
2.301947770197926513e+00 2.437540518605170181e+00
2.308237244979888025e+00 1.699876573995747098e+00
2.314526719761849538e+00 2.829472476474495846e+00
2.320816194543811051e+00 1.143892906996490266e+00
2.327105669325772563e+00 3.000575694053323250e+00
2.333395144107734076e+00 3.070187124699068626e+00
2.339684618889695589e+00 1.357565280113179007e+00
2.345974093671657101e+00 1.295334838111333875e+00
2.352263568453618614e+00 2.089891730662543967e+00
2.358553043235580127e+00 3.344393373913709944e+00
2.364842518017541639e+00 3.393525986569224440e+00
2.371131992799503152e+00 3.444162394683955686e+00
2.377421467581465109e+00 3.059668189391040904e+00
2.383710942363426621e+00 3.024513213107496323e+00
2.390000417145388134e+00 3.304665540014316782e+00
2.396289891927349647e+00 2.310823903974494442e+00
2.402579366709311159e+00 2.007396010197633363e+00
2.408868841491272672e+00 2.764240581303149646e+00
2.415158316273234185e+00 3.059105791103579719e+00
2.421447791055195697e+00 2.016892017916898983e+00
2.427737265837157210e+00 2.403772083478744825e+00
2.434026740619118723e+00 2.700478303763526711e+00
2.440316215401080235e+00 2.154596597772691968e+00
2.446605690183041748e+00 3.135446330855801822e+00
2.452895164965003261e+00 2.689500269409452304e+00
2.459184639746965217e+00 3.301398452079741919e+00
2.465474114528926730e+00 3.223755127681772414e+00
2.471763589310888243e+00 2.331460197947768709e+00
2.478053064092849755e+00 3.863146477737235962e+00
2.484342538874811268e+00 3.560908081224770871e+00
2.490632013656772781e+00 2.978792823515504118e+00
2.496921488438734293e+00 3.322681502230535600e+00
2.503210963220695806e+00 2.624533397581260363e+00
2.509500438002657319e+00 3.291732818072566680e+00
2.515789912784618831e+00 2.358892887476534028e+00
2.522079387566580344e+00 3.138134663282439618e+00
2.528368862348541857e+00 3.732883121822486494e+00
2.534658337130503369e+00 3.701831132233961874e+00
2.540947811912465326e+00 2.970908771964640760e+00
2.547237286694426839e+00 2.445267316176728656e+00
2.553526761476388351e+00 2.545051746405969872e+00
2.559816236258349864e+00 2.150644210525170408e+00
2.566105711040311377e+00 2.670701840584676745e+00
2.572395185822272889e+00 2.088510375258502805e+00
2.578684660604234402e+00 3.325257469813571731e+00
2.584974135386195915e+00 2.305269884769986177e+00
2.591263610168157427e+00 3.779456793078944443e+00
2.597553084950118940e+00 3.011672001346972216e+00
2.603842559732080453e+00 3.309054593064687744e+00
2.610132034514041965e+00 2.201787839971792060e+00
2.616421509296003478e+00 3.616480082695348486e+00
2.622710984077965435e+00 2.714062068877975520e+00
2.629000458859926947e+00 2.403269864333176464e+00
2.635289933641888460e+00 3.042392590460039070e+00
2.641579408423849973e+00 2.523474258975781481e+00
2.647868883205811485e+00 2.945890052202962295e+00
2.654158357987772998e+00 2.920738163267039056e+00
2.660447832769734511e+00 2.602884793150188614e+00
2.666737307551696023e+00 1.799037570265830555e+00
2.673026782333657536e+00 2.417984791318295912e+00
2.679316257115619049e+00 2.696153556968279297e+00
2.685605731897580561e+00 1.986578423221777356e+00
2.691895206679542074e+00 1.372428374487829394e+00
2.698184681461504031e+00 2.602820665608062800e+00
2.704474156243465544e+00 1.152998549955700724e+00
2.710763631025427056e+00 2.125190248540565374e+00
2.717053105807388569e+00 2.679452447548555050e+00
2.723342580589350082e+00 1.302968980951233702e+00
2.729632055371311594e+00 2.329998395350337148e+00
2.735921530153273107e+00 2.403356104646638514e+00
2.742211004935234619e+00 2.500007665915684019e+00
2.748500479717196132e+00 1.915647556933985918e+00
2.754789954499157645e+00 6.948880936342823889e-01
2.761079429281119157e+00 2.208915143500302936e+00
2.767368904063080670e+00 1.307991326029964485e+00
2.773658378845042183e+00 6.530680887003383894e-01
2.779947853627004140e+00 1.653771843910733619e+00
2.786237328408965652e+00 3.819657260761538109e-01
2.792526803190927165e+00 1.753365157653721695e+00
2.798816277972888678e+00 9.031361591849407233e-01
2.805105752754850190e+00 1.911288590724303127e+00
2.811395227536811703e+00 5.469646217713486358e-01
2.817684702318773216e+00 6.474514529790255102e-01
2.823974177100734728e+00 6.852661960228128013e-01
2.830263651882696241e+00 1.049607386862002167e+00
2.836553126664657754e+00 2.841977080272112266e-01
2.842842601446619266e+00 5.071496882716708399e-02
2.849132076228580779e+00 2.840360873540435649e-01
2.855421551010542291e+00 9.379169266560523077e-01
2.861711025792504248e+00 -7.012790063656626494e-03
2.868000500574465761e+00 9.874760021112511943e-01
2.874289975356427274e+00 4.922902063864778022e-01
2.880579450138388786e+00 -2.056941471367791374e-01
2.886868924920350299e+00 1.914101000311918543e-02
2.893158399702311812e+00 2.064609275763716889e-01
2.899447874484273324e+00 -5.821130021695894996e-01
2.905737349266234837e+00 -6.720667565931518483e-01
2.912026824048196350e+00 -1.751735942201260166e-01
2.918316298830157862e+00 5.614341439711536541e-01
2.924605773612119375e+00 -1.029242271859344138e-01
2.930895248394080888e+00 7.495167545393008890e-01
2.937184723176042400e+00 5.512545945681583959e-01
2.943474197958004357e+00 -7.491748915630782601e-01
2.949763672739965870e+00 -1.028881719308072373e+00
2.956053147521927382e+00 6.204678277932778041e-01
2.962342622303888895e+00 5.346856210273138732e-01
2.968632097085850408e+00 3.406689903434800826e-02
2.974921571867811920e+00 3.479495882191119271e-01
2.981211046649773433e+00 -1.106942425327930524e+00
2.987500521431734946e+00 -3.218428977655571899e-01
2.993789996213696458e+00 -6.623842434089264319e-01
3.000079470995657971e+00 -1.091350207115504789e+00
3.006368945777619484e+00 -1.711160946487588763e-01
3.012658420559580996e+00 1.919785030949829885e-01
3.018947895341542953e+00 8.112133482359107362e-02
3.025237370123504466e+00 -2.629225302810382914e-01
3.031526844905465978e+00 -1.216094821107704060e+00
3.037816319687427491e+00 -8.125166558239160786e-01
3.044105794469389004e+00 1.327549791965507708e-01
3.050395269251350516e+00 1.092051067566508493e-01
3.056684744033312029e+00 -1.039436622123713017e+00
3.062974218815273542e+00 -4.946977181605993756e-01
3.069263693597235054e+00 -8.419495695696830317e-01
3.075553168379196567e+00 3.832944984889108397e-02
3.081842643161158080e+00 -2.529090503106921073e-01
3.088132117943119592e+00 -1.141934126884035505e+00
3.094421592725081105e+00 -5.198675300019561796e-01
3.100711067507043062e+00 -6.574968056519983062e-01
3.107000542289004574e+00 -1.242347284702384647e+00
3.113290017070966087e+00 -6.051348890113932288e-01
3.119579491852927600e+00 -1.595925510692711269e+00
3.125868966634889112e+00 -1.638071393313329072e+00
3.132158441416850625e+00 -1.553948404619485579e+00
3.138447916198812138e+00 -1.627218867933293955e+00
3.144737390980773650e+00 -1.438599498283393840e+00
3.151026865762735163e+00 1.023569712560612466e-02
3.157316340544696676e+00 -1.597125184288949118e+00
3.163605815326658188e+00 -9.340589457982899635e-01
3.169895290108619701e+00 -2.284118624397315500e-01
3.176184764890581214e+00 1.301535391839432343e-01
3.182474239672543170e+00 -1.320022858966164669e+00
3.188763714454504683e+00 -8.103480094066088935e-01
3.195053189236466196e+00 2.052618535468568872e-01
3.201342664018427708e+00 -1.470383841527501456e+00
3.207632138800389221e+00 -1.378968266969820666e+00
3.213921613582350734e+00 1.064593445531685223e-01
3.220211088364312246e+00 2.740568082124628102e-01
3.226500563146273759e+00 -9.253008505951876295e-02
3.232790037928235272e+00 -8.962258829551787986e-01
3.239079512710196784e+00 -6.338046911631345370e-01
3.245368987492158297e+00 -1.054864188148356696e+00
3.251658462274119810e+00 -1.336943093770261104e+00
3.257947937056081322e+00 -1.129710757295299794e+00
3.264237411838043279e+00 -1.259505820520147257e+00
3.270526886620004792e+00 -3.569683386315474216e-01
3.276816361401966304e+00 1.574259314839139279e-01
3.283105836183927817e+00 -5.812878209286305164e-01
3.289395310965889330e+00 3.862506144730559754e-02
3.295684785747850842e+00 -8.589315529718581921e-01
3.301974260529812355e+00 -3.290952978232966064e-01
3.308263735311773868e+00 -9.749574444447259847e-01
3.314553210093735380e+00 -5.138187927507937847e-01
3.320842684875696893e+00 8.632303796575973021e-01
3.327132159657658406e+00 -3.631468121143199834e-02
3.333421634439619918e+00 2.418886483677360477e-01
3.339711109221581431e+00 -8.224048775355309315e-01
3.346000584003543388e+00 1.368712377405167935e-01
3.352290058785504900e+00 -6.221284879893835829e-01
3.358579533567466413e+00 1.210942051521445517e+00
3.364869008349427926e+00 5.718655625648230156e-01
3.371158483131389438e+00 4.663050966172611611e-01
3.377447957913350951e+00 1.338520754246630640e+00
3.383737432695312464e+00 -5.001162335225129985e-01
3.390026907477273976e+00 1.816367361394151114e-01
3.396316382259235489e+00 1.318588145089496511e+00
3.402605857041197002e+00 1.510893270301243652e+00
3.408895331823158514e+00 1.372080135070631091e+00
3.415184806605120027e+00 8.949452471361648564e-01
3.421474281387081540e+00 1.686598389843720458e+00
3.427763756169043496e+00 1.205128780041049286e-01
3.434053230951005009e+00 1.669209953601026974e+00
3.440342705732966522e+00 1.728599486188168388e+00
3.446632180514928034e+00 2.025359843587330178e-01
3.452921655296889547e+00 3.543095326816098067e-03
3.459211130078851060e+00 8.471657525851159498e-01
3.465500604860812572e+00 2.037148546423284134e+00
3.471790079642774085e+00 7.985433198256113307e-01
3.478079554424735598e+00 1.828804683959482702e+00
3.484369029206697110e+00 4.673413389243099014e-01
3.490658503988658623e+00 3.351832883476174585e-01
3.496947978770620136e+00 7.104543417293858187e-01
3.503237453552582092e+00 1.370080185311190801e+00
3.509526928334543605e+00 1.929073752032067768e+00
3.515816403116505118e+00 1.154328417941932639e+00
3.522105877898466630e+00 1.504908893584038232e+00
3.528395352680428143e+00 2.485402018941380131e+00
3.534684827462389656e+00 1.999519250895071654e+00
3.540974302244351168e+00 2.500052774544052614e+00
3.547263777026312681e+00 1.618872506925277177e+00
3.553553251808274194e+00 6.502295384372035469e-01
3.559842726590235706e+00 8.055473490218987287e-01
3.566132201372197219e+00 2.226898392366312596e+00
3.572421676154158732e+00 1.879034763449162870e+00
3.578711150936120244e+00 2.637415207056965638e+00
3.585000625718082201e+00 2.413109683804544936e+00
3.591290100500043714e+00 1.365019757999260674e+00
3.597579575282005226e+00 2.291703464156714887e+00
3.603869050063966739e+00 2.182530298505262145e+00
3.610158524845928252e+00 2.561844414194661468e+00
3.616447999627889764e+00 2.188242795337262958e+00
3.622737474409851277e+00 2.136319834079590585e+00
3.629026949191812790e+00 2.604067753347867775e+00
3.635316423973774302e+00 1.171646008487627899e+00
3.641605898755735815e+00 1.468829920524756805e+00
3.647895373537697328e+00 2.856126049783646259e+00
3.654184848319658840e+00 1.611361170748163651e+00
3.660474323101620353e+00 2.569294282297598819e+00
3.666763797883582310e+00 1.551341466519865930e+00
3.673053272665543822e+00 1.987784337031796245e+00
3.679342747447505335e+00 1.977986140163522144e+00
3.685632222229466848e+00 1.175744158987068966e+00
3.691921697011428360e+00 1.399007466174759573e+00
3.698211171793389873e+00 2.431691265216923803e+00
3.704500646575351386e+00 2.902821273725322282e+00
3.710790121357312898e+00 1.648026324912282181e+00
3.717079596139274411e+00 2.660874169234265896e+00
3.723369070921235924e+00 3.056309094984894337e+00
3.729658545703197436e+00 1.492191687577861137e+00
3.735948020485158949e+00 2.895328638026940737e+00
3.742237495267120462e+00 1.371714310632239808e+00
3.748526970049082419e+00 2.522319244017919182e+00
3.754816444831043931e+00 2.029698332450338150e+00
3.761105919613005444e+00 2.066831521581625974e+00
3.767395394394966956e+00 1.351184079242731428e+00
3.773684869176928469e+00 1.228769121259339236e+00
3.779974343958889982e+00 1.893078729578430819e+00
3.786263818740851494e+00 2.940142064904559760e+00
3.792553293522813007e+00 1.923650036698561161e+00
3.798842768304774520e+00 2.290946468381255485e+00
3.805132243086736032e+00 2.071205012195461048e+00
3.811421717868697545e+00 2.636044614489762683e+00
3.817711192650659058e+00 2.498610191812114856e+00
3.824000667432621015e+00 2.699935313511533597e+00
3.830290142214582527e+00 1.052850836222549713e+00
3.836579616996544040e+00 1.422929694574995185e+00
3.842869091778505553e+00 2.184806467976933231e+00
3.849158566560467065e+00 1.386790395078301596e+00
3.855448041342428578e+00 2.027457602540943427e+00
3.861737516124390091e+00 2.143845236804172050e+00
3.868026990906351603e+00 1.239065389573044573e+00
3.874316465688313116e+00 2.467736793897832293e+00
3.880605940470274628e+00 2.281455685506452280e+00
3.886895415252236141e+00 2.359488875455662438e+00
3.893184890034197654e+00 1.358117564583921411e+00
3.899474364816159166e+00 2.584965362672576816e+00
3.905763839598121123e+00 1.715299165051765495e+00
3.912053314380082636e+00 1.036486751020045283e+00
3.918342789162044149e+00 1.715875280289983262e+00
3.924632263944005661e+00 1.995049535378661254e+00
3.930921738725967174e+00 9.064928744888635093e-01
3.937211213507928687e+00 1.437588673148210372e+00
3.943500688289890199e+00 1.462419034904604231e+00
3.949790163071851712e+00 1.854564362525763510e+00
3.956079637853813225e+00 2.149605435536503961e+00
3.962369112635774737e+00 1.667796868913602237e+00
3.968658587417736250e+00 1.836667954810163650e+00
3.974948062199697763e+00 6.799339072195108580e-01
3.981237536981659275e+00 2.054078135556169915e+00
3.987527011763621232e+00 1.088842805971858674e+00
3.993816486545582745e+00 1.852973445709120925e+00
4.000105961327544257e+00 1.361697791693051496e+00
4.006395436109505326e+00 1.310106845102331885e+00
4.012684910891467283e+00 7.692171276314533346e-01
4.018974385673428351e+00 1.035362108795869318e+00
4.025263860455390308e+00 3.669336858465209183e-01
4.031553335237352265e+00 9.152144188642572509e-01
4.037842810019313333e+00 1.965879996003000896e+00
4.044132284801275290e+00 3.760685500372886736e-01
4.050421759583236359e+00 1.209614418365740685e+00
4.056711234365198315e+00 4.358933858529978611e-01
4.063000709147159384e+00 9.122219205518065088e-01
4.069290183929121341e+00 1.933320612028070817e+00
4.075579658711082409e+00 5.390431916348173980e-01
4.081869133493044366e+00 6.996718971707460710e-01
4.088158608275005435e+00 1.542062855493187890e+00
4.094448083056967391e+00 1.828834449895820891e+00
4.100737557838928460e+00 1.576021593364437035e+00
4.107027032620890417e+00 7.464532715626981396e-01
4.113316507402852373e+00 1.361584321697243860e+00
4.119605982184813442e+00 1.651680614348474130e+00
4.125895456966775399e+00 1.548209021504188376e+00
4.132184931748736467e+00 8.183011354967835160e-01
4.138474406530698424e+00 4.744037533710037668e-01
4.144763881312659493e+00 -2.518123836702687024e-01
4.151053356094621449e+00 1.717228131610842867e-01
4.157342830876582518e+00 6.030755238691489772e-01
4.163632305658544475e+00 9.653913002373604169e-01
4.169921780440505543e+00 1.287128028739713104e+00
4.176211255222467500e+00 1.160183621385087793e+00
4.182500730004428569e+00 5.779545376801908940e-02
4.188790204786390525e+00 1.492184587809047613e+00
4.195079679568352482e+00 1.334319357861073474e-01
4.201369154350313551e+00 1.050221038737673585e+00
4.207658629132275507e+00 -9.663826713138989888e-02
4.213948103914236576e+00 -3.034221544984900820e-01
4.220237578696198533e+00 1.573716067523702744e-01
4.226527053478159601e+00 -4.212556955624124910e-01
4.232816528260121558e+00 6.922922676793674679e-02
4.239106003042082627e+00 -4.060971073861003866e-01
4.245395477824044583e+00 9.349705608074256880e-01
4.251684952606005652e+00 4.392464113818015381e-01
4.257974427387967609e+00 3.831478797938296932e-01
4.264263902169928677e+00 -1.458099538032711084e-01
4.270553376951890634e+00 -3.950283135790384481e-01
4.276842851733852591e+00 -1.807761106508168902e-01
4.283132326515813659e+00 2.413567079633789358e-01
4.289421801297775616e+00 4.584951438533908519e-01
4.295711276079736685e+00 5.583467454029067412e-02
4.302000750861698641e+00 9.254858344667082903e-02
4.308290225643659710e+00 1.246164874056064242e+00
4.314579700425621667e+00 1.115298441852179412e+00
4.320869175207582735e+00 -1.458035580290745203e-01
4.327158649989544692e+00 3.940343589002398561e-01
4.333448124771505761e+00 -5.308272801299060983e-01
4.339737599553467717e+00 1.313055158265150624e+00
4.346027074335428786e+00 -5.385282466049413630e-01
4.352316549117390743e+00 9.765026197835764421e-01
4.358606023899352699e+00 1.296501343974400644e+00
4.364895498681313768e+00 -1.844757365251584735e-01
4.371184973463275725e+00 5.848807686486696689e-01
4.377474448245236793e+00 7.293030896870825730e-01
4.383763923027198750e+00 1.394964329747347520e+00
4.390053397809159819e+00 8.174253307335147545e-01
4.396342872591121775e+00 5.190581463918801930e-01
4.402632347373082844e+00 1.013179473902970473e+00
4.408921822155044801e+00 2.734444649059795118e-01
4.415211296937005869e+00 1.275641115349340549e+00
4.421500771718967826e+00 -7.573491288362987905e-02
4.427790246500929783e+00 -1.662518476626799746e-01
4.434079721282890851e+00 1.475330809091454087e-01
4.440369196064852808e+00 1.449094107048218616e+00
4.446658670846813877e+00 -5.339060806626672040e-02
4.452948145628775833e+00 1.286307601664609335e+00
4.459237620410736902e+00 6.564907238191133310e-01
4.465527095192698859e+00 4.081106286165386843e-01
4.471816569974659927e+00 -7.027769380925030784e-02
4.478106044756621884e+00 3.348334810884143753e-01
4.484395519538582953e+00 7.695677098263977722e-01
4.490684994320544909e+00 3.761879712059351677e-02
4.496974469102505978e+00 3.671544534834183526e-01
4.503263943884467935e+00 -2.254401745771479337e-01
4.509553418666429891e+00 5.379415075402060875e-01
4.515842893448390960e+00 1.507938726966375320e+00
4.522132368230352917e+00 1.364006222323413065e+00
4.528421843012313985e+00 4.943135582682165463e-01
4.534711317794275942e+00 7.615721610064359881e-01
4.541000792576237011e+00 2.422477889126176676e-01
4.547290267358198967e+00 1.832260391077489281e-02
4.553579742140160036e+00 8.642002456709690916e-02
4.559869216922121993e+00 -1.916177502412976796e-01
4.566158691704083061e+00 9.853056315663446529e-01
4.572448166486045018e+00 -1.546532684016064252e-01
4.578737641268006087e+00 4.970515389770813197e-02
4.585027116049968043e+00 1.069528608990495844e+00
4.591316590831930000e+00 5.140315862613591413e-01
4.597606065613891069e+00 1.618452351222227747e+00
4.603895540395853025e+00 1.500214230553244654e+00
4.610185015177814094e+00 4.029155775721093846e-02
4.616474489959776051e+00 -7.050656133329141761e-02
4.622763964741737119e+00 1.076152552343577096e+00
4.629053439523699076e+00 4.661068953328333375e-01
4.635342914305660145e+00 1.609109604326540488e+00
4.641632389087622101e+00 1.140418568972935143e-01
4.647921863869583170e+00 1.209662856265799835e+00
4.654211338651545127e+00 -2.464548365283387721e-01
4.660500813433506195e+00 1.425066323061249696e+00
4.666790288215468152e+00 5.083786882033536347e-01
4.673079762997430109e+00 2.366815542982599885e-01
4.679369237779391177e+00 1.003176998912987061e+00
4.685658712561353134e+00 1.440676751479140205e-01
4.691948187343314203e+00 6.889955669027609808e-01
4.698237662125276159e+00 3.597447514939787760e-01
4.704527136907237228e+00 1.355163001660306454e+00
4.710816611689199185e+00 1.405931107643898503e+00
4.717106086471160253e+00 1.704987717031765992e+00
4.723395561253122210e+00 1.700270593066562475e+00
4.729685036035083279e+00 4.729790421907216769e-01
4.735974510817045235e+00 3.584656199004080390e-01
4.742263985599006304e+00 -2.536637337105547840e-01
4.748553460380968261e+00 6.309430395156729876e-01
4.754842935162930218e+00 2.988842876641296109e-01
4.761132409944891286e+00 -2.548614996995437476e-01
4.767421884726853243e+00 7.217237811622907451e-01
4.773711359508814311e+00 8.839024765661886995e-01
4.780000834290776268e+00 -1.509144042417895903e-01
4.786290309072737337e+00 8.051578826365812791e-01
4.792579783854699293e+00 9.613768256544913404e-02
4.798869258636660362e+00 1.200883725610389030e+00
4.805158733418622319e+00 1.554119513503761318e+00
4.811448208200583387e+00 2.959307332900733556e-01
4.817737682982545344e+00 8.483327865867422712e-01
4.824027157764506413e+00 7.637038628078165470e-01
4.830316632546468369e+00 2.522486060836955368e-01
4.836606107328430326e+00 5.394806466041067727e-01
4.842895582110391395e+00 -2.761897936729497127e-01
4.849185056892353352e+00 1.213357478588531269e+00
4.855474531674314420e+00 -1.146204003973816388e-02
4.861764006456276377e+00 2.976369599308494318e-01
4.868053481238237445e+00 1.294408834094173510e+00
4.874342956020199402e+00 2.708036701772983390e-01
4.880632430802160471e+00 6.728514435352483947e-01
4.886921905584122428e+00 6.482093554230051735e-01
4.893211380366083496e+00 1.056966342721943342e+00
4.899500855148045453e+00 -4.240310143862321413e-01
4.905790329930006521e+00 1.086978815514764163e-01
4.912079804711968478e+00 -2.285021652022751759e-01
4.918369279493930435e+00 -2.101984037609692102e-01
4.924658754275891503e+00 1.214298752962826189e+00
4.930948229057853460e+00 1.057551239264836518e+00
4.937237703839814529e+00 6.037994599909861648e-01
4.943527178621776486e+00 6.633136222505542356e-01
4.949816653403737554e+00 3.463721008722520089e-02
4.956106128185699511e+00 2.236684523537917357e-01
4.962395602967660579e+00 1.313613789588524927e+00
4.968685077749622536e+00 4.643851468295695506e-01
4.974974552531583605e+00 9.978846236399736558e-01
4.981264027313545562e+00 1.232230181982856942e+00
4.987553502095506630e+00 3.798616306118934860e-01
4.993842976877468587e+00 1.311304660610422612e+00
5.000132451659430544e+00 1.451881002661308262e-01
5.006421926441391612e+00 8.671621431869314112e-01
5.012711401223353569e+00 4.686018488188309350e-01
5.019000876005314637e+00 -4.682233265360258301e-02
5.025290350787276594e+00 1.625600400800817358e-01
5.031579825569237663e+00 -1.396140950371469458e-01
5.037869300351199620e+00 9.009194159275948355e-01
5.044158775133160688e+00 3.076315003792172709e-01
5.050448249915122645e+00 4.817900502895631210e-01
5.056737724697083713e+00 7.445700871062899129e-02
5.063027199479045670e+00 5.233959684191835660e-01
5.069316674261006739e+00 7.257940595194201094e-02
5.075606149042968696e+00 -5.565526185125997394e-01
5.081895623824930652e+00 5.858954944852332591e-01
5.088185098606891721e+00 -2.380213981140005819e-01
5.094474573388853678e+00 -2.583263435428083676e-01
5.100764048170814746e+00 5.472727886734873870e-02
5.107053522952776703e+00 6.861044253725261388e-01
5.113342997734737772e+00 3.146102175968781278e-01
5.119632472516699728e+00 -6.591416455749576908e-01
5.125921947298660797e+00 2.281378122696803290e-01
5.132211422080622754e+00 1.126109943878779163e+00
5.138500896862583822e+00 -8.023408762561632379e-01
5.144790371644545779e+00 1.074437605033429222e+00
5.151079846426506847e+00 7.930445439550968256e-01
5.157369321208468804e+00 -3.838193794932904801e-01
5.163658795990430761e+00 1.098622548987297387e+00
5.169948270772391830e+00 4.445595377042662610e-01
5.176237745554353786e+00 -7.480441356580694867e-01
5.182527220336314855e+00 4.259491664233985286e-01
5.188816695118276812e+00 8.331394633269318950e-01
5.195106169900237880e+00 8.947677636375922505e-01
5.201395644682199837e+00 4.937430088513967696e-01
5.207685119464160906e+00 7.581139017649661804e-01
5.213974594246122862e+00 -7.574027239511871290e-01
5.220264069028083931e+00 7.532193946239651439e-02
5.226553543810045888e+00 -3.279367291737307344e-01
5.232843018592006956e+00 -3.130843328722590080e-01
5.239132493373968913e+00 8.794739724466096309e-01
5.245421968155930870e+00 8.987060856953563714e-01
5.251711442937891938e+00 3.773405310138493451e-01
5.258000917719853895e+00 7.501350821950292236e-02
5.264290392501814964e+00 -4.094248089200869245e-02
5.270579867283776920e+00 6.727338580454256256e-01
5.276869342065737989e+00 4.514405545965980426e-01
5.283158816847699946e+00 -3.077856646938180729e-01
5.289448291629661014e+00 1.341013154623843739e+00
5.295737766411622971e+00 8.908387862221445186e-01
5.302027241193584040e+00 5.406636115795248054e-01
5.308316715975545996e+00 6.572383130311921784e-01
5.314606190757507953e+00 -4.779812438256474949e-01
5.320895665539469022e+00 1.169636745535328259e+00
5.327185140321430978e+00 8.633690907840656514e-01
5.333474615103392047e+00 8.314848406603752018e-01
5.339764089885354004e+00 4.243872832813735951e-01
5.346053564667315072e+00 1.150201150964637931e+00
5.352343039449277029e+00 2.691434075616892518e-01
5.358632514231238098e+00 2.493351405138158894e-01
5.364921989013200054e+00 3.769463553957747570e-01
5.371211463795161123e+00 5.453406389725019565e-01
5.377500938577123080e+00 2.894080473827042033e-01
5.383790413359084148e+00 1.347534694417442225e+00
5.390079888141046105e+00 4.060000236987625910e-01
5.396369362923008062e+00 3.861499796185995370e-01
5.402658837704969130e+00 1.350047104227611428e+00
5.408948312486931087e+00 1.520520387500188253e+00
5.415237787268892156e+00 1.543374444764997744e+00
5.421527262050854112e+00 1.413380164655094751e+00
5.427816736832815181e+00 4.027785494373896102e-01
5.434106211614777138e+00 1.337616325244094018e+00
5.440395686396738206e+00 1.928667822891834360e+00
5.446685161178700163e+00 1.372045180846974688e+00
5.452974635960661232e+00 1.996298879332913945e+00
5.459264110742623188e+00 1.715724505394348398e+00
5.465553585524584257e+00 2.125228362797486170e+00
5.471843060306546214e+00 5.653515391747954144e-01
5.478132535088508170e+00 1.160109654092247755e+00
5.484422009870469239e+00 2.040236642556640945e+00
5.490711484652431196e+00 6.712068444086666252e-01
5.497000959434392264e+00 1.040645356523183906e+00
5.503290434216354221e+00 2.251157749388455809e+00
5.509579908998315290e+00 4.760472825219105308e-01
5.515869383780277246e+00 1.837717500967730011e+00
5.522158858562238315e+00 1.664189847196117622e+00
5.528448333344200272e+00 1.758018333498962527e+00
5.534737808126161340e+00 9.679135494775460424e-01
5.541027282908123297e+00 1.370395808525224357e+00
5.547316757690084366e+00 1.534462454396652520e+00
5.553606232472046322e+00 5.456117691007482673e-01
5.559895707254008279e+00 1.062512320282153366e+00
5.566185182035969348e+00 1.881470707432804534e+00
5.572474656817931304e+00 2.263795650513419577e+00
5.578764131599892373e+00 1.477170528383765724e+00
5.585053606381854330e+00 2.011760914224098862e+00
5.591343081163815398e+00 1.511626678284003766e+00
5.597632555945777355e+00 7.835652917049403809e-01
5.603922030727738424e+00 1.911438592089272692e+00
5.610211505509700380e+00 2.612664307037938727e+00
5.616500980291661449e+00 2.390555912779197545e+00
5.622790455073623406e+00 1.007890319400106760e+00
5.629079929855584474e+00 8.814160550917272685e-01
5.635369404637546431e+00 1.911328833613238576e+00
5.641658879419508388e+00 2.115949450138972843e+00
5.647948354201469456e+00 1.565809661349329307e+00
5.654237828983431413e+00 1.448508689721010212e+00
5.660527303765392482e+00 8.117344505760459850e-01
5.666816778547354438e+00 2.062574510438102582e+00
5.673106253329315507e+00 1.281888243740012978e+00
5.679395728111277464e+00 2.218057647975229862e+00
5.685685202893238532e+00 1.060160754446316078e+00
5.691974677675200489e+00 2.619145480899641054e+00
5.698264152457161558e+00 2.450263053017341264e+00
5.704553627239123514e+00 9.351152088714622668e-01
5.710843102021084583e+00 2.366539129794896557e+00
5.717132576803046540e+00 9.411238310128001716e-01
5.723422051585008496e+00 2.276858831217628776e+00
5.729711526366969565e+00 1.748302091442459405e+00
5.736001001148931522e+00 7.261320395125575589e-01
5.742290475930892590e+00 2.315971823761779014e+00
5.748579950712854547e+00 1.691186804361420881e+00
5.754869425494815616e+00 2.451140356941436504e+00
5.761158900276777572e+00 2.168086297675972052e+00
5.767448375058738641e+00 1.421850410233877149e+00
5.773737849840700598e+00 9.044713245309582428e-01
5.780027324622661666e+00 1.801788917969870063e+00
5.786316799404623623e+00 1.698652097838968977e+00
5.792606274186584692e+00 1.845028725071244491e+00
5.798895748968546648e+00 8.206749670048559819e-01
5.805185223750508605e+00 1.841447422107610254e+00
5.811474698532469674e+00 9.756917546416066234e-01
5.817764173314431631e+00 1.662396829192222425e+00
5.824053648096392699e+00 1.596279355020294055e+00
5.830343122878354656e+00 5.216997766915212331e-01
5.836632597660315724e+00 2.154764238703652968e+00
5.842922072442277681e+00 5.405619198042967977e-01
5.849211547224238750e+00 1.493170110199100176e+00
5.855501022006200706e+00 2.841706920209319809e-01
5.861790496788161775e+00 5.927876307588393345e-01
5.868079971570123732e+00 1.151276054075173860e+00
5.874369446352084800e+00 1.161661563669284192e+00
5.880658921134046757e+00 1.305293873159660389e+00
5.886948395916008714e+00 1.663195792189379407e+00
5.893237870697969782e+00 3.165145885453299890e-01
5.899527345479931739e+00 1.010913916054972717e+00
5.905816820261892808e+00 2.014119768866475257e-01
5.912106295043854765e+00 1.315864817535855602e+00
5.918395769825815833e+00 -7.182233499569745661e-02
5.924685244607777790e+00 1.671891217735252400e-01
5.930974719389738858e+00 6.812906360944448458e-01
5.937264194171700815e+00 8.388579553441931624e-01
5.943553668953661884e+00 2.909107235726461349e-01
5.949843143735623840e+00 9.952536132729588036e-01
5.956132618517584909e+00 4.306702332713657211e-01
5.962422093299546866e+00 -2.632503353750512143e-01
5.968711568081508823e+00 -1.607430530970193061e-01
5.975001042863469891e+00 8.111325247329475019e-01
5.981290517645431848e+00 1.273748541515016930e+00
5.987579992427392916e+00 1.237409416893109126e+00
5.993869467209354873e+00 5.521691097475422971e-02
6.000158941991315942e+00 5.716030131119322899e-01
6.006448416773277899e+00 -2.615589225304575383e-01
6.012737891555238967e+00 2.130765231581244201e-01
6.019027366337200924e+00 2.793786057573088843e-01
6.025316841119161992e+00 -9.116879974795455421e-01
6.031606315901123949e+00 -5.790257256631186067e-01
6.037895790683085906e+00 -1.010672339497552086e+00
6.044185265465046974e+00 -6.320886501337492636e-01
6.050474740247008931e+00 2.297168413144852206e-01
6.056764215028970000e+00 -1.832665000933948463e-01
6.063053689810931957e+00 -5.673050129161354427e-01
6.069343164592893025e+00 6.307641319726966511e-01
6.075632639374854982e+00 -1.279361382876008868e+00
6.081922114156816050e+00 1.546276219110611638e-01
6.088211588938778007e+00 2.957268315145082926e-01
6.094501063720739076e+00 -8.371575828990669432e-01
6.100790538502701033e+00 -9.086875016456001930e-01
6.107080013284662101e+00 -1.317987523701700692e+00
6.113369488066624058e+00 -2.749289677210331462e-02
6.119658962848586015e+00 -1.200079817672308646e+00
6.125948437630547083e+00 -3.750842991020753026e-02
6.132237912412509040e+00 -1.088752807792911614e+00
6.138527387194470109e+00 -8.145962143419747115e-01
6.144816861976432065e+00 -1.173283981046284730e-01
6.151106336758393134e+00 -1.463903620876757516e+00
6.157395811540355091e+00 -1.412988200598468413e+00
6.163685286322316159e+00 -1.291048382206258838e+00
6.169974761104278116e+00 -1.812153759364227623e+00
6.176264235886239184e+00 -1.665226528146141582e+00
6.182553710668201141e+00 -3.553584379410286154e-01
6.188843185450162210e+00 -1.121504594186369053e+00
6.195132660232124167e+00 -3.376191811110760277e-01
6.201422135014086123e+00 -9.957064944968141429e-01
6.207711609796047192e+00 -1.969419429730372650e+00
6.214001084578009149e+00 -1.777315479069022430e+00
6.220290559359970217e+00 -3.108489785752237555e-01
6.226580034141932174e+00 -1.964762495963896516e+00
6.232869508923893243e+00 -1.243356930018724826e+00
6.239158983705855199e+00 -9.533172760298702642e-01
6.245448458487816268e+00 -1.454923282726872769e+00
6.251737933269778225e+00 -4.247157538619026340e-01
6.258027408051739293e+00 -1.776351480505037550e+00
6.264316882833701250e+00 -1.396124837197950441e+00
6.270606357615662318e+00 -1.024493360421687482e+00
6.276895832397624275e+00 -1.135195774548821035e+00
6.283185307179586232e+00 -4.089841401998037806e-01
