0.000000000000000000e+00 4.453185750804735665e-01
6.289474781961547356e-03 -1.856355967253298656e-01
1.257894956392309471e-02 1.136647625543691920e-01
1.886842434588464207e-02 1.147476729215378466e+00
2.515789912784618942e-02 -4.388535808639960067e-01
3.144737390980773678e-02 1.370118479388576338e+00
3.773684869176928414e-02 8.924053482063574183e-01
4.402632347373083149e-02 2.465859278555682099e-01
5.031579825569237885e-02 1.507721765718128548e-01
5.660527303765392620e-02 1.860736085781311555e-02
6.289474781961547356e-02 1.238439985364549134e+00
6.918422260157702786e-02 1.377835931111572654e+00
7.547369738353856827e-02 7.913631038318296174e-01
8.176317216550010869e-02 1.255290319485301787e+00
8.805264694746166299e-02 -3.640991531627327249e-01
9.434212172942321728e-02 9.516720876541080454e-01
1.006315965113847577e-01 -2.552405449409472227e-01
1.069210712933462981e-01 9.480850207340091318e-01
1.132105460753078524e-01 1.034119651442708676e+00
1.195000208572694067e-01 8.500119627700477576e-01
1.257894956392309471e-01 1.458261764650870651e+00
1.320789704211924875e-01 8.579817780645843106e-01
1.383684452031540557e-01 1.711324871447683638e-01
1.446579199851155961e-01 6.758887439135876640e-01
1.509473947670771365e-01 8.920278476417915492e-01
1.572368695490386770e-01 2.506963791058296476e-01
1.635263443310002174e-01 1.259192054961589591e+00
1.698158191129617856e-01 1.424667149319366999e+00
1.761052938949233260e-01 5.693064145561090861e-01
1.823947686768848664e-01 8.267897247724784737e-01
1.886842434588464346e-01 7.284318181392823721e-02
1.949737182408079750e-01 1.090849550585611949e+00
2.012631930227695154e-01 1.442866546192749677e+00
2.075526678047310558e-01 1.419816018908888200e+00
2.138421425866925962e-01 1.148907626772745605e+00
2.201316173686541644e-01 1.199638037537279489e+00
2.264210921506157048e-01 3.849966237701341054e-02
2.327105669325772452e-01 4.860566985567027487e-02
2.390000417145388134e-01 5.808771036070037308e-01
2.452895164965003538e-01 2.022270165402746400e-01
2.515789912784618942e-01 1.118143348431002160e-01
2.578684660604234624e-01 1.016450776055981109e+00
2.641579408423849751e-01 7.390398015995026659e-01
2.704474156243465433e-01 2.170864637421137111e-01
2.767368904063081114e-01 1.498084920847996826e-01
2.830263651882696241e-01 -3.697815057079167911e-02
2.893158399702311923e-01 1.473527545829525387e+00
2.956053147521927049e-01 -3.446978481018414531e-02
3.018947895341542731e-01 -3.241609931468071859e-01
3.081842643161158413e-01 5.763362576873616305e-01
3.144737390980773539e-01 3.256197767595159220e-01
3.207632138800389221e-01 -2.807056039486434118e-01
3.270526886620004348e-01 2.288079694465650071e-01
3.333421634439620029e-01 -2.550610770613871425e-01
3.396316382259235711e-01 -4.061934215783784552e-01
3.459211130078850838e-01 1.023255597789925364e+00
3.522105877898466519e-01 9.758662565090967522e-01
3.585000625718082201e-01 8.815644163908810116e-01
3.647895373537697328e-01 -4.984328586564501506e-02
3.710790121357313009e-01 1.007914629932332939e+00
3.773684869176928691e-01 8.777319675567261115e-01
3.836579616996543818e-01 1.252149510478279826e+00
3.899474364816159500e-01 4.461607075520792609e-01
3.962369112635774626e-01 1.155296711011815525e+00
4.025263860455390308e-01 1.105027070686718904e+00
4.088158608275005990e-01 7.815224103753964924e-01
4.151053356094621116e-01 8.945181137621158740e-01
4.213948103914236798e-01 8.536004583993945793e-01
4.276842851733851925e-01 2.711176387301764690e-01
4.339737599553467606e-01 -4.005517100154953880e-02
4.402632347373083288e-01 2.697375373676480503e-01
4.465527095192698415e-01 -6.511335488366862823e-01
4.528421843012314096e-01 2.341345363084901265e-01
4.591316590831929778e-01 -7.488861262501658178e-01
4.654211338651544905e-01 6.126382634148037631e-01
4.717106086471160586e-01 1.021755431430960925e+00
4.780000834290776268e-01 -2.317004549186751916e-02
4.842895582110391395e-01 -8.140147276535495413e-01
4.905790329930007077e-01 6.590742600515036020e-01
4.968685077749622203e-01 -8.126525111157871795e-01
5.031579825569237885e-01 1.682897674586554260e-01
5.094474573388853011e-01 4.856337752231041360e-01
5.157369321208469248e-01 2.307776301228998683e-01
5.220264069028084375e-01 9.202352346575837228e-01
5.283158816847699502e-01 -5.825218779372121070e-01
5.346053564667315738e-01 8.839177037136152215e-01
5.408948312486930865e-01 4.704067703782848220e-01
5.471843060306545992e-01 4.567260620928774717e-01
5.534737808126162228e-01 -1.108968704672201655e+00
5.597632555945777355e-01 -6.878257179563083135e-01
5.660527303765392482e-01 1.150052438926760789e-01
5.723422051585007608e-01 -7.417843516661444259e-01
5.786316799404623845e-01 -2.414490394458819189e-01
5.849211547224238972e-01 -1.550982336360957614e-01
5.912106295043854098e-01 -4.786812450629993609e-01
5.975001042863470335e-01 1.617744121863327056e-01
6.037895790683085462e-01 -8.180232220551428846e-01
6.100790538502700588e-01 -3.532442112845770588e-01
6.163685286322316825e-01 -9.880370903565827145e-01
6.226580034141931952e-01 -2.026936887096095763e-01
6.289474781961547079e-01 -1.146427341314696369e+00
6.352369529781163315e-01 -9.130621981502944351e-01
6.415264277600778442e-01 3.166453874139230074e-02
6.478159025420393569e-01 -1.244831380463292891e+00
6.541053773240008695e-01 -6.374742409442379909e-02
6.603948521059624932e-01 -9.931334961843225617e-01
6.666843268879240059e-01 4.305629999911475547e-01
6.729738016698855185e-01 -3.928326600298504001e-01
6.792632764518471422e-01 -1.189415014225440936e+00
6.855527512338086549e-01 -4.769550103936803787e-02
6.918422260157701675e-01 -2.835023442431545693e-01
6.981317007977317912e-01 5.401749995528584147e-01
7.044211755796933039e-01 -1.611869251159283589e-01
7.107106503616548165e-01 -9.441291423718076725e-01
7.170001251436164402e-01 3.145288838614248572e-01
7.232895999255779529e-01 -6.267878024845592311e-01
7.295790747075394655e-01 -2.886622262130620342e-01
7.358685494895010892e-01 1.334458775394620211e-02
7.421580242714626019e-01 4.638416017314617168e-01
7.484474990534241146e-01 -2.816313427562437965e-01
7.547369738353857382e-01 3.080772683242061216e-01
7.610264486173472509e-01 6.336290123054750811e-01
7.673159233993087636e-01 -6.644215574279910275e-01
7.736053981812702762e-01 -6.807714371889821425e-01
7.798948729632318999e-01 -5.561973735110559147e-01
7.861843477451934126e-01 1.089194799590165186e-01
7.924738225271549252e-01 -9.996593825918065335e-01
7.987632973091165489e-01 3.715022724237384555e-01
8.050527720910780616e-01 4.257988159720988985e-01
8.113422468730395742e-01 8.793095465602001060e-01
8.176317216550011979e-01 5.648807817828414013e-01
8.239211964369627106e-01 -7.495458293951349216e-01
8.302106712189242232e-01 -9.746200271779401625e-01
8.365001460008858469e-01 -8.743784121811510879e-01
8.427896207828473596e-01 -7.139219486623410438e-01
8.490790955648088723e-01 3.753097823199111893e-01
8.553685703467703849e-01 -4.448544831701892743e-01
8.616580451287320086e-01 8.168443670954181890e-01
8.679475199106935213e-01 -3.955692382568043453e-01
8.742369946926550339e-01 -5.810753379019915066e-01
8.805264694746166576e-01 -3.128345924105397913e-01
8.868159442565781703e-01 6.163135979378808749e-01
8.931054190385396829e-01 1.294586064926465330e+00
8.993948938205013066e-01 1.279883076470775816e+00
9.056843686024628193e-01 5.475184064235949499e-02
9.119738433844243319e-01 -2.382706016744788879e-01
9.182633181663859556e-01 -3.546334041123258007e-01
9.245527929483474683e-01 7.482884535651681546e-01
9.308422677303089809e-01 9.343433726539563944e-01
9.371317425122706046e-01 4.682910482073409653e-01
9.434212172942321173e-01 3.015784958638294544e-01
9.497106920761936300e-01 1.235342115929265461e+00
9.560001668581552536e-01 8.217918769264547230e-01
9.622896416401167663e-01 3.589064984823475690e-01
9.685791164220782790e-01 -5.583561958582919371e-02
9.748685912040397916e-01 1.614284507997759466e+00
9.811580659860014153e-01 1.460739715571766739e+00
9.874475407679629280e-01 1.824210298762951821e+00
9.937370155499244406e-01 9.624351445567795871e-01
1.000026490331886064e+00 1.460769074294917758e+00
1.006315965113847577e+00 1.352560865855980454e+00
1.012605439895809090e+00 2.744210816316977053e-01
1.018894914677770602e+00 1.112529547513600781e+00
1.025184389459732115e+00 1.968100639725438361e+00
1.031473864241693850e+00 2.048930888061259115e+00
1.037763339023655362e+00 7.475053378169048690e-01
1.044052813805616875e+00 1.348788076999873020e+00
1.050342288587578388e+00 1.567805109836044375e+00
1.056631763369539900e+00 1.820927101379531177e+00
1.062921238151501413e+00 5.095224221895842120e-01
1.069210712933463148e+00 5.907170140561037730e-01
1.075500187715424660e+00 1.570121393270653920e+00
1.081789662497386173e+00 1.437356945480158466e+00
1.088079137279347686e+00 1.587969289023015262e+00
1.094368612061309198e+00 2.527825286245950931e+00
1.100658086843270711e+00 1.681938292908312427e+00
1.106947561625232446e+00 2.395787482248191047e+00
1.113237036407193958e+00 1.894797016190005845e+00
1.119526511189155471e+00 8.334197628028435778e-01
1.125815985971116984e+00 9.595408814843067180e-01
1.132105460753078496e+00 2.027822699651556260e+00
1.138394935535040009e+00 1.310647962903185526e+00
1.144684410317001522e+00 1.071008828733781115e+00
1.150973885098963256e+00 2.117860854144923088e+00
1.157263359880924769e+00 2.205817520766267137e+00
1.163552834662886282e+00 2.648860441408191768e+00
1.169842309444847794e+00 1.696119567587506705e+00
1.176131784226809307e+00 2.397044984489663744e+00
1.182421259008770820e+00 1.880058264767141551e+00
1.188710733790732554e+00 1.609473476368245670e+00
1.195000208572694067e+00 2.482596523568120883e+00
1.201289683354655580e+00 1.195737453167055708e+00
1.207579158136617092e+00 1.386082281351571188e+00
1.213868632918578605e+00 2.019262350205819789e+00
1.220158107700540118e+00 1.673565712150447915e+00
1.226447582482501630e+00 2.275665718693790751e+00
1.232737057264463365e+00 1.513405418211805076e+00
1.239026532046424878e+00 1.439420065646487945e+00
1.245316006828386390e+00 1.340989321451404592e+00
1.251605481610347903e+00 1.462309920655779694e+00
1.257894956392309416e+00 3.015554550384295762e+00
1.264184431174270928e+00 3.137244351787670027e+00
1.270473905956232663e+00 1.374081285144825637e+00
1.276763380738194176e+00 1.486162248852895607e+00
1.283052855520155688e+00 1.248024714822152825e+00
1.289342330302117201e+00 1.635272785220459602e+00
1.295631805084078714e+00 1.438099041946133028e+00
1.301921279866040226e+00 2.624479003578338521e+00
1.308210754648001739e+00 2.159103100745594972e+00
1.314500229429963474e+00 1.864191116733709297e+00
1.320789704211924986e+00 1.509007749997932413e+00
1.327079178993886499e+00 2.335931402775517363e+00
1.333368653775848012e+00 1.561388446372818484e+00
1.339658128557809524e+00 2.845833977641405887e+00
1.345947603339771037e+00 1.859239126603124292e+00
1.352237078121732772e+00 1.407347274827907224e+00
1.358526552903694284e+00 2.185095617540016022e+00
1.364816027685655797e+00 1.474637016919870369e+00
1.371105502467617310e+00 2.988443038182873046e+00
1.377394977249578822e+00 2.516978775468649676e+00
1.383684452031540335e+00 1.964845158889653387e+00
1.389973926813502070e+00 2.716984569924627557e+00
1.396263401595463582e+00 2.169229708427948822e+00
1.402552876377425095e+00 2.758609126158988900e+00
1.408842351159386608e+00 1.994670186145595991e+00
1.415131825941348120e+00 2.693726788809316375e+00
1.421421300723309633e+00 1.891637432292327725e+00
1.427710775505271146e+00 2.086406334907456195e+00
1.434000250287232880e+00 1.393931567866798948e+00
1.440289725069194393e+00 2.581798527858381931e+00
1.446579199851155906e+00 1.081743552870882086e+00
1.452868674633117418e+00 9.857043700173988565e-01
1.459158149415078931e+00 2.113855914125353674e+00
1.465447624197040444e+00 2.033891379436811864e+00
1.471737098979002178e+00 7.771719689476856985e-01
1.478026573760963691e+00 4.947798041768859401e-01
1.484316048542925204e+00 2.236613231767943688e+00
1.490605523324886716e+00 1.969643394623305177e+00
1.496894998106848229e+00 1.181983685547218110e+00
1.503184472888809742e+00 6.867930089514193703e-01
1.509473947670771476e+00 2.026374715326086040e+00
1.515763422452732989e+00 9.566974997239893197e-01
1.522052897234694502e+00 2.092735831759640508e+00
1.528342372016656014e+00 2.018156194321329533e+00
1.534631846798617527e+00 1.985152082080828606e+00
1.540921321580579040e+00 7.565856974520828171e-01
1.547210796362540552e+00 9.355399529115216994e-01
1.553500271144502287e+00 1.870314908945049037e+00
1.559789745926463800e+00 8.404180638180761553e-01
1.566079220708425312e+00 1.077898315374024918e+00
1.572368695490386825e+00 1.572186704615550878e+00
1.578658170272348338e+00 -2.035925752599021532e-02
1.584947645054309850e+00 8.117556234564958784e-01
1.591237119836271585e+00 9.714416978348705545e-01
1.597526594618233098e+00 1.719053414442614502e-01
1.603816069400194610e+00 1.141811899531942398e+00
1.610105544182156123e+00 6.732797258401614915e-01
1.616395018964117636e+00 8.475034175831315242e-01
1.622684493746079148e+00 -4.489021672548085817e-01
1.628973968528040661e+00 8.112644934563856269e-01
1.635263443310002396e+00 -3.127152332669023149e-01
1.641552918091963909e+00 1.067406526794743904e+00
1.647842392873925421e+00 3.783943035616450512e-01
1.654131867655886934e+00 -5.031602072340948251e-01
1.660421342437848446e+00 2.250479944322072434e-01
1.666710817219809959e+00 4.567387542820844359e-02
1.673000292001771694e+00 4.928593183222695906e-01
1.679289766783733207e+00 3.385461380513172802e-01
1.685579241565694719e+00 7.184993877488610181e-03
1.691868716347656232e+00 2.565141219464188715e-01
1.698158191129617745e+00 5.352706903793136295e-01
1.704447665911579257e+00 -5.357589655701944231e-02
1.710737140693540770e+00 -1.708341481980009124e-01
1.717026615475502505e+00 1.883661405281518153e-01
1.723316090257464017e+00 4.605733178493640612e-01
1.729605565039425530e+00 -1.401914808939452195e+00
1.735895039821387043e+00 4.380244667113131207e-01
1.742184514603348555e+00 -8.306740727067716268e-01
1.748473989385310068e+00 3.346000848284540474e-01
1.754763464167271803e+00 -2.211128438316916078e-01
1.761052938949233315e+00 9.386920770186146790e-02
1.767342413731194828e+00 -5.815760802452403233e-01
1.773631888513156341e+00 -3.647602026880629733e-01
1.779921363295117853e+00 -8.183285712329453343e-01
1.786210838077079366e+00 -7.535089181006722203e-01
1.792500312859041101e+00 -2.056841087942007373e-01
1.798789787641002613e+00 4.217244289610388996e-02
1.805079262422964126e+00 -6.190141951631449313e-01
1.811368737204925639e+00 -9.067974949345951607e-01
1.817658211986887151e+00 -1.528681993033082831e+00
1.823947686768848664e+00 -2.931089529160797458e-01
1.830237161550810177e+00 -7.593042427533922556e-01
1.836526636332771911e+00 -9.813431793431919292e-01
1.842816111114733424e+00 -1.344131157364135909e+00
1.849105585896694937e+00 -1.009096669262026236e+00
1.855395060678656449e+00 -1.318238494377719450e+00
1.861684535460617962e+00 -1.886733115459528820e+00
1.867974010242579475e+00 -7.018676916386579201e-01
1.874263485024541209e+00 -2.044326905658078175e-01
1.880552959806502722e+00 -1.524757633201094142e+00
1.886842434588464235e+00 -1.833180122089231867e+00
1.893131909370425747e+00 -5.516904485434948047e-01
1.899421384152387260e+00 -1.104845853479887285e+00
1.905710858934348773e+00 -4.334032046378739622e-01
1.912000333716310507e+00 -6.435503843213712383e-01
1.918289808498272020e+00 -1.010415469077736716e-01
1.924579283280233533e+00 -1.023215168621255833e+00
1.930868758062195045e+00 -1.986457913958748600e+00
1.937158232844156558e+00 -1.752960537237023608e+00
1.943447707626118071e+00 -1.345102100180337157e+00
1.949737182408079583e+00 -1.603663875001099637e+00
1.956026657190041318e+00 -4.892379585806905240e-03
1.962316131972002831e+00 -7.637232210588198456e-01
1.968605606753964343e+00 -1.612660129731376735e+00
1.974895081535925856e+00 -5.368549298004412496e-01
1.981184556317887369e+00 -1.155894651702124465e+00
1.987474031099848881e+00 -1.237599359989527636e+00
1.993763505881810616e+00 -4.825067864633880710e-01
2.000052980663772129e+00 -1.590890435481882026e-01
2.006342455445733641e+00 -1.733419096583546093e+00
2.012631930227695154e+00 -8.460800783398401137e-01
2.018921405009656667e+00 -4.819920083076645323e-01
2.025210879791618179e+00 -1.427345026434696740e+00
2.031500354573579692e+00 -1.562383100660287072e+00
2.037789829355541205e+00 -1.390426273818894387e+00
2.044079304137502717e+00 1.033621941137683464e-01
2.050368778919464230e+00 -9.962295324675478625e-01
2.056658253701426187e+00 -4.764548865259996546e-01
2.062947728483387699e+00 -1.146560356909250400e+00
2.069237203265349212e+00 -6.514113130611587366e-01
2.075526678047310725e+00 3.887875397539366507e-01
2.081816152829272237e+00 -2.493282532495826320e-01
2.088105627611233750e+00 -7.635884899768907719e-01
2.094395102393195263e+00 -1.040174446100093464e+00
2.100684577175156775e+00 7.469902090357232183e-01
2.106974051957118288e+00 4.025999833470698119e-01
2.113263526739079801e+00 6.167662200488482904e-01
2.119553001521041313e+00 1.438954688021392148e-01
2.125842476303002826e+00 -3.465110651439106126e-01
2.132131951084964339e+00 1.918093376043363829e-01
2.138421425866926295e+00 9.827307098860511569e-01
2.144710900648887808e+00 9.600838780109750559e-01
2.151000375430849321e+00 1.337900869784696356e+00
2.157289850212810833e+00 1.297649130476620671e+00
2.163579324994772346e+00 1.139035561585117318e+00
2.169868799776733859e+00 8.276262384540693517e-01
2.176158274558695371e+00 1.360457514256740552e+00
2.182447749340656884e+00 1.388936236102469746e+00
2.188737224122618397e+00 1.427048594220988731e+00
2.195026698904579909e+00 4.195865652618560593e-02
2.201316173686541422e+00 1.907807177937966281e-01
2.207605648468502935e+00 9.249873214903259200e-01
2.213895123250464891e+00 1.856893496435002344e+00
2.220184598032426404e+00 1.356613750684374065e+00
2.226474072814387917e+00 1.555656235565214374e+00
2.232763547596349429e+00 2.136020245460875877e+00
2.239053022378310942e+00 2.013134494115468520e+00
2.245342497160272455e+00 6.497549229347452382e-01
2.251631971942233967e+00 1.555424307844427645e+00
2.257921446724195480e+00 9.982926206037820993e-01
2.264210921506156993e+00 1.693488230872923994e+00
2.270500396288118505e+00 6.118238061828278340e-01
2.276789871070080018e+00 1.205739424227608492e+00
2.283079345852041531e+00 1.724320673632186551e+00
2.289368820634003043e+00 2.204797584395332688e+00
2.295658295415965000e+00 2.100437702569880383e+00
2.301947770197926513e+00 1.020436406456061817e+00
2.308237244979888025e+00 2.275645916734877705e+00
2.314526719761849538e+00 2.574040173104559237e+00
2.320816194543811051e+00 2.971908297981482594e+00
2.327105669325772563e+00 1.404467907794650694e+00
2.333395144107734076e+00 2.841591180065965005e+00
2.339684618889695589e+00 2.765258204714380330e+00
2.345974093671657101e+00 2.740597899665709214e+00
2.352263568453618614e+00 2.771930242041240611e+00
2.358553043235580127e+00 2.374294034956339061e+00
2.364842518017541639e+00 1.959047507178339309e+00
2.371131992799503152e+00 2.432554736171796517e+00
2.377421467581465109e+00 2.829470278592589594e+00
2.383710942363426621e+00 3.368123748373036186e+00
2.390000417145388134e+00 1.824114394893578295e+00
2.396289891927349647e+00 2.958224168904683538e+00
2.402579366709311159e+00 2.475176313431892261e+00
2.408868841491272672e+00 2.683134683048518987e+00
2.415158316273234185e+00 2.659039825242352606e+00
2.421447791055195697e+00 3.521211755825875755e+00
2.427737265837157210e+00 3.047930169532212741e+00
2.434026740619118723e+00 2.921267274488318577e+00
2.440316215401080235e+00 3.073829758388459510e+00
2.446605690183041748e+00 1.918767655181681464e+00
2.452895164965003261e+00 1.923380086168261727e+00
2.459184639746965217e+00 3.229412877676157478e+00
2.465474114528926730e+00 3.612702963506209120e+00
2.471763589310888243e+00 3.091248472073088394e+00
2.478053064092849755e+00 2.400559611198900711e+00
2.484342538874811268e+00 3.390293902694591299e+00
2.490632013656772781e+00 2.704393785452970267e+00
2.496921488438734293e+00 2.833266851834231659e+00
2.503210963220695806e+00 1.967485829050237056e+00
2.509500438002657319e+00 2.895393650189642454e+00
2.515789912784618831e+00 2.249022736721801863e+00
2.522079387566580344e+00 2.068035311108451069e+00
2.528368862348541857e+00 1.967510297693547017e+00
2.534658337130503369e+00 2.445394096521233074e+00
2.540947811912465326e+00 2.150047918429772942e+00
2.547237286694426839e+00 2.963633206476628867e+00
2.553526761476388351e+00 3.415155057197227340e+00
2.559816236258349864e+00 3.723660583410873137e+00
2.566105711040311377e+00 2.172912728306198638e+00
2.572395185822272889e+00 3.287579696878747182e+00
2.578684660604234402e+00 3.371196668532686402e+00
2.584974135386195915e+00 3.296689007851994369e+00
2.591263610168157427e+00 3.105301245914725339e+00
2.597553084950118940e+00 3.609000628127172483e+00
2.603842559732080453e+00 2.246718829044576982e+00
2.610132034514041965e+00 2.823726710992437994e+00
2.616421509296003478e+00 1.936042112194154452e+00
2.622710984077965435e+00 3.453928505562561035e+00
2.629000458859926947e+00 1.891574095612518880e+00
2.635289933641888460e+00 2.687952989905746826e+00
2.641579408423849973e+00 1.584810038324389714e+00
2.647868883205811485e+00 2.734732911927804100e+00
2.654158357987772998e+00 2.513279589198354813e+00
2.660447832769734511e+00 3.421596479992144335e+00
2.666737307551696023e+00 2.820885304872562838e+00
2.673026782333657536e+00 2.286728272651416205e+00
2.679316257115619049e+00 1.553989273895451939e+00
2.685605731897580561e+00 2.061309797665455523e+00
2.691895206679542074e+00 1.809298978372306577e+00
2.698184681461504031e+00 1.991801088784496576e+00
2.704474156243465544e+00 2.733268147132963399e+00
2.710763631025427056e+00 2.962739622901897185e+00
2.717053105807388569e+00 1.083041354864002104e+00
2.723342580589350082e+00 1.644614039251636184e+00
2.729632055371311594e+00 2.848972003391779584e+00
2.735921530153273107e+00 2.005224812592914851e+00
2.742211004935234619e+00 2.208557210656554748e+00
2.748500479717196132e+00 2.317772911533860558e+00
2.754789954499157645e+00 1.497821117962750304e+00
2.761079429281119157e+00 2.153685284162844216e+00
2.767368904063080670e+00 1.119252163159291769e+00
2.773658378845042183e+00 1.889919742350438803e+00
2.779947853627004140e+00 9.055903807389883431e-01
2.786237328408965652e+00 6.994245137031709358e-01
2.792526803190927165e+00 1.783380668426769233e+00
2.798816277972888678e+00 3.892007826705378704e-01
2.805105752754850190e+00 9.748281059114934921e-01
2.811395227536811703e+00 3.989146941369798305e-01
2.817684702318773216e+00 1.442157403753303813e+00
2.823974177100734728e+00 7.526221614977983698e-01
2.830263651882696241e+00 1.798551002303853785e+00
2.836553126664657754e+00 3.788680071348852207e-01
2.842842601446619266e+00 6.583232109251797581e-01
2.849132076228580779e+00 -1.638881479409736719e-01
2.855421551010542291e+00 1.715612222844601575e+00
2.861711025792504248e+00 7.997684392798570796e-01
2.868000500574465761e+00 -2.131623032777463789e-01
2.874289975356427274e+00 9.523939253353115308e-01
2.880579450138388786e+00 8.948220794292555125e-01
2.886868924920350299e+00 1.025131511890273295e+00
2.893158399702311812e+00 3.291341037945157977e-01
2.899447874484273324e+00 1.863295556636144212e-01
2.905737349266234837e+00 2.360020024587859977e-01
2.912026824048196350e+00 2.072947210806579399e-01
2.918316298830157862e+00 -4.511580305568876348e-01
2.924605773612119375e+00 2.354337019554727517e-01
2.930895248394080888e+00 -1.004878735208505347e-01
2.937184723176042400e+00 7.922162320429138038e-01
2.943474197958004357e+00 -1.047117620895323675e-01
2.949763672739965870e+00 -7.887551099120446718e-01
2.956053147521927382e+00 -1.076816404826910434e+00
2.962342622303888895e+00 3.492627870954336800e-01
2.968632097085850408e+00 7.858028946022759254e-01
2.974921571867811920e+00 3.154336256781995473e-01
2.981211046649773433e+00 -1.863874254491193483e-03
2.987500521431734946e+00 -1.095612051102009321e+00
2.993789996213696458e+00 -1.347242426532675230e+00
3.000079470995657971e+00 -1.360463409077498520e+00
3.006368945777619484e+00 -5.352685366981484449e-01
3.012658420559580996e+00 -1.152366081829390820e+00
3.018947895341542953e+00 -8.732315110029247318e-01
3.025237370123504466e+00 2.173332002163870236e-01
3.031526844905465978e+00 -9.869357754179000075e-01
3.037816319687427491e+00 -1.282827915059479906e+00
3.044105794469389004e+00 -5.579499324698429241e-01
3.050395269251350516e+00 -1.867830976552291578e-01
3.056684744033312029e+00 -2.756365654711203650e-01
3.062974218815273542e+00 8.236307494414596420e-02
3.069263693597235054e+00 -1.031749504260250694e+00
3.075553168379196567e+00 -1.499276411387295838e-01
3.081842643161158080e+00 -7.825563941324404915e-01
3.088132117943119592e+00 -1.451445197331619807e+00
3.094421592725081105e+00 1.475537478562254368e-01
3.100711067507043062e+00 -2.640412297480287940e-02
3.107000542289004574e+00 -6.230578028313606964e-01
3.113290017070966087e+00 -5.851061249492670591e-01
3.119579491852927600e+00 -7.393099982375070933e-01
3.125868966634889112e+00 -1.857954237412793308e-01
3.132158441416850625e+00 -1.506238166562760217e+00
3.138447916198812138e+00 -1.017085179091470337e-01
3.144737390980773650e+00 -8.857172970551527857e-01
3.151026865762735163e+00 -1.557764223697753136e+00
3.157316340544696676e+00 -1.443489831761498143e+00
3.163605815326658188e+00 -9.333470357948243645e-01
3.169895290108619701e+00 -8.723254855923134876e-01
3.176184764890581214e+00 -1.348511820752782642e+00
3.182474239672543170e+00 -6.892391696102762033e-01
3.188763714454504683e+00 2.740126505364752774e-01
3.195053189236466196e+00 -5.599101958857337635e-01
3.201342664018427708e+00 -1.605354124526840343e+00
3.207632138800389221e+00 -4.104979391070955330e-01
3.213921613582350734e+00 -5.537516644274316224e-01
3.220211088364312246e+00 -1.388265236718203344e+00
3.226500563146273759e+00 4.163675051045518938e-01
3.232790037928235272e+00 -8.123176179583524448e-01
3.239079512710196784e+00 -1.271716143972596136e+00
3.245368987492158297e+00 -7.495384819471562210e-01
3.251658462274119810e+00 -1.218344882955056496e+00
3.257947937056081322e+00 5.977687507555504709e-01
3.264237411838043279e+00 -1.617056919162376261e-01
3.270526886620004792e+00 -9.437527815125035247e-02
3.276816361401966304e+00 2.722420765726158987e-01
3.283105836183927817e+00 -1.061312249055220480e+00
3.289395310965889330e+00 5.082550968099239785e-01
3.295684785747850842e+00 -4.845525114354209961e-02
3.301974260529812355e+00 3.180203451269962844e-01
3.308263735311773868e+00 4.929942775610218764e-01
3.314553210093735380e+00 -6.726824553603687473e-01
3.320842684875696893e+00 5.869260121802035712e-01
3.327132159657658406e+00 9.610168918461726717e-01
3.333421634439619918e+00 2.708809132325453728e-01
3.339711109221581431e+00 1.850921745300250221e-01
3.346000584003543388e+00 -1.223256127324634512e-02
3.352290058785504900e+00 7.605499104701296531e-02
3.358579533567466413e+00 4.006935358328349572e-01
3.364869008349427926e+00 -2.603725523190834057e-01
3.371158483131389438e+00 1.213313065043969186e+00
3.377447957913350951e+00 4.596161733322863263e-01
3.383737432695312464e+00 5.562382360500338629e-01
3.390026907477273976e+00 7.173203821617160081e-01
3.396316382259235489e+00 1.453177084664370788e+00
3.402605857041197002e+00 9.954155839746048340e-01
3.408895331823158514e+00 8.885344833286766830e-01
3.415184806605120027e+00 -1.102021700300729323e-01
3.421474281387081540e+00 1.241291061084413450e+00
3.427763756169043496e+00 5.236038758036247742e-01
3.434053230951005009e+00 1.673551767199524587e+00
3.440342705732966522e+00 6.912030666392710021e-01
3.446632180514928034e+00 6.338468715521373698e-01
3.452921655296889547e+00 1.623714449223966572e+00
3.459211130078851060e+00 1.806048299627841081e+00
3.465500604860812572e+00 1.850127533194724894e+00
3.471790079642774085e+00 1.041297940288670842e+00
3.478079554424735598e+00 1.672475950562991587e+00
3.484369029206697110e+00 6.578304580644185329e-01
3.490658503988658623e+00 1.115615607067968806e+00
3.496947978770620136e+00 8.449368219607833463e-01
3.503237453552582092e+00 1.937039031305071601e+00
3.509526928334543605e+00 1.819973162079270734e+00
3.515816403116505118e+00 2.167510567517233699e+00
3.522105877898466630e+00 8.620789675426896448e-01
3.528395352680428143e+00 8.154498653612898273e-01
3.534684827462389656e+00 1.191680409983764122e+00
3.540974302244351168e+00 1.019725921662351098e+00
3.547263777026312681e+00 1.205301445381160352e+00
3.553553251808274194e+00 2.499488221447863534e+00
3.559842726590235706e+00 2.069999489791970682e+00
3.566132201372197219e+00 1.928356890915826849e+00
3.572421676154158732e+00 1.538502571009277231e+00
3.578711150936120244e+00 7.794366240567274229e-01
3.585000625718082201e+00 1.184762727241291724e+00
3.591290100500043714e+00 1.846320290626923155e+00
3.597579575282005226e+00 2.455595404303883900e+00
3.603869050063966739e+00 1.915266622044093925e+00
3.610158524845928252e+00 2.301334118897624403e+00
3.616447999627889764e+00 1.018160824873304948e+00
3.622737474409851277e+00 1.617772679747477182e+00
3.629026949191812790e+00 2.060529331769073380e+00
3.635316423973774302e+00 2.837278741889274425e+00
3.641605898755735815e+00 1.524122547858772325e+00
3.647895373537697328e+00 2.012836790406363097e+00
3.654184848319658840e+00 1.560407949281242601e+00
3.660474323101620353e+00 2.298960467755893244e+00
3.666763797883582310e+00 2.723507772244684766e+00
3.673053272665543822e+00 2.693996308772229398e+00
3.679342747447505335e+00 1.906350824722072845e+00
3.685632222229466848e+00 2.955357029240412992e+00
3.691921697011428360e+00 2.908272609218700566e+00
3.698211171793389873e+00 2.042595052107135434e+00
3.704500646575351386e+00 3.126447421845819807e+00
3.710790121357312898e+00 2.032275053976480006e+00
3.717079596139274411e+00 1.742872719501123768e+00
3.723369070921235924e+00 1.329688942407570407e+00
3.729658545703197436e+00 2.195042785024313048e+00
3.735948020485158949e+00 2.470789953492584345e+00
3.742237495267120462e+00 1.570510191460513960e+00
3.748526970049082419e+00 1.371368921918742823e+00
3.754816444831043931e+00 1.324934346221759540e+00
3.761105919613005444e+00 1.190770101252231816e+00
3.767395394394966956e+00 2.943660977323768968e+00
3.773684869176928469e+00 2.240449298624969554e+00
3.779974343958889982e+00 2.209695149672566750e+00
3.786263818740851494e+00 1.938349282527815687e+00
3.792553293522813007e+00 2.903407203233785872e+00
3.798842768304774520e+00 2.322512936295814345e+00
3.805132243086736032e+00 2.905879363875600419e+00
3.811421717868697545e+00 2.077282026751092303e+00
3.817711192650659058e+00 2.276992758238951087e+00
3.824000667432621015e+00 2.266222729431001781e+00
3.830290142214582527e+00 2.608457417036285086e+00
3.836579616996544040e+00 1.809885078232801314e+00
3.842869091778505553e+00 1.764692391298510854e+00
3.849158566560467065e+00 1.090233030211678056e+00
3.855448041342428578e+00 2.677966184236123759e+00
3.861737516124390091e+00 1.262106485128424493e+00
3.868026990906351603e+00 1.765070195947251230e+00
3.874316465688313116e+00 2.810552118688391054e+00
3.880605940470274628e+00 9.869728312555295924e-01
3.886895415252236141e+00 1.011897664336577574e+00
3.893184890034197654e+00 8.437927220006095075e-01
3.899474364816159166e+00 7.765171473900075449e-01
3.905763839598121123e+00 1.380334160334892868e+00
3.912053314380082636e+00 1.179420953601372890e+00
3.918342789162044149e+00 8.408598432362136554e-01
3.924632263944005661e+00 2.509134905179869257e+00
3.930921738725967174e+00 7.294847651459422933e-01
3.937211213507928687e+00 1.217758125814720982e+00
3.943500688289890199e+00 2.159066741481436402e+00
3.949790163071851712e+00 2.492144991872694337e+00
3.956079637853813225e+00 2.317687120415350410e+00
3.962369112635774737e+00 1.807507467209671370e+00
3.968658587417736250e+00 1.402529687972235983e+00
3.974948062199697763e+00 9.073018490005636538e-01
3.981237536981659275e+00 1.415418148051169611e+00
3.987527011763621232e+00 2.202931034008277500e+00
3.993816486545582745e+00 1.943267491156991156e+00
4.000105961327544257e+00 2.164763105558511036e+00
4.006395436109505326e+00 5.013156358687445024e-01
4.012684910891467283e+00 1.539779577711303027e+00
4.018974385673428351e+00 1.035465070029160772e+00
4.025263860455390308e+00 7.162191352686131385e-01
4.031553335237352265e+00 2.851235332257494037e-01
4.037842810019313333e+00 1.682418499706386794e-01
4.044132284801275290e+00 6.843483020442164833e-01
4.050421759583236359e+00 1.517126820945806198e+00
4.056711234365198315e+00 1.521758210875764350e+00
4.063000709147159384e+00 1.275252097325627387e+00
4.069290183929121341e+00 7.574880605412920298e-02
4.075579658711082409e+00 7.015231647389365000e-01
4.081869133493044366e+00 4.169834822083884340e-02
4.088158608275005435e+00 5.139864850656468143e-01
4.094448083056967391e+00 1.330825439197465876e+00
4.100737557838928460e+00 1.032121298213301230e+00
4.107027032620890417e+00 3.578280469925129714e-01
4.113316507402852373e+00 1.599533023780945973e+00
4.119605982184813442e+00 1.490876830886084026e+00
4.125895456966775399e+00 -4.711392423149329822e-02
4.132184931748736467e+00 6.853564454491898328e-01
4.138474406530698424e+00 -2.219102276030032739e-02
4.144763881312659493e+00 1.155234103073956131e+00
4.151053356094621449e+00 1.605537874278949229e+00
4.157342830876582518e+00 8.226237614129816578e-01
4.163632305658544475e+00 5.349731922084954849e-01
4.169921780440505543e+00 5.764637920879887023e-01
4.176211255222467500e+00 1.256816903998642099e+00
4.182500730004428569e+00 1.513252186317756820e+00
4.188790204786390525e+00 9.842772342817125431e-01
4.195079679568352482e+00 8.134297676878816663e-01
4.201369154350313551e+00 8.072165035809653055e-03
4.207658629132275507e+00 4.315575901010979543e-01
4.213948103914236576e+00 6.332705907996118988e-01
4.220237578696198533e+00 9.016027984120629224e-01
4.226527053478159601e+00 -3.860930176341321740e-01
4.232816528260121558e+00 9.587498222801283942e-01
4.239106003042082627e+00 8.177535648408640334e-02
4.245395477824044583e+00 1.562550471099732885e-01
4.251684952606005652e+00 1.243040749793999256e+00
4.257974427387967609e+00 4.954058172275990213e-01
4.264263902169928677e+00 1.317662762968736523e+00
4.270553376951890634e+00 4.240105848975452840e-01
4.276842851733852591e+00 7.916144064551983162e-01
4.283132326515813659e+00 6.269246504306829060e-01
4.289421801297775616e+00 7.065875455999439669e-01
4.295711276079736685e+00 8.347686346901630472e-01
4.302000750861698641e+00 -1.018570741667574886e-01
4.308290225643659710e+00 6.424456016872694963e-01
4.314579700425621667e+00 -6.760879503265415646e-02
4.320869175207582735e+00 6.726534567207093085e-01
4.327158649989544692e+00 -5.400865453990310039e-01
4.333448124771505761e+00 6.224281534169682217e-01
4.339737599553467717e+00 1.117025725056185248e+00
4.346027074335428786e+00 4.113984519021417485e-01
4.352316549117390743e+00 -1.566877679941978130e-01
4.358606023899352699e+00 -5.652130792506367962e-01
4.364895498681313768e+00 4.222566551101633037e-01
4.371184973463275725e+00 -2.898068345205104812e-01
4.377474448245236793e+00 1.431262825507199077e-01
4.383763923027198750e+00 3.581460927524959814e-01
4.390053397809159819e+00 -5.431877082094377363e-01
4.396342872591121775e+00 -3.073706470433794635e-01
4.402632347373082844e+00 -5.835434924066640328e-01
4.408921822155044801e+00 -3.952656447487077340e-01
4.415211296937005869e+00 1.406270684723201825e+00
4.421500771718967826e+00 1.412402620284636257e+00
4.427790246500929783e+00 -2.589621164521747065e-01
4.434079721282890851e+00 2.058990250841984393e-01
4.440369196064852808e+00 -2.857043755313659616e-01
4.446658670846813877e+00 -1.985813869781605234e-02
4.452948145628775833e+00 5.845541292740268347e-01
4.459237620410736902e+00 6.811475183796373845e-01
4.465527095192698859e+00 2.489246350582008382e-03
4.471816569974659927e+00 1.465630321395567037e+00
4.478106044756621884e+00 1.236464211669410007e+00
4.484395519538582953e+00 1.489338706762475928e+00
4.490684994320544909e+00 -4.413105786848740553e-01
4.496974469102505978e+00 1.327472108470811873e+00
4.503263943884467935e+00 1.946073277651505506e-03
4.509553418666429891e+00 1.261066672656438126e+00
4.515842893448390960e+00 -3.774325365510499131e-01
4.522132368230352917e+00 1.354290387064244650e+00
4.528421843012313985e+00 8.831668321936916310e-01
4.534711317794275942e+00 1.605583932637290268e+00
4.541000792576237011e+00 8.952827036583089759e-01
4.547290267358198967e+00 -3.292473734287588716e-01
4.553579742140160036e+00 -2.723979432481887231e-01
4.559869216922121993e+00 7.506931401498599943e-01
4.566158691704083061e+00 1.346545030750458061e+00
4.572448166486045018e+00 1.130919637712321846e+00
4.578737641268006087e+00 -1.391597280754931498e-01
4.585027116049968043e+00 1.620153688356972044e+00
4.591316590831930000e+00 6.024287149298370725e-01
4.597606065613891069e+00 6.074533726412215673e-01
4.603895540395853025e+00 9.414695262507163376e-01
4.610185015177814094e+00 9.140622223039773786e-02
4.616474489959776051e+00 6.336209729027459936e-01
4.622763964741737119e+00 1.981837633810734633e-01
4.629053439523699076e+00 1.044288475456875531e+00
4.635342914305660145e+00 1.335541279943621706e+00
4.641632389087622101e+00 1.357648453762921203e+00
4.647921863869583170e+00 1.026422904470519981e+00
4.654211338651545127e+00 5.470125796561970954e-01
4.660500813433506195e+00 2.425135494608880449e-01
4.666790288215468152e+00 4.133606362462178829e-01
4.673079762997430109e+00 1.726870174421193393e+00
4.679369237779391177e+00 -7.387850646418531175e-03
4.685658712561353134e+00 8.622780447564772910e-01
4.691948187343314203e+00 1.252253575365060101e+00
4.698237662125276159e+00 2.691947225405341149e-01
4.704527136907237228e+00 1.403951569192208648e+00
4.710816611689199185e+00 8.972119189205337575e-01
4.717106086471160253e+00 1.120616955696988937e+00
4.723395561253122210e+00 1.412830302947249095e+00
4.729685036035083279e+00 6.210057569808544731e-01
4.735974510817045235e+00 1.119151122294395062e+00
4.742263985599006304e+00 1.062974364233620461e+00
4.748553460380968261e+00 -1.535115436739772909e-01
4.754842935162930218e+00 1.144768512618663303e+00
4.761132409944891286e+00 1.086638945485022045e+00
4.767421884726853243e+00 3.257347552776213018e-01
4.773711359508814311e+00 2.625157081217764365e-01
4.780000834290776268e+00 6.013925790025977935e-01
4.786290309072737337e+00 -1.117218356738187701e-01
4.792579783854699293e+00 2.546695582317827777e-01
4.798869258636660362e+00 1.318304569423796480e+00
4.805158733418622319e+00 3.803198122056917208e-01
4.811448208200583387e+00 7.603685310537922071e-01
4.817737682982545344e+00 6.498544471552027968e-01
4.824027157764506413e+00 1.568752276863781603e+00
4.830316632546468369e+00 5.402636205138979797e-01
4.836606107328430326e+00 9.839374451368779750e-01
4.842895582110391395e+00 -3.725233865036180481e-01
4.849185056892353352e+00 1.540900801620751714e+00
4.855474531674314420e+00 -1.584499764823071866e-01
4.861764006456276377e+00 9.849888863579934206e-01
4.868053481238237445e+00 1.283861994527124128e+00
4.874342956020199402e+00 9.254121317804461233e-01
4.880632430802160471e+00 3.626159080941546153e-01
4.886921905584122428e+00 1.052145487236204158e+00
4.893211380366083496e+00 1.440745752823185732e+00
4.899500855148045453e+00 1.511315732652832589e-01
4.905790329930006521e+00 2.444312451935567454e-01
4.912079804711968478e+00 3.736843419417514855e-01
4.918369279493930435e+00 8.353901846608922099e-01
4.924658754275891503e+00 7.230729987873549813e-01
4.930948229057853460e+00 5.636242864917699880e-01
4.937237703839814529e+00 9.601404639675634733e-01
4.943527178621776486e+00 -3.028069248889788678e-01
4.949816653403737554e+00 1.390879814848119400e+00
4.956106128185699511e+00 2.044754042698193608e-02
4.962395602967660579e+00 7.039348172799886338e-01
4.968685077749622536e+00 -3.667952230877772335e-01
4.974974552531583605e+00 -1.118900305584755728e-01
4.981264027313545562e+00 9.454910759462595848e-01
4.987553502095506630e+00 3.471068867365895150e-01
4.993842976877468587e+00 3.413668203800754863e-01
5.000132451659430544e+00 -5.387474797305344953e-01
5.006421926441391612e+00 4.650391766726991172e-01
5.012711401223353569e+00 7.792347470251149710e-01
5.019000876005314637e+00 -4.711635624070580342e-01
5.025290350787276594e+00 -5.255776228489652535e-01
5.031579825569237663e+00 -7.266100076664261387e-02
5.037869300351199620e+00 1.165439963706736748e+00
5.044158775133160688e+00 1.188913540926998635e+00
5.050448249915122645e+00 -1.501659531741852405e-01
5.056737724697083713e+00 1.035018978025922909e+00
5.063027199479045670e+00 8.474602776614159616e-01
5.069316674261006739e+00 1.793751694619281079e-01
5.075606149042968696e+00 8.201621207942992875e-01
5.081895623824930652e+00 7.254661859841871063e-02
5.088185098606891721e+00 4.190657556856794974e-01
5.094474573388853678e+00 -2.599908145389451253e-02
5.100764048170814746e+00 1.261615886910227857e-02
5.107053522952776703e+00 2.220604539573818315e-01
5.113342997734737772e+00 9.825965489628791794e-01
5.119632472516699728e+00 2.397403868195113752e-02
5.125921947298660797e+00 1.016721799568115259e+00
5.132211422080622754e+00 -5.714205029340284625e-01
5.138500896862583822e+00 -2.869115398095154479e-01
5.144790371644545779e+00 -3.374743654370072621e-01
5.151079846426506847e+00 1.053432171216186708e+00
5.157369321208468804e+00 9.557336859369689464e-01
5.163658795990430761e+00 4.116324079981696915e-01
5.169948270772391830e+00 6.021235155479222056e-01
5.176237745554353786e+00 1.149354212619901894e+00
5.182527220336314855e+00 8.189115069423784643e-01
5.188816695118276812e+00 -3.411306894834157388e-01
5.195106169900237880e+00 -5.983376211757340801e-02
5.201395644682199837e+00 -1.970685905250388892e-01
5.207685119464160906e+00 -6.989716837339535749e-01
5.213974594246122862e+00 -7.563348401154372791e-01
5.220264069028083931e+00 2.860955917873504450e-01
5.226553543810045888e+00 1.138786587958236840e+00
5.232843018592006956e+00 5.311042886704364641e-01
5.239132493373968913e+00 2.886794041829849888e-01
5.245421968155930870e+00 9.440017498363433290e-01
5.251711442937891938e+00 -4.415326037841849072e-01
5.258000917719853895e+00 7.682686824586875129e-01
5.264290392501814964e+00 -1.521936633217708668e-01
5.270579867283776920e+00 4.452591912907923888e-01
5.276869342065737989e+00 -4.970098465567625023e-01
5.283158816847699946e+00 7.547874940799873533e-01
5.289448291629661014e+00 7.458170248293247706e-01
5.295737766411622971e+00 1.354595447850205581e+00
5.302027241193584040e+00 6.060588554495714986e-01
5.308316715975545996e+00 5.641980561631138036e-01
5.314606190757507953e+00 8.892266970990723163e-01
5.320895665539469022e+00 -4.386501173756632843e-01
5.327185140321430978e+00 6.134036768201562850e-01
5.333474615103392047e+00 2.874412277560056128e-01
5.339764089885354004e+00 -3.820223083105717676e-01
5.346053564667315072e+00 1.502701731736419077e+00
5.352343039449277029e+00 1.069584220728445390e+00
5.358632514231238098e+00 8.976520439878433733e-01
5.364921989013200054e+00 1.671428353218662899e+00
5.371211463795161123e+00 -1.283721720805022226e-01
5.377500938577123080e+00 -9.660942515077486359e-02
5.383790413359084148e+00 1.666079572994485281e+00
5.390079888141046105e+00 1.546712961516256701e+00
5.396369362923008062e+00 1.222422346898944134e+00
5.402658837704969130e+00 6.114527239157323546e-01
5.408948312486931087e+00 1.119128581958382274e+00
5.415237787268892156e+00 3.147114756339042807e-01
5.421527262050854112e+00 1.393390925757993504e-01
5.427816736832815181e+00 9.508468257421274217e-01
5.434106211614777138e+00 2.778925087221865153e-01
5.440395686396738206e+00 1.207485971021268201e+00
5.446685161178700163e+00 1.292191838663351078e+00
5.452974635960661232e+00 4.245406089675607397e-01
5.459264110742623188e+00 1.959470434697022423e+00
5.465553585524584257e+00 2.058910075276848772e+00
5.471843060306546214e+00 5.205669360760660780e-01
5.478132535088508170e+00 1.634338774915523818e+00
5.484422009870469239e+00 3.646527329433666420e-01
5.490711484652431196e+00 2.203304793464972544e+00
5.497000959434392264e+00 2.175945017662844982e+00
5.503290434216354221e+00 1.446095850648388748e+00
5.509579908998315290e+00 2.032792636151055099e+00
5.515869383780277246e+00 1.537601397461100028e+00
5.522158858562238315e+00 2.048193064566499633e+00
5.528448333344200272e+00 1.416089751851666412e+00
5.534737808126161340e+00 1.249929231552975750e+00
5.541027282908123297e+00 1.482477640149560072e+00
5.547316757690084366e+00 2.190895917644300805e+00
5.553606232472046322e+00 2.481847189877906867e+00
5.559895707254008279e+00 2.007330465976983280e+00
5.566185182035969348e+00 1.095120329871803300e+00
5.572474656817931304e+00 2.432776397941461166e+00
5.578764131599892373e+00 6.490942438492202093e-01
5.585053606381854330e+00 2.374919006628421592e+00
5.591343081163815398e+00 6.620604623753688633e-01
5.597632555945777355e+00 2.528047436071537923e+00
5.603922030727738424e+00 2.417985796707526447e+00
5.610211505509700380e+00 2.273256083663809157e+00
5.616500980291661449e+00 1.532720315579506165e+00
5.622790455073623406e+00 2.655239288313780754e+00
5.629079929855584474e+00 1.769953615460523988e+00
5.635369404637546431e+00 1.889767117646990346e+00
5.641658879419508388e+00 2.539627964785424297e+00
5.647948354201469456e+00 2.406111057135166487e+00
5.654237828983431413e+00 2.524227089021227499e+00
5.660527303765392482e+00 1.450253998333401073e+00
5.666816778547354438e+00 2.370257009648393698e+00
5.673106253329315507e+00 2.524985160434718434e+00
5.679395728111277464e+00 9.261306912795936874e-01
5.685685202893238532e+00 1.294601399858168023e+00
5.691974677675200489e+00 1.973937682566688778e+00
5.698264152457161558e+00 1.311294428726515360e+00
5.704553627239123514e+00 1.286609382884265518e+00
5.710843102021084583e+00 2.413920592404763532e+00
5.717132576803046540e+00 2.161141852237943528e+00
5.723422051585008496e+00 2.091703891349330213e+00
5.729711526366969565e+00 2.537838818146505027e+00
5.736001001148931522e+00 1.822957737513180021e+00
5.742290475930892590e+00 2.413308964271363433e+00
5.748579950712854547e+00 1.535365593898569525e+00
5.754869425494815616e+00 1.970135378699765960e+00
5.761158900276777572e+00 7.428683611667211695e-01
5.767448375058738641e+00 9.273758825083731061e-01
5.773737849840700598e+00 1.679083537280213534e+00
5.780027324622661666e+00 1.737019714135756621e+00
5.786316799404623623e+00 1.153077862097333206e+00
5.792606274186584692e+00 2.061929005771490964e+00
5.798895748968546648e+00 2.282652233466846869e+00
5.805185223750508605e+00 2.276392837210235776e+00
5.811474698532469674e+00 1.749885007083537447e+00
5.817764173314431631e+00 2.095386325077920553e+00
5.824053648096392699e+00 1.883502661547227230e+00
5.830343122878354656e+00 1.818571116163142154e+00
5.836632597660315724e+00 1.160976604029053449e+00
5.842922072442277681e+00 4.688421511185691948e-01
5.849211547224238750e+00 2.055497255643377930e+00
5.855501022006200706e+00 2.172341106825996793e+00
5.861790496788161775e+00 4.303501157898430574e-01
5.868079971570123732e+00 1.624283598050024313e+00
5.874369446352084800e+00 3.050278625146212175e-01
5.880658921134046757e+00 1.454999703124044030e+00
5.886948395916008714e+00 4.308575777660227923e-01
5.893237870697969782e+00 1.673065429457434972e+00
5.899527345479931739e+00 9.236385091701088124e-01
5.905816820261892808e+00 1.721975041424550490e+00
5.912106295043854765e+00 4.911068660995885349e-01
5.918395769825815833e+00 8.735735684846810400e-01
5.924685244607777790e+00 3.756080926651858554e-01
5.930974719389738858e+00 1.504587529163279092e+00
5.937264194171700815e+00 -1.811427772952926007e-01
5.943553668953661884e+00 4.903784641928182753e-01
5.949843143735623840e+00 8.649050012680077337e-01
5.956132618517584909e+00 1.260351669709779632e+00
5.962422093299546866e+00 1.659461060086611650e-01
5.968711568081508823e+00 1.359006712046372911e+00
5.975001042863469891e+00 1.356467793350326634e+00
5.981290517645431848e+00 1.335958816734230892e+00
5.987579992427392916e+00 6.933539594182080990e-03
5.993869467209354873e+00 1.074947584289096980e+00
6.000158941991315942e+00 1.925351728880229096e-01
6.006448416773277899e+00 5.712523835308394027e-01
6.012737891555238967e+00 6.703041455146840910e-01
6.019027366337200924e+00 -2.067500028000883727e-01
6.025316841119161992e+00 3.369230096109094852e-01
6.031606315901123949e+00 3.956049710761238014e-01
6.037895790683085906e+00 1.829601817860491142e-01
6.044185265465046974e+00 -1.393600828079346599e-01
6.050474740247008931e+00 -9.229818925273451935e-01
6.056764215028970000e+00 3.760439691050958544e-01
6.063053689810931957e+00 -1.146712020372333329e+00
6.069343164592893025e+00 -9.683498172517086555e-01
6.075632639374854982e+00 6.531132007924689287e-01
6.081922114156816050e+00 -1.190817616250302136e+00
6.088211588938778007e+00 -3.060445355284779900e-01
6.094501063720739076e+00 -1.051158191659071761e-01
6.100790538502701033e+00 -9.861963175281860394e-01
6.107080013284662101e+00 -1.189461682916986840e+00
6.113369488066624058e+00 1.608221927999973211e-01
6.119658962848586015e+00 -9.488860122908959749e-01
6.125948437630547083e+00 -9.949273726090415160e-01
6.132237912412509040e+00 -7.506919205866300349e-01
6.138527387194470109e+00 -4.096283907411188974e-01
6.144816861976432065e+00 -2.168908984661379602e-01
6.151106336758393134e+00 -5.354257268304645212e-01
6.157395811540355091e+00 -1.206855017830313903e+00
6.163685286322316159e+00 -7.604826331492504643e-01
6.169974761104278116e+00 -1.052577314019697674e+00
6.176264235886239184e+00 -5.715283194024900482e-01
6.182553710668201141e+00 -2.557445750257558714e-01
6.188843185450162210e+00 -1.511718256959638129e+00
6.195132660232124167e+00 -3.217977446006692333e-02
6.201422135014086123e+00 -1.394522895533089502e+00
6.207711609796047192e+00 -2.172145741883448888e-01
6.214001084578009149e+00 -1.294978049312751844e+00
6.220290559359970217e+00 -1.720954076941940469e+00
6.226580034141932174e+00 -8.022808714806293207e-01
6.232869508923893243e+00 -8.673275498865409272e-01
6.239158983705855199e+00 -1.053619286776827035e+00
6.245448458487816268e+00 -2.100241173966517216e-01
6.251737933269778225e+00 -2.973554737212162902e-01
6.258027408051739293e+00 -1.666510417856610138e+00
6.264316882833701250e+00 -2.058505087267836764e+00
6.270606357615662318e+00 -5.883294924859139297e-01
6.276895832397624275e+00 -1.746940685201214150e+00
6.283185307179586232e+00 -1.467378416032484756e+00
