0.000000000000000000e+00 1.221042071731654355e+00
6.289474781961547356e-03 -4.779044872457072768e-01
1.257894956392309471e-02 1.798159789895108496e-01
1.886842434588464207e-02 -1.818032065632801952e-03
2.515789912784618942e-02 -3.944664724094127384e-01
3.144737390980773678e-02 -1.488051437688270306e-02
3.773684869176928414e-02 4.940514447077770654e-01
4.402632347373083149e-02 1.415332636517176779e+00
5.031579825569237885e-02 1.374478205442066114e+00
5.660527303765392620e-02 9.495970932696448097e-01
6.289474781961547356e-02 -1.672362132498748100e-01
6.918422260157702786e-02 9.342919973290413349e-01
7.547369738353856827e-02 1.539571294672261947e+00
8.176317216550010869e-02 1.587574210742833003e+00
8.805264694746166299e-02 4.095088129253582898e-01
9.434212172942321728e-02 1.284233066194832240e+00
1.006315965113847577e-01 -3.387281045807651325e-01
1.069210712933462981e-01 2.963288000602039007e-01
1.132105460753078524e-01 2.927043183565036788e-02
1.195000208572694067e-01 1.196086513896861492e+00
1.257894956392309471e-01 1.179289271172920373e+00
1.320789704211924875e-01 1.539967935343021566e+00
1.383684452031540557e-01 6.548983829170262894e-02
1.446579199851155961e-01 1.517979164764919009e+00
1.509473947670771365e-01 -2.095377107647247716e-01
1.572368695490386770e-01 1.081613182694978192e-01
1.635263443310002174e-01 -3.190715161227849483e-01
1.698158191129617856e-01 1.582761779630180499e+00
1.761052938949233260e-01 -2.273420997925068576e-01
1.823947686768848664e-01 -1.145106905416801713e-01
1.886842434588464346e-01 1.044226775985851230e+00
1.949737182408079750e-01 8.086243062887970012e-01
2.012631930227695154e-01 7.892542036911187608e-01
2.075526678047310558e-01 1.091050762103226379e+00
2.138421425866925962e-01 1.279365810286035465e+00
2.201316173686541644e-01 1.133638327711663285e+00
2.264210921506157048e-01 8.815359057096460171e-01
2.327105669325772452e-01 1.039844257561160390e+00
2.390000417145388134e-01 3.450641072595317382e-01
2.452895164965003538e-01 6.373496385097565664e-02
2.515789912784618942e-01 5.692789861300222576e-01
2.578684660604234624e-01 3.278325732524866587e-01
2.641579408423849751e-01 1.020521590688032720e+00
2.704474156243465433e-01 1.094924399177662266e+00
2.767368904063081114e-01 7.225404826637153999e-01
2.830263651882696241e-01 1.155260033625443938e+00
2.893158399702311923e-01 1.091379421809804073e+00
2.956053147521927049e-01 7.792587451900268025e-02
3.018947895341542731e-01 1.063547168545042609e+00
3.081842643161158413e-01 9.178416101164128538e-01
3.144737390980773539e-01 8.479933603568645673e-01
3.207632138800389221e-01 1.386602786483033700e+00
3.270526886620004348e-01 -1.375588735683830333e-01
3.333421634439620029e-01 4.302226567433770077e-01
3.396316382259235711e-01 4.488678599463986618e-01
3.459211130078850838e-01 -2.506885624198917917e-02
3.522105877898466519e-01 9.566473831628741209e-01
3.585000625718082201e-01 2.591095184537194340e-01
3.647895373537697328e-01 6.164032050701235832e-01
3.710790121357313009e-01 -2.541565757346078147e-01
3.773684869176928691e-01 9.596436543557622656e-01
3.836579616996543818e-01 1.252745436885341901e-01
3.899474364816159500e-01 -1.580903853301838247e-01
3.962369112635774626e-01 -4.837023969184939265e-01
4.025263860455390308e-01 5.947409612274222601e-01
4.088158608275005990e-01 8.122953441271451025e-01
4.151053356094621116e-01 -4.674724298243917442e-01
4.213948103914236798e-01 -6.025602484598775455e-01
4.276842851733851925e-01 5.453521895237333217e-01
4.339737599553467606e-01 7.445372267612675454e-01
4.402632347373083288e-01 -3.551475308456535362e-01
4.465527095192698415e-01 -4.359887372942030659e-01
4.528421843012314096e-01 -3.241809921253553384e-01
4.591316590831929778e-01 3.649615091769080610e-01
4.654211338651544905e-01 5.300856301588412478e-01
4.717106086471160586e-01 9.721568711088205417e-01
4.780000834290776268e-01 6.582207877852574995e-01
4.842895582110391395e-01 -4.658315354653751461e-01
4.905790329930007077e-01 -7.549010526920516551e-01
4.968685077749622203e-01 2.472748667309589976e-01
5.031579825569237885e-01 6.014302866390082158e-01
5.094474573388853011e-01 9.284525746007008529e-01
5.157369321208469248e-01 -3.860094529996391799e-01
5.220264069028084375e-01 5.309484270656477101e-01
5.283158816847699502e-01 -9.538215799257006022e-01
5.346053564667315738e-01 6.970378603118465577e-01
5.408948312486930865e-01 -1.201760690781874530e-01
5.471843060306545992e-01 8.297827966013819889e-01
5.534737808126162228e-01 -1.047525822860852829e+00
5.597632555945777355e-01 -1.081570281885464446e-01
5.660527303765392482e-01 -4.980033429290433578e-01
5.723422051585007608e-01 -3.190110312174532226e-04
5.786316799404623845e-01 1.064086083498234636e-01
5.849211547224238972e-01 2.871478207611244393e-01
5.912106295043854098e-01 -4.824213293857235740e-01
5.975001042863470335e-01 -5.860563746510245586e-01
6.037895790683085462e-01 4.199525007999937998e-01
6.100790538502700588e-01 -4.233274936927637899e-01
6.163685286322316825e-01 7.319297005687859237e-01
6.226580034141931952e-01 -5.405986532512683240e-01
6.289474781961547079e-01 -5.753041250312511679e-01
6.352369529781163315e-01 -1.107788086813343620e+00
6.415264277600778442e-01 -2.124680711789728171e-02
6.478159025420393569e-01 4.594493063901636809e-01
6.541053773240008695e-01 -4.553909250992502766e-01
6.603948521059624932e-01 4.486436741399493222e-01
6.666843268879240059e-01 -1.004590490669666103e+00
6.729738016698855185e-01 -3.550272527180453608e-02
6.792632764518471422e-01 -6.416563705121052230e-01
6.855527512338086549e-01 -2.238625605088937487e-01
6.918422260157701675e-01 -6.038508714213564055e-02
6.981317007977317912e-01 -3.234257863348768414e-01
7.044211755796933039e-01 -1.204854835331328200e-01
7.107106503616548165e-01 -9.354510907511714990e-03
7.170001251436164402e-01 -8.355057092040873989e-02
7.232895999255779529e-01 -1.190718376449595883e+00
7.295790747075394655e-01 -8.046917440241829755e-01
7.358685494895010892e-01 1.246144419737249542e-02
7.421580242714626019e-01 -3.703128469454108895e-01
7.484474990534241146e-01 1.758040800491502686e-01
7.547369738353857382e-01 6.545229984285103608e-01
7.610264486173472509e-01 4.385747539986750709e-01
7.673159233993087636e-01 -1.414404275369176567e-01
7.736053981812702762e-01 1.142669981320478811e-01
7.798948729632318999e-01 6.641685725950914332e-01
7.861843477451934126e-01 -4.320792271124800354e-01
7.924738225271549252e-01 -4.151664848854550449e-01
7.987632973091165489e-01 -4.030584547564011189e-01
8.050527720910780616e-01 7.883220366108811827e-01
8.113422468730395742e-01 1.270878342919292692e-01
8.176317216550011979e-01 2.305177967752003454e-02
8.239211964369627106e-01 3.242721698667461183e-01
8.302106712189242232e-01 1.909597293313116673e-01
8.365001460008858469e-01 -7.813651224692608199e-01
8.427896207828473596e-01 -7.765059531550847494e-01
8.490790955648088723e-01 -4.659365083762680992e-01
8.553685703467703849e-01 -3.961602905097882932e-01
8.616580451287320086e-01 9.438185335243405305e-01
8.679475199106935213e-01 4.694044209983907479e-01
8.742369946926550339e-01 1.120790216054080357e+00
8.805264694746166576e-01 -5.942269839057239267e-01
8.868159442565781703e-01 -5.642380370738524498e-01
8.931054190385396829e-01 1.292347155542573622e+00
8.993948938205013066e-01 2.625684277861506377e-02
9.056843686024628193e-01 3.172864596102544787e-01
9.119738433844243319e-01 -3.694735790722041280e-01
9.182633181663859556e-01 3.664988136397704377e-01
9.245527929483474683e-01 5.593415433690311911e-01
9.308422677303089809e-01 1.382361531291262491e+00
9.371317425122706046e-01 -2.461616930977815199e-01
9.434212172942321173e-01 2.192375597392841602e-01
9.497106920761936300e-01 1.518770994781447614e+00
9.560001668581552536e-01 6.825433923981198969e-01
9.622896416401167663e-01 9.557869476758318328e-02
9.685791164220782790e-01 5.899091435294112618e-01
9.748685912040397916e-01 4.336460026411356194e-01
9.811580659860014153e-01 -7.074429175485777432e-02
9.874475407679629280e-01 7.921289942596538847e-01
9.937370155499244406e-01 5.622305391626543081e-01
1.000026490331886064e+00 1.218226179547424071e+00
1.006315965113847577e+00 1.331848171455982444e+00
1.012605439895809090e+00 1.104889990607976991e+00
1.018894914677770602e+00 1.051488473703268145e-01
1.025184389459732115e+00 5.362775232126257841e-01
1.031473864241693850e+00 1.731219108518872618e+00
1.037763339023655362e+00 6.956522203729721410e-01
1.044052813805616875e+00 4.558297035223122795e-01
1.050342288587578388e+00 3.354712219389908157e-01
1.056631763369539900e+00 4.269399516118600468e-01
1.062921238151501413e+00 1.124561514625391334e+00
1.069210712933463148e+00 9.735083470794576588e-01
1.075500187715424660e+00 8.813093902294513171e-01
1.081789662497386173e+00 1.794781327127111803e+00
1.088079137279347686e+00 1.915197867356256189e+00
1.094368612061309198e+00 2.175407009522578594e+00
1.100658086843270711e+00 2.469009860279922197e+00
1.106947561625232446e+00 8.541614146380145378e-01
1.113237036407193958e+00 2.572816496277192666e+00
1.119526511189155471e+00 1.145489996396094945e+00
1.125815985971116984e+00 1.237658795271998846e+00
1.132105460753078496e+00 2.718537025544962127e+00
1.138394935535040009e+00 8.324015604949748237e-01
1.144684410317001522e+00 1.655412359577592918e+00
1.150973885098963256e+00 2.508216095261397438e+00
1.157263359880924769e+00 1.417419812614617580e+00
1.163552834662886282e+00 9.609526172220601570e-01
1.169842309444847794e+00 2.002600347253096658e+00
1.176131784226809307e+00 2.325472338005363682e+00
1.182421259008770820e+00 2.215200444142860547e+00
1.188710733790732554e+00 2.810374127487452078e+00
1.195000208572694067e+00 1.253145090956299335e+00
1.201289683354655580e+00 2.477754410404952701e+00
1.207579158136617092e+00 1.891934085915167874e+00
1.213868632918578605e+00 1.948307269784494755e+00
1.220158107700540118e+00 3.030007341299189250e+00
1.226447582482501630e+00 2.796975126448570492e+00
1.232737057264463365e+00 2.841350387423681401e+00
1.239026532046424878e+00 2.341320432181460909e+00
1.245316006828386390e+00 2.943451826025893503e+00
1.251605481610347903e+00 1.756467653220684433e+00
1.257894956392309416e+00 2.153688595832381480e+00
1.264184431174270928e+00 2.922260171476319890e+00
1.270473905956232663e+00 1.889410519406227618e+00
1.276763380738194176e+00 1.283530424243762180e+00
1.283052855520155688e+00 2.211596975247994479e+00
1.289342330302117201e+00 1.660351290974353633e+00
1.295631805084078714e+00 2.632721971840605413e+00
1.301921279866040226e+00 2.855515480482246904e+00
1.308210754648001739e+00 1.456565703064608863e+00
1.314500229429963474e+00 2.927637318147255474e+00
1.320789704211924986e+00 2.433481444812269245e+00
1.327079178993886499e+00 1.382979830612848682e+00
1.333368653775848012e+00 2.563494750621859275e+00
1.339658128557809524e+00 1.892407648849178781e+00
1.345947603339771037e+00 1.583059606186541401e+00
1.352237078121732772e+00 1.469892162691985638e+00
1.358526552903694284e+00 3.000129964361456736e+00
1.364816027685655797e+00 2.025916497128656069e+00
1.371105502467617310e+00 2.109212270724471594e+00
1.377394977249578822e+00 2.080188156442603464e+00
1.383684452031540335e+00 1.095830199755155610e+00
1.389973926813502070e+00 1.135339614773640537e+00
1.396263401595463582e+00 9.602710725585343887e-01
1.402552876377425095e+00 2.229185312374073913e+00
1.408842351159386608e+00 2.314699836521668885e+00
1.415131825941348120e+00 9.521490794211764364e-01
1.421421300723309633e+00 1.864975172001132719e+00
1.427710775505271146e+00 2.189087063594871818e+00
1.434000250287232880e+00 1.940633204347297136e+00
1.440289725069194393e+00 2.444969414445386846e+00
1.446579199851155906e+00 2.528315703867599407e+00
1.452868674633117418e+00 1.553825540231058344e+00
1.459158149415078931e+00 1.182251826398818206e+00
1.465447624197040444e+00 6.310181598681577908e-01
1.471737098979002178e+00 6.608024284629470113e-01
1.478026573760963691e+00 1.518614872834654683e+00
1.484316048542925204e+00 2.179124676726061249e+00
1.490605523324886716e+00 2.220311989192549351e+00
1.496894998106848229e+00 4.022614621964253345e-01
1.503184472888809742e+00 2.106109155904183794e+00
1.509473947670771476e+00 5.520598309581035146e-01
1.515763422452732989e+00 7.800411564249193352e-01
1.522052897234694502e+00 1.859836075519511800e+00
1.528342372016656014e+00 4.371565514647789974e-01
1.534631846798617527e+00 4.549661413065110294e-01
1.540921321580579040e+00 2.635763827504793988e-01
1.547210796362540552e+00 1.782155135683274105e+00
1.553500271144502287e+00 7.275713405707757708e-01
1.559789745926463800e+00 1.239891361293281591e+00
1.566079220708425312e+00 1.673564071085184901e+00
1.572368695490386825e+00 1.593265975834941894e+00
1.578658170272348338e+00 1.761506372677658083e-01
1.584947645054309850e+00 -1.764555579463872315e-01
1.591237119836271585e+00 1.635609787430246098e-01
1.597526594618233098e+00 7.637512188207886688e-01
1.603816069400194610e+00 -1.685494576107977593e-01
1.610105544182156123e+00 -2.664603723280232206e-01
1.616395018964117636e+00 -3.626246985681877977e-01
1.622684493746079148e+00 -4.704999982058697405e-01
1.628973968528040661e+00 -3.547547859366669831e-01
1.635263443310002396e+00 4.379602920031391289e-01
1.641552918091963909e+00 -1.510900754195841911e-01
1.647842392873925421e+00 -3.623955116738784010e-01
1.654131867655886934e+00 9.407862970205993491e-02
1.660421342437848446e+00 -6.263174271489719835e-01
1.666710817219809959e+00 -6.917150145785464499e-01
1.673000292001771694e+00 -9.161140490035690753e-01
1.679289766783733207e+00 -2.381086437226345165e-01
1.685579241565694719e+00 -1.159609301665994741e+00
1.691868716347656232e+00 -1.182525165032425551e+00
1.698158191129617745e+00 4.340577156731211250e-01
1.704447665911579257e+00 -1.207000782903271618e+00
1.710737140693540770e+00 -1.218576965682795832e+00
1.717026615475502505e+00 -1.142315660299175750e-01
1.723316090257464017e+00 4.405587301452322802e-01
1.729605565039425530e+00 4.216945294108385145e-01
1.735895039821387043e+00 -1.458716523839791668e+00
1.742184514603348555e+00 -1.410994269666447698e+00
1.748473989385310068e+00 -4.131215842522890647e-01
1.754763464167271803e+00 4.521727070808645443e-02
1.761052938949233315e+00 -2.350092553084504043e-01
1.767342413731194828e+00 -9.185542443493639464e-01
1.773631888513156341e+00 -1.719298794192501090e+00
1.779921363295117853e+00 -7.818337503489427576e-01
1.786210838077079366e+00 -6.784624728069934552e-01
1.792500312859041101e+00 1.874963112444194557e-02
1.798789787641002613e+00 -1.668758142156016477e+00
1.805079262422964126e+00 -1.186661684526040261e+00
1.811368737204925639e+00 -1.143025695075415626e+00
1.817658211986887151e+00 -4.566728453982982217e-03
1.823947686768848664e+00 -4.930634600363568154e-01
1.830237161550810177e+00 -1.498040237465051661e+00
1.836526636332771911e+00 -1.251030790302417151e+00
1.842816111114733424e+00 -5.070440365049986298e-01
1.849105585896694937e+00 -1.124064988422368572e+00
1.855395060678656449e+00 -6.860353194246280317e-01
1.861684535460617962e+00 -1.757244912279718241e+00
1.867974010242579475e+00 -1.252271106753083396e+00
1.874263485024541209e+00 -1.852635183195687762e+00
1.880552959806502722e+00 -2.072973265847329216e+00
1.886842434588464235e+00 -6.588505109276319160e-01
1.893131909370425747e+00 -1.717711014116410251e+00
1.899421384152387260e+00 -1.114908489714443229e+00
1.905710858934348773e+00 -7.866257887414800365e-01
1.912000333716310507e+00 -1.239677369232240478e+00
1.918289808498272020e+00 -3.011737800045850566e-01
1.924579283280233533e+00 -2.482246452659480074e-01
1.930868758062195045e+00 -1.643080204820103418e+00
1.937158232844156558e+00 -1.185982690320360744e+00
1.943447707626118071e+00 -1.828229518979049173e+00
1.949737182408079583e+00 -7.152446083330041837e-01
1.956026657190041318e+00 -1.033060448949170818e+00
1.962316131972002831e+00 -1.803079912645783933e+00
1.968605606753964343e+00 -4.050042165060454558e-01
1.974895081535925856e+00 -8.891310759673012321e-01
1.981184556317887369e+00 -5.552199409093823146e-01
1.987474031099848881e+00 -9.448561151932999280e-02
1.993763505881810616e+00 -7.499729011636839804e-01
2.000052980663772129e+00 6.508351041238569223e-02
2.006342455445733641e+00 -1.484616612379392686e+00
2.012631930227695154e+00 -1.596666926894297012e+00
2.018921405009656667e+00 -5.314003915043619131e-01
2.025210879791618179e+00 -7.794437777927196720e-01
2.031500354573579692e+00 -5.809360785797812454e-01
2.037789829355541205e+00 -5.523457113552177056e-01
2.044079304137502717e+00 -3.048402788238577799e-01
2.050368778919464230e+00 -1.377958043600435722e-02
2.056658253701426187e+00 -7.082106044914788789e-01
2.062947728483387699e+00 4.475516801192336303e-01
2.069237203265349212e+00 -2.010885957719832362e-01
2.075526678047310725e+00 -3.955123762784618080e-01
2.081816152829272237e+00 6.088895563346030659e-01
2.088105627611233750e+00 -9.794463725664035447e-01
2.094395102393195263e+00 -6.395794899795417265e-01
2.100684577175156775e+00 -6.874117114985105470e-01
2.106974051957118288e+00 4.083063566677361811e-01
2.113263526739079801e+00 -1.847095208908630104e-01
2.119553001521041313e+00 1.070723040857568531e+00
2.125842476303002826e+00 4.496410444840187592e-01
2.132131951084964339e+00 -5.763529934595383875e-01
2.138421425866926295e+00 4.502046896052971370e-01
2.144710900648887808e+00 -4.646335591400698739e-01
2.151000375430849321e+00 -5.838511935217052251e-01
2.157289850212810833e+00 1.201225169092497547e+00
2.163579324994772346e+00 1.190373479580851157e+00
2.169868799776733859e+00 3.458434709138067387e-01
2.176158274558695371e+00 -3.012137207034908393e-01
2.182447749340656884e+00 1.666303684310490141e+00
2.188737224122618397e+00 1.554804400453563273e+00
2.195026698904579909e+00 8.707905548590693101e-01
2.201316173686541422e+00 1.842964035938186029e+00
2.207605648468502935e+00 2.943374796049094133e-01
2.213895123250464891e+00 1.051792483790718435e+00
2.220184598032426404e+00 7.606893461080667107e-01
2.226474072814387917e+00 2.145596632630349720e+00
2.232763547596349429e+00 8.160867832280834788e-01
2.239053022378310942e+00 4.053632100432578156e-01
2.245342497160272455e+00 7.007365429991618822e-01
2.251631971942233967e+00 1.189524193863662926e+00
2.257921446724195480e+00 1.790765771388560301e+00
2.264210921506156993e+00 1.115173534567543756e+00
2.270500396288118505e+00 1.806169098762266279e+00
2.276789871070080018e+00 2.231378734993215929e+00
2.283079345852041531e+00 1.403899471952169575e+00
2.289368820634003043e+00 2.673123925342253404e+00
2.295658295415965000e+00 1.524600338615831996e+00
2.301947770197926513e+00 2.099438340473802622e+00
2.308237244979888025e+00 1.592431807081556405e+00
2.314526719761849538e+00 2.776746807234574010e+00
2.320816194543811051e+00 1.987457808524938807e+00
2.327105669325772563e+00 1.844376307298416284e+00
2.333395144107734076e+00 2.196733681696604545e+00
2.339684618889695589e+00 3.152956646323534784e+00
2.345974093671657101e+00 2.419407858309861048e+00
2.352263568453618614e+00 2.122494854883198112e+00
2.358553043235580127e+00 2.484699605504647302e+00
2.364842518017541639e+00 2.220079748579991019e+00
2.371131992799503152e+00 1.655068327277919638e+00
2.377421467581465109e+00 1.815784431205490046e+00
2.383710942363426621e+00 2.913918191196624541e+00
2.390000417145388134e+00 2.495315090366782229e+00
2.396289891927349647e+00 3.308198762177529062e+00
2.402579366709311159e+00 2.400174387587691083e+00
2.408868841491272672e+00 2.190109974782599167e+00
2.415158316273234185e+00 2.324683695677754791e+00
2.421447791055195697e+00 2.338195570334802298e+00
2.427737265837157210e+00 2.379956852644391496e+00
2.434026740619118723e+00 2.764568920862764401e+00
2.440316215401080235e+00 3.162167936544286295e+00
2.446605690183041748e+00 3.598707603406359645e+00
2.452895164965003261e+00 1.874850368783376409e+00
2.459184639746965217e+00 3.591524457316615848e+00
2.465474114528926730e+00 3.858034957193432035e+00
2.471763589310888243e+00 2.260589015176964534e+00
2.478053064092849755e+00 2.204419642902465171e+00
2.484342538874811268e+00 2.228063758914186288e+00
2.490632013656772781e+00 3.262578581713009740e+00
2.496921488438734293e+00 2.264748351091120160e+00
2.503210963220695806e+00 3.523783972371415274e+00
2.509500438002657319e+00 3.425247068233274739e+00
2.515789912784618831e+00 3.483124417667239570e+00
2.522079387566580344e+00 3.519974696085566457e+00
2.528368862348541857e+00 2.862750575043330414e+00
2.534658337130503369e+00 2.744477145677777230e+00
2.540947811912465326e+00 2.793410198992128279e+00
2.547237286694426839e+00 2.543811883572332899e+00
2.553526761476388351e+00 1.965673885304402679e+00
2.559816236258349864e+00 3.478446247610079922e+00
2.566105711040311377e+00 2.901801415704926335e+00
2.572395185822272889e+00 2.256520979571036811e+00
2.578684660604234402e+00 3.769957429506340496e+00
2.584974135386195915e+00 2.695488276034680108e+00
2.591263610168157427e+00 2.039205188322025464e+00
2.597553084950118940e+00 2.476257212626166826e+00
2.603842559732080453e+00 2.173648428015255263e+00
2.610132034514041965e+00 1.772687500977361719e+00
2.616421509296003478e+00 3.433977011412300939e+00
2.622710984077965435e+00 3.555617645166954333e+00
2.629000458859926947e+00 2.161171618231172431e+00
2.635289933641888460e+00 2.674229626853247055e+00
2.641579408423849973e+00 2.701358927879661476e+00
2.647868883205811485e+00 2.155381204910248094e+00
2.654158357987772998e+00 2.901950847221508312e+00
2.660447832769734511e+00 1.687612045445840314e+00
2.666737307551696023e+00 2.389826282284179371e+00
2.673026782333657536e+00 2.403308958944771589e+00
2.679316257115619049e+00 1.640611532887319424e+00
2.685605731897580561e+00 1.491498620261948238e+00
2.691895206679542074e+00 1.750875103200085325e+00
2.698184681461504031e+00 2.517448775726833787e+00
2.704474156243465544e+00 1.809419835620033945e+00
2.710763631025427056e+00 2.935653543932720488e+00
2.717053105807388569e+00 2.050718995078453233e+00
2.723342580589350082e+00 1.808482926435825311e+00
2.729632055371311594e+00 1.444750455798385236e+00
2.735921530153273107e+00 1.574794409245646731e+00
2.742211004935234619e+00 1.108611736120688640e+00
2.748500479717196132e+00 9.712035594413316320e-01
2.754789954499157645e+00 2.607784852024129130e+00
2.761079429281119157e+00 1.286719561261644884e+00
2.767368904063080670e+00 1.006966251167094928e+00
2.773658378845042183e+00 1.832312988094110251e+00
2.779947853627004140e+00 2.104218000801473476e+00
2.786237328408965652e+00 1.236397354998590714e+00
2.792526803190927165e+00 6.114676031492984887e-01
2.798816277972888678e+00 1.498675097399339906e+00
2.805105752754850190e+00 7.366910301276553552e-01
2.811395227536811703e+00 3.385495488928491059e-01
2.817684702318773216e+00 9.587098757994055864e-01
2.823974177100734728e+00 3.309435599444083831e-01
2.830263651882696241e+00 1.270628279229621516e+00
2.836553126664657754e+00 2.165063757978623327e-01
2.842842601446619266e+00 7.232715813681749317e-01
2.849132076228580779e+00 4.865350044346066771e-01
2.855421551010542291e+00 1.501829633258784935e-01
2.861711025792504248e+00 6.871733606444444531e-01
2.868000500574465761e+00 8.732753691196121215e-02
2.874289975356427274e+00 5.696679869790162165e-01
2.880579450138388786e+00 -2.684369973116341734e-01
2.886868924920350299e+00 1.175988961826694545e+00
2.893158399702311812e+00 9.282655616618494809e-01
2.899447874484273324e+00 -4.515427098031885578e-01
2.905737349266234837e+00 3.186798351736778168e-01
2.912026824048196350e+00 6.342140011117800569e-01
2.918316298830157862e+00 3.622946982036252539e-01
2.924605773612119375e+00 2.503548451988309997e-01
2.930895248394080888e+00 -6.888141079819809498e-01
2.937184723176042400e+00 7.779462058561961157e-01
2.943474197958004357e+00 -7.471611906316943941e-01
2.949763672739965870e+00 -1.468621265881768778e-01
2.956053147521927382e+00 -5.186281724210635158e-01
2.962342622303888895e+00 4.055974584347219469e-01
2.968632097085850408e+00 -1.612188860646954769e-01
2.974921571867811920e+00 4.825076191775665713e-01
2.981211046649773433e+00 -1.066750851248684073e+00
2.987500521431734946e+00 1.861173266391322745e-01
2.993789996213696458e+00 -7.476639512671399146e-01
3.000079470995657971e+00 -8.480137527398450281e-01
3.006368945777619484e+00 -2.115127028629897321e-01
3.012658420559580996e+00 4.315125139121327447e-01
3.018947895341542953e+00 -1.325451468038637781e+00
3.025237370123504466e+00 -1.918429574290532180e-01
3.031526844905465978e+00 4.177484543456344568e-01
3.037816319687427491e+00 -1.173462470776355238e+00
3.044105794469389004e+00 -1.008529660640479220e+00
3.050395269251350516e+00 -6.101408022136254328e-01
3.056684744033312029e+00 -9.655521860445173132e-01
3.062974218815273542e+00 2.248054464798094898e-01
3.069263693597235054e+00 -1.327226683461052215e+00
3.075553168379196567e+00 -6.931261929777443598e-03
3.081842643161158080e+00 2.462716416955990084e-01
3.088132117943119592e+00 -1.218866844719713960e+00
3.094421592725081105e+00 -1.177236926602023503e+00
3.100711067507043062e+00 -3.565615811493749732e-01
3.107000542289004574e+00 -1.507071534522016032e+00
3.113290017070966087e+00 -9.077928074744539000e-01
3.119579491852927600e+00 -1.951915076088470702e-01
3.125868966634889112e+00 -1.562434727955235747e+00
3.132158441416850625e+00 6.666140640457429711e-02
3.138447916198812138e+00 -1.672955858804563212e+00
3.144737390980773650e+00 3.482801478143948692e-02
3.151026865762735163e+00 -1.287992130728248474e+00
3.157316340544696676e+00 -4.519000957550716180e-01
3.163605815326658188e+00 -1.580581203415735825e+00
3.169895290108619701e+00 -1.202079105550165838e+00
3.176184764890581214e+00 -2.076084504111295193e-01
3.182474239672543170e+00 1.714648612985465448e-01
3.188763714454504683e+00 -9.049314443691716114e-01
3.195053189236466196e+00 -9.088400213585183796e-01
3.201342664018427708e+00 -8.069956683259871255e-02
3.207632138800389221e+00 -3.604173706638316155e-01
3.213921613582350734e+00 3.572832493318673919e-01
3.220211088364312246e+00 -9.483455198395909225e-01
3.226500563146273759e+00 -3.811497901802562982e-01
3.232790037928235272e+00 -2.285790621366585729e-01
3.239079512710196784e+00 -1.097650201493616251e-01
3.245368987492158297e+00 -5.854988174423469971e-02
3.251658462274119810e+00 -7.073536101251709507e-01
3.257947937056081322e+00 -1.082590383536335077e+00
3.264237411838043279e+00 -5.874921866646598545e-02
3.270526886620004792e+00 -7.602874296738793003e-01
3.276816361401966304e+00 -9.908716964713284447e-01
3.283105836183927817e+00 -1.100933149274472278e-01
3.289395310965889330e+00 -4.407143518974101504e-01
3.295684785747850842e+00 3.348918548419941299e-01
3.301974260529812355e+00 -7.640718351411783793e-01
3.308263735311773868e+00 -2.215375601260900496e-01
3.314553210093735380e+00 1.751331299736795799e-01
3.320842684875696893e+00 -5.713643729151174355e-03
3.327132159657658406e+00 4.004552171978658093e-01
3.333421634439619918e+00 -8.565019155562736408e-01
3.339711109221581431e+00 -4.741287552871403799e-01
3.346000584003543388e+00 9.949202566378851920e-01
3.352290058785504900e+00 1.664306958692705063e-01
3.358579533567466413e+00 -6.717974611319141864e-01
3.364869008349427926e+00 -4.160425001709866510e-01
3.371158483131389438e+00 -3.646043583004193733e-01
3.377447957913350951e+00 -1.236266435349167025e-01
3.383737432695312464e+00 -2.156228719417341289e-03
3.390026907477273976e+00 1.709035214019771765e-02
3.396316382259235489e+00 -3.172585373873866854e-01
3.402605857041197002e+00 6.637036594269873913e-01
3.408895331823158514e+00 -2.057455499939064847e-02
3.415184806605120027e+00 1.487957017659798931e-01
3.421474281387081540e+00 9.033800298130566508e-01
3.427763756169043496e+00 1.243852056656875371e+00
3.434053230951005009e+00 -8.833639587364539025e-02
3.440342705732966522e+00 4.661037990175745382e-01
3.446632180514928034e+00 1.470055961623423224e+00
3.452921655296889547e+00 1.379999315463612541e+00
3.459211130078851060e+00 1.487167474552641533e+00
3.465500604860812572e+00 2.056921491504971833e+00
3.471790079642774085e+00 8.166578291482431418e-01
3.478079554424735598e+00 8.763727035462245407e-01
3.484369029206697110e+00 9.644676109470935454e-01
3.490658503988658623e+00 1.141835445650843273e+00
3.496947978770620136e+00 3.495837786535632152e-01
3.503237453552582092e+00 6.485093376174380086e-01
3.509526928334543605e+00 1.653935016905595079e+00
3.515816403116505118e+00 1.094870503007073781e+00
3.522105877898466630e+00 1.437428161185258624e+00
3.528395352680428143e+00 1.260708905057990936e+00
3.534684827462389656e+00 1.629158097467019672e+00
3.540974302244351168e+00 1.525431100490480807e+00
3.547263777026312681e+00 2.113770780840292574e+00
3.553553251808274194e+00 1.897754956767273349e+00
3.559842726590235706e+00 2.345343954839077316e+00
3.566132201372197219e+00 1.777252734240071241e+00
3.572421676154158732e+00 2.154821082708672453e+00
3.578711150936120244e+00 2.627821172019810803e+00
3.585000625718082201e+00 8.053699134475514887e-01
3.591290100500043714e+00 9.517699438918922894e-01
3.597579575282005226e+00 2.305104595534002154e+00
3.603869050063966739e+00 2.336490304628428660e+00
3.610158524845928252e+00 1.475112774176872588e+00
3.616447999627889764e+00 2.208740719387486617e+00
3.622737474409851277e+00 2.256801895140570391e+00
3.629026949191812790e+00 1.395091308166807931e+00
3.635316423973774302e+00 2.191638757400394155e+00
3.641605898755735815e+00 3.017183839851597771e+00
3.647895373537697328e+00 2.892688837723608408e+00
3.654184848319658840e+00 2.546801528166064976e+00
3.660474323101620353e+00 2.804264756966999173e+00
3.666763797883582310e+00 1.311269534452173202e+00
3.673053272665543822e+00 1.431399933813390035e+00
3.679342747447505335e+00 2.875338422333235222e+00
3.685632222229466848e+00 1.480369889317251886e+00
3.691921697011428360e+00 3.110222413421674936e+00
3.698211171793389873e+00 1.859284637041804356e+00
3.704500646575351386e+00 1.253967135520131615e+00
3.710790121357312898e+00 2.694057406002665633e+00
3.717079596139274411e+00 1.187493100437398752e+00
3.723369070921235924e+00 1.972213311353527843e+00
3.729658545703197436e+00 2.259936947557403819e+00
3.735948020485158949e+00 2.019827166215442560e+00
3.742237495267120462e+00 1.384811680823122781e+00
3.748526970049082419e+00 2.248656294001722067e+00
3.754816444831043931e+00 1.646678988231397467e+00
3.761105919613005444e+00 1.848931772059258627e+00
3.767395394394966956e+00 1.493258826215444257e+00
3.773684869176928469e+00 3.050031223873639341e+00
3.779974343958889982e+00 2.587077307583652619e+00
3.786263818740851494e+00 1.587485863186374857e+00
3.792553293522813007e+00 2.788865963544318483e+00
3.798842768304774520e+00 2.810278756285361723e+00
3.805132243086736032e+00 1.615772013874533286e+00
3.811421717868697545e+00 1.139425246526528879e+00
3.817711192650659058e+00 1.908989658768746267e+00
3.824000667432621015e+00 2.274231637543842055e+00
3.830290142214582527e+00 1.630432945519950216e+00
3.836579616996544040e+00 2.056907734182740199e+00
3.842869091778505553e+00 2.560325171428195823e+00
3.849158566560467065e+00 2.271642712320335100e+00
3.855448041342428578e+00 1.355998661670600125e+00
3.861737516124390091e+00 1.614813657554701631e+00
3.868026990906351603e+00 1.585740699269910126e+00
3.874316465688313116e+00 1.955653307358565574e+00
3.880605940470274628e+00 1.462175474024875133e+00
3.886895415252236141e+00 1.366497279713047242e+00
3.893184890034197654e+00 2.005782409030230529e+00
3.899474364816159166e+00 1.352710114318407264e+00
3.905763839598121123e+00 1.702314326105473175e+00
3.912053314380082636e+00 1.231681105238036533e+00
3.918342789162044149e+00 1.080270150037705879e+00
3.924632263944005661e+00 2.009189611417808052e+00
3.930921738725967174e+00 1.166582713946832328e+00
3.937211213507928687e+00 9.133178133455224224e-01
3.943500688289890199e+00 1.578098312391051028e+00
3.949790163071851712e+00 1.038681814699478956e+00
3.956079637853813225e+00 5.082828857912387033e-01
3.962369112635774737e+00 1.801502689802294110e+00
3.968658587417736250e+00 1.871194719628844538e+00
3.974948062199697763e+00 1.811817466081046657e+00
3.981237536981659275e+00 2.172300703482573425e+00
3.987527011763621232e+00 9.291938074554660920e-01
3.993816486545582745e+00 7.402215396861646646e-01
4.000105961327544257e+00 1.408463742635022165e+00
4.006395436109505326e+00 2.157167195885988598e+00
4.012684910891467283e+00 5.107102891739759842e-01
4.018974385673428351e+00 2.116899642027603612e+00
4.025263860455390308e+00 9.792168107959757783e-01
4.031553335237352265e+00 1.218075427964813606e+00
4.037842810019313333e+00 1.332882777905687322e+00
4.044132284801275290e+00 1.828190902379149385e+00
4.050421759583236359e+00 1.458493552566274998e+00
4.056711234365198315e+00 1.160662848704978156e+00
4.063000709147159384e+00 1.396490188317167647e+00
4.069290183929121341e+00 1.341662721312885553e+00
4.075579658711082409e+00 3.335716795590427941e-02
4.081869133493044366e+00 1.245310340743133848e+00
4.088158608275005435e+00 1.695194740223676222e+00
4.094448083056967391e+00 5.566946695534842338e-01
4.100737557838928460e+00 -1.587286513870719284e-01
4.107027032620890417e+00 1.233479207270753442e+00
4.113316507402852373e+00 6.077008463086532863e-01
4.119605982184813442e+00 2.317125887562211384e-01
4.125895456966775399e+00 1.710318991446611259e+00
4.132184931748736467e+00 -2.549507383062859511e-01
4.138474406530698424e+00 -2.767545151693603933e-01
4.144763881312659493e+00 3.410328274640160862e-01
4.151053356094621449e+00 1.489456952685323188e+00
4.157342830876582518e+00 1.135381550242235082e+00
4.163632305658544475e+00 9.871958166042991145e-01
4.169921780440505543e+00 -3.911452783275933265e-01
4.176211255222467500e+00 9.775906433689787178e-01
4.182500730004428569e+00 -1.334446151159124350e-01
4.188790204786390525e+00 1.230440448575318868e+00
4.195079679568352482e+00 1.432448243833830626e+00
4.201369154350313551e+00 1.652422154158900147e-01
4.207658629132275507e+00 -1.620526373473762938e-02
4.213948103914236576e+00 8.299201594078575717e-01
4.220237578696198533e+00 -3.992186710604752609e-01
4.226527053478159601e+00 -1.843448390221675837e-01
4.232816528260121558e+00 3.679698885021175370e-01
4.239106003042082627e+00 -7.907910601203349543e-02
4.245395477824044583e+00 1.146740890491734888e+00
4.251684952606005652e+00 8.386096136619261010e-01
4.257974427387967609e+00 1.055571621603210719e-01
4.264263902169928677e+00 3.050269933317739657e-01
4.270553376951890634e+00 -5.524646035440428093e-01
4.276842851733852591e+00 -1.223905741361820398e-01
4.283132326515813659e+00 9.069644608089035831e-01
4.289421801297775616e+00 -2.371440003858715784e-01
4.295711276079736685e+00 3.160970879421993729e-01
4.302000750861698641e+00 -5.267776687914533795e-01
4.308290225643659710e+00 1.093616213391405578e+00
4.314579700425621667e+00 1.007301456913560322e+00
4.320869175207582735e+00 -5.267066406626298436e-01
4.327158649989544692e+00 -5.757529632752722559e-02
4.333448124771505761e+00 1.425169049214669581e-01
4.339737599553467717e+00 -2.377430150738305548e-01
4.346027074335428786e+00 -4.875350254555654850e-03
4.352316549117390743e+00 3.997251318172683199e-01
4.358606023899352699e+00 -1.615943392633684139e-01
4.364895498681313768e+00 -1.786883161663525010e-01
4.371184973463275725e+00 4.413823516238311040e-01
4.377474448245236793e+00 4.076981504373106135e-01
4.383763923027198750e+00 -2.165230213955260385e-01
4.390053397809159819e+00 1.325639532541523558e+00
4.396342872591121775e+00 6.482821054436240793e-01
4.402632347373082844e+00 6.030113020404062052e-01
4.408921822155044801e+00 3.650771526146805446e-01
4.415211296937005869e+00 7.429666273399457843e-01
4.421500771718967826e+00 2.789161897779451893e-01
4.427790246500929783e+00 6.997411915081848122e-01
4.434079721282890851e+00 4.971761635251737976e-01
4.440369196064852808e+00 -3.380569548877272457e-01
4.446658670846813877e+00 1.287306769394337413e+00
4.452948145628775833e+00 8.316219857756168565e-01
4.459237620410736902e+00 1.492047128867153294e-01
4.465527095192698859e+00 1.309855898067027624e+00
4.471816569974659927e+00 6.612425828625899671e-01
4.478106044756621884e+00 1.308633820127309999e+00
4.484395519538582953e+00 7.729676414437420817e-01
4.490684994320544909e+00 -3.744682939896243346e-02
4.496974469102505978e+00 -1.459774360174159735e-01
4.503263943884467935e+00 1.093447340074314988e+00
4.509553418666429891e+00 3.937652834306578087e-01
4.515842893448390960e+00 -5.464441308660084040e-03
4.522132368230352917e+00 1.504912485471002093e+00
4.528421843012313985e+00 -3.661364962258528699e-02
4.534711317794275942e+00 1.004248426052097187e+00
4.541000792576237011e+00 4.543818571177699051e-01
4.547290267358198967e+00 1.337707907242591254e-02
4.553579742140160036e+00 3.539211782892134894e-01
4.559869216922121993e+00 3.666423710275219516e-01
4.566158691704083061e+00 -1.379786545596676794e-01
4.572448166486045018e+00 1.501686545899586500e+00
4.578737641268006087e+00 6.887913517858071932e-01
4.585027116049968043e+00 6.808486983738482046e-03
4.591316590831930000e+00 -2.745029029036996637e-01
4.597606065613891069e+00 4.052382045177725933e-01
4.603895540395853025e+00 3.727903688572410390e-01
4.610185015177814094e+00 2.075299544706021848e-02
4.616474489959776051e+00 1.393522502771025184e+00
4.622763964741737119e+00 8.805797319804331558e-02
4.629053439523699076e+00 7.819131886375068063e-01
4.635342914305660145e+00 6.577773984494872384e-02
4.641632389087622101e+00 8.585433824180584983e-01
4.647921863869583170e+00 7.114078544395793235e-01
4.654211338651545127e+00 1.694595006834713757e+00
4.660500813433506195e+00 8.745828946402742776e-01
4.666790288215468152e+00 -2.185582444707117045e-01
4.673079762997430109e+00 2.523975715958263200e-01
4.679369237779391177e+00 8.513820249886777658e-01
4.685658712561353134e+00 3.916564389360838172e-02
4.691948187343314203e+00 9.756819087146690883e-01
4.698237662125276159e+00 1.466891219674903546e+00
4.704527136907237228e+00 7.430833985046476631e-01
4.710816611689199185e+00 1.397156382363775595e+00
4.717106086471160253e+00 1.284605150851663824e+00
4.723395561253122210e+00 2.592025992041165350e-01
4.729685036035083279e+00 1.276577768540512636e+00
4.735974510817045235e+00 -2.102888407961575057e-01
4.742263985599006304e+00 3.587950663580098953e-01
4.748553460380968261e+00 7.679230009238402488e-01
4.754842935162930218e+00 9.277936727704712006e-01
4.761132409944891286e+00 1.647516365023191209e+00
4.767421884726853243e+00 1.476947179046840697e+00
4.773711359508814311e+00 1.638803575603881235e+00
4.780000834290776268e+00 1.260819429176736728e+00
4.786290309072737337e+00 1.528391544669059243e+00
4.792579783854699293e+00 1.118391627188746851e+00
4.798869258636660362e+00 7.729972576530803607e-01
4.805158733418622319e+00 5.703235337165275531e-01
4.811448208200583387e+00 6.444457919992383488e-01
4.817737682982545344e+00 1.984168673348025158e-01
4.824027157764506413e+00 1.429547150700721803e+00
4.830316632546468369e+00 -1.013457013725315714e-01
4.836606107328430326e+00 5.487838256582960872e-01
4.842895582110391395e+00 9.292508760776964083e-01
4.849185056892353352e+00 5.949233426174086459e-01
4.855474531674314420e+00 1.327523223994295343e+00
4.861764006456276377e+00 1.488434307230098508e+00
4.868053481238237445e+00 -6.654772380118645358e-02
4.874342956020199402e+00 -2.044930241601711218e-01
4.880632430802160471e+00 1.408008484016694872e+00
4.886921905584122428e+00 7.569683273904023180e-01
4.893211380366083496e+00 -5.485569813301527375e-02
4.899500855148045453e+00 1.977460145808537240e-01
4.905790329930006521e+00 7.445128198406824049e-01
4.912079804711968478e+00 2.656145781469974043e-01
4.918369279493930435e+00 1.276833596545746241e+00
4.924658754275891503e+00 5.350786288969837656e-01
4.930948229057853460e+00 1.108371259968447875e+00
4.937237703839814529e+00 2.930898396046712762e-01
4.943527178621776486e+00 -2.784677153184773601e-01
4.949816653403737554e+00 6.279007334334456569e-01
4.956106128185699511e+00 3.275133964753631499e-01
4.962395602967660579e+00 1.346916641645376611e+00
4.968685077749622536e+00 5.677687797027309857e-01
4.974974552531583605e+00 1.237193039155963570e+00
4.981264027313545562e+00 1.010790627501555017e+00
4.987553502095506630e+00 -2.157533594288335577e-01
4.993842976877468587e+00 -5.739864812030921470e-01
5.000132451659430544e+00 1.159265683288292825e+00
5.006421926441391612e+00 -7.962452698111244231e-02
5.012711401223353569e+00 2.778455256622259784e-01
5.019000876005314637e+00 -3.404288533678825335e-01
5.025290350787276594e+00 3.961939007200305785e-01
5.031579825569237663e+00 8.769110550236474122e-01
5.037869300351199620e+00 -4.427092445640992135e-01
5.044158775133160688e+00 -3.291363182909833318e-01
5.050448249915122645e+00 3.951498071808412504e-02
5.056737724697083713e+00 6.903216068530452221e-01
5.063027199479045670e+00 -5.935517208013001422e-01
5.069316674261006739e+00 -7.239908996050550272e-01
5.075606149042968696e+00 1.286563740631796460e-01
5.081895623824930652e+00 3.853743644382801037e-01
5.088185098606891721e+00 8.588723831529209152e-01
5.094474573388853678e+00 -6.816188273760709349e-01
5.100764048170814746e+00 -5.053031722603200659e-01
5.107053522952776703e+00 9.688281343290494618e-02
5.113342997734737772e+00 -6.787646225090224750e-01
5.119632472516699728e+00 6.323686129980816695e-01
5.125921947298660797e+00 1.145381336790424420e+00
5.132211422080622754e+00 3.440747086295210533e-01
5.138500896862583822e+00 -7.201729236068425966e-01
5.144790371644545779e+00 3.233002986459231343e-01
5.151079846426506847e+00 7.705793836083896231e-02
5.157369321208468804e+00 -4.123099273639942997e-01
5.163658795990430761e+00 4.057988247333454979e-01
5.169948270772391830e+00 5.079812864364871006e-01
5.176237745554353786e+00 1.527148624098627616e-01
5.182527220336314855e+00 6.542996365360622679e-01
5.188816695118276812e+00 -6.750739584438402163e-01
5.195106169900237880e+00 -3.663322016415607729e-01
5.201395644682199837e+00 1.012709696571798101e+00
5.207685119464160906e+00 -5.147722151887560438e-01
5.213974594246122862e+00 1.175163338835615745e+00
5.220264069028083931e+00 -9.105001873705620419e-02
5.226553543810045888e+00 -6.103089333199758215e-01
5.232843018592006956e+00 8.467745282409699925e-02
5.239132493373968913e+00 1.095850472972109246e+00
5.245421968155930870e+00 5.886679529746052797e-01
5.251711442937891938e+00 7.917854661762231405e-01
5.258000917719853895e+00 6.677812601914563384e-01
5.264290392501814964e+00 1.996581995181858638e-01
5.270579867283776920e+00 -3.280339670076366509e-01
5.276869342065737989e+00 1.353518469546672875e-01
5.283158816847699946e+00 -4.715420550708190328e-01
5.289448291629661014e+00 1.076151698870778883e+00
5.295737766411622971e+00 9.145939993464935469e-02
5.302027241193584040e+00 -7.040307112352761632e-02
5.308316715975545996e+00 3.482732761604233618e-01
5.314606190757507953e+00 1.367780599651241102e+00
5.320895665539469022e+00 1.108532515973740029e+00
5.327185140321430978e+00 3.181057992197937612e-01
5.333474615103392047e+00 3.117894693209870005e-01
5.339764089885354004e+00 1.507975244845241924e+00
5.346053564667315072e+00 8.875504721391038743e-01
5.352343039449277029e+00 1.246776630964256061e+00
5.358632514231238098e+00 -2.034759004816455441e-02
5.364921989013200054e+00 3.131182893485617291e-01
5.371211463795161123e+00 -1.880821059030228781e-01
5.377500938577123080e+00 7.129111314625021789e-01
5.383790413359084148e+00 -1.558728715040034185e-01
5.390079888141046105e+00 7.693528942832454920e-01
5.396369362923008062e+00 1.550093032978930863e-01
5.402658837704969130e+00 9.035015911653571097e-02
5.408948312486931087e+00 1.071035214110745093e+00
5.415237787268892156e+00 4.866086679307151663e-01
5.421527262050854112e+00 1.505201739081641454e+00
5.427816736832815181e+00 1.211293917158665190e+00
5.434106211614777138e+00 1.084239560234081967e+00
5.440395686396738206e+00 7.488093686668878535e-02
5.446685161178700163e+00 1.853537663968234828e+00
5.452974635960661232e+00 1.827124238460802630e+00
5.459264110742623188e+00 6.859601747667146698e-01
5.465553585524584257e+00 2.333237978755382525e-01
5.471843060306546214e+00 5.730368562257499576e-01
5.478132535088508170e+00 7.533410745758104543e-01
5.484422009870469239e+00 6.015825197948421188e-01
5.490711484652431196e+00 2.077234854959690846e+00
5.497000959434392264e+00 9.960147978417195347e-01
5.503290434216354221e+00 2.027266477456343363e+00
5.509579908998315290e+00 1.290105672252349400e+00
5.515869383780277246e+00 1.610536354882532439e+00
5.522158858562238315e+00 2.020677437139377197e+00
5.528448333344200272e+00 9.783863933976433280e-01
5.534737808126161340e+00 4.916987807544516142e-01
5.541027282908123297e+00 1.029628561984921697e+00
5.547316757690084366e+00 1.311153284127223095e+00
5.553606232472046322e+00 7.469591946740938848e-01
5.559895707254008279e+00 2.475128482559068921e+00
5.566185182035969348e+00 1.279006473765935681e+00
5.572474656817931304e+00 2.119280025386601984e+00
5.578764131599892373e+00 2.485967284945257205e+00
5.585053606381854330e+00 1.976914983882020804e+00
5.591343081163815398e+00 1.410045474626686612e+00
5.597632555945777355e+00 1.099633805214160986e+00
5.603922030727738424e+00 1.767071775246189080e+00
5.610211505509700380e+00 1.474368710543347838e+00
5.616500980291661449e+00 1.996081672948690322e+00
5.622790455073623406e+00 2.133458264321438147e+00
5.629079929855584474e+00 1.789720608580086747e+00
5.635369404637546431e+00 1.910390557399560763e+00
5.641658879419508388e+00 1.453275705274722496e+00
5.647948354201469456e+00 7.231798719725135438e-01
5.654237828983431413e+00 1.585895199293637869e+00
5.660527303765392482e+00 2.074328383585323898e+00
5.666816778547354438e+00 2.096568249321495436e+00
5.673106253329315507e+00 1.529585097180887976e+00
5.679395728111277464e+00 1.220576450249686085e+00
5.685685202893238532e+00 2.360023146328591892e+00
5.691974677675200489e+00 1.100317438543480630e+00
5.698264152457161558e+00 7.585953532667676358e-01
5.704553627239123514e+00 2.335127932037429854e+00
5.710843102021084583e+00 1.298368125279302676e+00
5.717132576803046540e+00 1.413732040006790758e+00
5.723422051585008496e+00 1.307545444251676958e+00
5.729711526366969565e+00 1.997034800944933686e+00
5.736001001148931522e+00 1.485605739120567481e+00
5.742290475930892590e+00 2.660535442033616249e+00
5.748579950712854547e+00 1.371620672314793010e+00
5.754869425494815616e+00 1.715341712123380269e+00
5.761158900276777572e+00 6.914774633792734049e-01
5.767448375058738641e+00 8.654262194778084005e-01
5.773737849840700598e+00 1.300302245675728940e+00
5.780027324622661666e+00 2.379654072965575295e+00
5.786316799404623623e+00 8.492107276078693090e-01
5.792606274186584692e+00 6.995614642449479170e-01
5.798895748968546648e+00 1.712034844980558024e+00
5.805185223750508605e+00 1.830041632948897989e+00
5.811474698532469674e+00 1.791497322897625200e+00
5.817764173314431631e+00 6.978915236502094555e-01
5.824053648096392699e+00 1.883167807890220091e+00
5.830343122878354656e+00 2.161391661234296269e+00
5.836632597660315724e+00 2.083566393978206754e+00
5.842922072442277681e+00 9.839132735559257270e-01
5.849211547224238750e+00 6.370440122215347278e-01
5.855501022006200706e+00 4.921266159467943546e-01
5.861790496788161775e+00 5.800435533545880151e-01
5.868079971570123732e+00 9.115905187609920635e-01
5.874369446352084800e+00 9.911155502754329660e-01
5.880658921134046757e+00 2.023011936780465536e+00
5.886948395916008714e+00 1.648992388049175695e+00
5.893237870697969782e+00 1.108309911508282619e+00
5.899527345479931739e+00 1.260050057041810945e+00
5.905816820261892808e+00 1.022451101560849729e+00
5.912106295043854765e+00 1.155373637446487356e+00
5.918395769825815833e+00 1.507917156955098648e+00
5.924685244607777790e+00 3.390682851146825660e-02
5.930974719389738858e+00 2.676251938970906630e-01
5.937264194171700815e+00 3.628894758629509498e-01
5.943553668953661884e+00 1.611830340309407195e+00
5.949843143735623840e+00 8.097046789353592455e-01
5.956132618517584909e+00 1.032667594459632854e+00
5.962422093299546866e+00 1.430110158289551459e+00
5.968711568081508823e+00 6.625302583321752703e-01
5.975001042863469891e+00 9.666093871384200398e-01
5.981290517645431848e+00 1.413239257437186147e+00
5.987579992427392916e+00 9.353743837383474702e-01
5.993869467209354873e+00 2.501467274609670000e-01
6.000158941991315942e+00 -4.680973072663310308e-01
6.006448416773277899e+00 -1.764921227135529680e-01
6.012737891555238967e+00 6.242785613670664979e-01
6.019027366337200924e+00 -3.580466199587484244e-01
6.025316841119161992e+00 -6.165606843156983263e-01
6.031606315901123949e+00 -6.457815804034860996e-01
6.037895790683085906e+00 4.100885478684004326e-01
6.044185265465046974e+00 -4.922767228637583425e-01
6.050474740247008931e+00 -3.407598029301037723e-01
6.056764215028970000e+00 -2.643508365399593885e-01
6.063053689810931957e+00 -7.116462438330160012e-01
6.069343164592893025e+00 4.456490632139120667e-01
6.075632639374854982e+00 -2.270652380032152085e-01
6.081922114156816050e+00 -6.488560248991879220e-01
6.088211588938778007e+00 -1.155042464737629171e+00
6.094501063720739076e+00 -4.360303493364661165e-01
6.100790538502701033e+00 4.894978839831267692e-01
6.107080013284662101e+00 -1.397541143702856425e+00
6.113369488066624058e+00 -2.296912895236613572e-01
6.119658962848586015e+00 -1.477487753577511054e+00
6.125948437630547083e+00 -7.632210576771898403e-01
6.132237912412509040e+00 -7.103289442750018168e-01
6.138527387194470109e+00 -1.535548108064422212e+00
6.144816861976432065e+00 -1.488728296129527839e+00
6.151106336758393134e+00 4.061341667543905132e-02
6.157395811540355091e+00 -8.275188801631747637e-01
6.163685286322316159e+00 -1.728324899708067353e+00
6.169974761104278116e+00 -1.392031192401461004e+00
6.176264235886239184e+00 -3.987827488611390692e-01
6.182553710668201141e+00 -1.296955162277342311e+00
6.188843185450162210e+00 -6.957418397658210463e-01
6.195132660232124167e+00 -3.747156810477763056e-01
6.201422135014086123e+00 -9.492196996654378438e-01
6.207711609796047192e+00 -9.633410801335577922e-01
6.214001084578009149e+00 -2.172563230673247858e-01
6.220290559359970217e+00 -1.751024522779812242e+00
6.226580034141932174e+00 -1.535063958463225076e+00
6.232869508923893243e+00 -9.552920790996264344e-01
6.239158983705855199e+00 -7.443449520466325353e-01
6.245448458487816268e+00 -2.299950754241817386e-01
6.251737933269778225e+00 -2.051433366234723721e+00
6.258027408051739293e+00 -1.489898558552304131e+00
6.264316882833701250e+00 -1.676078329285831447e+00
6.270606357615662318e+00 -3.993823100914284385e-01
6.276895832397624275e+00 -2.209041912841388733e+00
6.283185307179586232e+00 -2.183315294034891885e+00
