0.000000000000000000e+00 7.565903083880707314e-01
6.289474781961547356e-03 7.776026315653452592e-01
1.257894956392309471e-02 1.007914398027197622e+00
1.886842434588464207e-02 -2.358832616618710132e-01
2.515789912784618942e-02 7.892618615119484371e-01
3.144737390980773678e-02 1.357730981450937069e+00
3.773684869176928414e-02 1.299261898332897625e+00
4.402632347373083149e-02 1.474087200455107105e+00
5.031579825569237885e-02 1.023047019117311551e+00
5.660527303765392620e-02 3.713649218589448742e-01
6.289474781961547356e-02 6.372160131390942617e-01
6.918422260157702786e-02 3.429360325135033527e-02
7.547369738353856827e-02 1.259736405179575081e-01
8.176317216550010869e-02 1.087393610452326742e+00
8.805264694746166299e-02 -1.593684947331340251e-01
9.434212172942321728e-02 -1.340142277478686417e-01
1.006315965113847577e-01 3.145502248729525330e-01
1.069210712933462981e-01 1.588021321609656589e+00
1.132105460753078524e-01 7.175220143746677826e-01
1.195000208572694067e-01 4.160318242705127179e-01
1.257894956392309471e-01 1.227224203075706788e+00
1.320789704211924875e-01 5.191074558171510089e-01
1.383684452031540557e-01 1.635527933389172350e+00
1.446579199851155961e-01 9.894099624224168554e-01
1.509473947670771365e-01 1.236738228126385231e+00
1.572368695490386770e-01 5.985420434423351921e-01
1.635263443310002174e-01 1.005364522180757225e-01
1.698158191129617856e-01 1.110324853911832221e+00
1.761052938949233260e-01 7.021542068225075095e-01
1.823947686768848664e-01 -3.268702562670500189e-01
1.886842434588464346e-01 1.048477328984493084e+00
1.949737182408079750e-01 4.476102052866320347e-01
2.012631930227695154e-01 6.871169486075476840e-01
2.075526678047310558e-01 7.367825334849792407e-01
2.138421425866925962e-01 -1.409951359611627542e-01
2.201316173686541644e-01 1.301014802272362658e+00
2.264210921506157048e-01 -3.164989392952078928e-01
2.327105669325772452e-01 3.316233184799286526e-01
2.390000417145388134e-01 -1.816826186247606501e-01
2.452895164965003538e-01 1.545843400794263411e+00
2.515789912784618942e-01 1.445698481969803773e-01
2.578684660604234624e-01 9.989158259154402586e-01
2.641579408423849751e-01 4.422233372152449826e-01
2.704474156243465433e-01 9.243009864633211503e-01
2.767368904063081114e-01 8.999622902781974076e-01
2.830263651882696241e-01 -2.797459832404286528e-01
2.893158399702311923e-01 1.403799910907289172e+00
2.956053147521927049e-01 3.196628946000624749e-01
3.018947895341542731e-01 2.642551325162879050e-01
3.081842643161158413e-01 1.371608565366471133e+00
3.144737390980773539e-01 1.168970415423814524e+00
3.207632138800389221e-01 4.599492868988773742e-01
3.270526886620004348e-01 -4.801213943765980652e-02
3.333421634439620029e-01 -1.115745503788531101e-01
3.396316382259235711e-01 1.452922024452079963e+00
3.459211130078850838e-01 1.356243272400144750e+00
3.522105877898466519e-01 4.381708208623420475e-01
3.585000625718082201e-01 1.186791787529047237e+00
3.647895373537697328e-01 2.967340190657359322e-01
3.710790121357313009e-01 7.998297211050273692e-01
3.773684869176928691e-01 -2.775260809442146037e-01
3.836579616996543818e-01 1.161600167837908426e+00
3.899474364816159500e-01 -4.923250610818807882e-01
3.962369112635774626e-01 1.146870614963872548e+00
4.025263860455390308e-01 -6.039947319531335790e-02
4.088158608275005990e-01 -3.466830630853027229e-01
4.151053356094621116e-01 -1.192486924617570665e-01
4.213948103914236798e-01 1.070142049157445596e+00
4.276842851733851925e-01 7.225757599990428881e-01
4.339737599553467606e-01 2.670826210912646825e-01
4.402632347373083288e-01 9.374774006204964483e-01
4.465527095192698415e-01 1.012622333562631649e+00
4.528421843012314096e-01 -5.849092845851424638e-01
4.591316590831929778e-01 -8.639437913259067070e-01
4.654211338651544905e-01 -3.268317718604207833e-02
4.717106086471160586e-01 -1.279809131517676279e-01
4.780000834290776268e-01 -2.651237573560103478e-01
4.842895582110391395e-01 6.134814168680734481e-01
4.905790329930007077e-01 -5.949802995508299830e-01
4.968685077749622203e-01 5.476062107232644305e-01
5.031579825569237885e-01 4.325219643504245592e-01
5.094474573388853011e-01 -4.478849790591548086e-01
5.157369321208469248e-01 -1.397824114452284050e-01
5.220264069028084375e-01 3.689484202528607870e-01
5.283158816847699502e-01 -7.375897998553626600e-02
5.346053564667315738e-01 7.576654001257685511e-01
5.408948312486930865e-01 6.845148023523988101e-01
5.471843060306545992e-01 -8.700094643978393272e-01
5.534737808126162228e-01 -5.989177774392901998e-01
5.597632555945777355e-01 -6.298770165139282451e-01
5.660527303765392482e-01 -4.328210595831671892e-01
5.723422051585007608e-01 -2.983487575444780937e-01
5.786316799404623845e-01 2.883965900146723271e-01
5.849211547224238972e-01 -3.123673607300452293e-01
5.912106295043854098e-01 6.951350979611079506e-01
5.975001042863470335e-01 2.255466374488452885e-01
6.037895790683085462e-01 -6.054629286402812838e-01
6.100790538502700588e-01 5.554035839582127654e-01
6.163685286322316825e-01 3.755971689225536814e-01
6.226580034141931952e-01 -4.036620715040457608e-01
6.289474781961547079e-01 1.979673976311697725e-01
6.352369529781163315e-01 3.274590601741578233e-01
6.415264277600778442e-01 5.513933231628538323e-01
6.478159025420393569e-01 1.278914616919863967e-01
6.541053773240008695e-01 -2.361870889328685497e-01
6.603948521059624932e-01 4.303480434995377024e-01
6.666843268879240059e-01 -2.243001296731181871e-01
6.729738016698855185e-01 6.649367401510823949e-01
6.792632764518471422e-01 1.071622416310058501e-01
6.855527512338086549e-01 6.123390857195587511e-01
6.918422260157701675e-01 3.099703335007799598e-01
6.981317007977317912e-01 -5.723411720540156900e-01
7.044211755796933039e-01 5.367992175484943562e-01
7.107106503616548165e-01 2.254594208019782275e-01
7.170001251436164402e-01 -1.058371571914782594e+00
7.232895999255779529e-01 1.315261179456381768e-01
7.295790747075394655e-01 -3.039985538167582213e-01
7.358685494895010892e-01 8.714682464935319395e-02
7.421580242714626019e-01 6.554613875580366233e-01
7.484474990534241146e-01 -2.014816858990780002e-01
7.547369738353857382e-01 -8.004742795761408125e-01
7.610264486173472509e-01 3.617027971269408670e-01
7.673159233993087636e-01 -3.299212299230975809e-01
7.736053981812702762e-01 -1.149556596188598734e+00
7.798948729632318999e-01 -5.459127574222815138e-01
7.861843477451934126e-01 -9.207781621738764244e-01
7.924738225271549252e-01 -7.872238125407515774e-02
7.987632973091165489e-01 2.256582365887331854e-01
8.050527720910780616e-01 -8.827378241038670303e-01
8.113422468730395742e-01 2.047606981819456440e-01
8.176317216550011979e-01 4.941939945640039245e-01
8.239211964369627106e-01 -1.000108434907348798e+00
8.302106712189242232e-01 2.251228557980748946e-01
8.365001460008858469e-01 -1.431566558624397523e-02
8.427896207828473596e-01 6.895815018266737706e-02
8.490790955648088723e-01 5.261694648758850068e-01
8.553685703467703849e-01 5.945919933362435739e-01
8.616580451287320086e-01 2.385011330882071956e-01
8.679475199106935213e-01 1.132952813390585289e+00
8.742369946926550339e-01 -2.414385061728181459e-01
8.805264694746166576e-01 -7.121349883022021210e-02
8.868159442565781703e-01 6.998125438062507975e-02
8.931054190385396829e-01 1.376349934204668113e-01
8.993948938205013066e-01 6.947900217721666438e-01
9.056843686024628193e-01 8.980920688025351151e-01
9.119738433844243319e-01 9.526138643268886597e-01
9.182633181663859556e-01 7.353289057882732571e-01
9.245527929483474683e-01 7.989712213607458313e-01
9.308422677303089809e-01 1.352846384703007665e+00
9.371317425122706046e-01 1.242318692012013948e+00
9.434212172942321173e-01 -2.301770515492829183e-02
9.497106920761936300e-01 1.459836247042894941e+00
9.560001668581552536e-01 9.581422689068834764e-01
9.622896416401167663e-01 5.176142358994855197e-01
9.685791164220782790e-01 4.390391514174423193e-01
9.748685912040397916e-01 1.682670593304694817e+00
9.811580659860014153e-01 4.562187373951731573e-01
9.874475407679629280e-01 1.279077690167941705e+00
9.937370155499244406e-01 1.617998725161169826e+00
1.000026490331886064e+00 6.680112104530502304e-01
1.006315965113847577e+00 1.732422275729106342e+00
1.012605439895809090e+00 4.599374339169757797e-01
1.018894914677770602e+00 1.469234367809815422e+00
1.025184389459732115e+00 1.438552574443554999e+00
1.031473864241693850e+00 1.152268325084578882e+00
1.037763339023655362e+00 3.650886945230397140e-01
1.044052813805616875e+00 3.560821569312962454e-01
1.050342288587578388e+00 1.550619427203369316e+00
1.056631763369539900e+00 1.976989185387415304e+00
1.062921238151501413e+00 6.088024375412230960e-01
1.069210712933463148e+00 1.670825180640792551e+00
1.075500187715424660e+00 1.781114142511855958e+00
1.081789662497386173e+00 2.414178078593583798e+00
1.088079137279347686e+00 1.362745435400940508e+00
1.094368612061309198e+00 1.944904528775828201e+00
1.100658086843270711e+00 7.775684528936169793e-01
1.106947561625232446e+00 1.633233785638153357e+00
1.113237036407193958e+00 1.771439085723554685e+00
1.119526511189155471e+00 8.618501763197964349e-01
1.125815985971116984e+00 1.368644012312222991e+00
1.132105460753078496e+00 1.539613744667101214e+00
1.138394935535040009e+00 1.876010996460021119e+00
1.144684410317001522e+00 1.618544481365759680e+00
1.150973885098963256e+00 1.432093196871447871e+00
1.157263359880924769e+00 1.411198681620646989e+00
1.163552834662886282e+00 1.112686317420111815e+00
1.169842309444847794e+00 1.325336144519286830e+00
1.176131784226809307e+00 1.264737866012874523e+00
1.182421259008770820e+00 2.174674717565847626e+00
1.188710733790732554e+00 2.024046848837511181e+00
1.195000208572694067e+00 1.502981763966759532e+00
1.201289683354655580e+00 1.820403310186690105e+00
1.207579158136617092e+00 1.117242995588952459e+00
1.213868632918578605e+00 1.266896721658047564e+00
1.220158107700540118e+00 1.904600616425642379e+00
1.226447582482501630e+00 2.452733814129474332e+00
1.232737057264463365e+00 1.388183143239890338e+00
1.239026532046424878e+00 1.695167510424046675e+00
1.245316006828386390e+00 2.388899847275292032e+00
1.251605481610347903e+00 2.941019978184467920e+00
1.257894956392309416e+00 2.960408458088737316e+00
1.264184431174270928e+00 2.067374028590699631e+00
1.270473905956232663e+00 2.399863422649455735e+00
1.276763380738194176e+00 2.555891649573029056e+00
1.283052855520155688e+00 2.419694976815458087e+00
1.289342330302117201e+00 1.804525923953730571e+00
1.295631805084078714e+00 1.769074764685378831e+00
1.301921279866040226e+00 1.615465311382686453e+00
1.308210754648001739e+00 1.401828653372798383e+00
1.314500229429963474e+00 1.485896229649221079e+00
1.320789704211924986e+00 1.630424833063625289e+00
1.327079178993886499e+00 2.598470948173713602e+00
1.333368653775848012e+00 2.023664333820009098e+00
1.339658128557809524e+00 1.531206026718702651e+00
1.345947603339771037e+00 2.864169345421728963e+00
1.352237078121732772e+00 1.162318996079985567e+00
1.358526552903694284e+00 2.357314012685474580e+00
1.364816027685655797e+00 1.346238781868600798e+00
1.371105502467617310e+00 1.691829040753614732e+00
1.377394977249578822e+00 2.422123296561200512e+00
1.383684452031540335e+00 2.838444955344014531e+00
1.389973926813502070e+00 2.939544425289177809e+00
1.396263401595463582e+00 1.357409555394692102e+00
1.402552876377425095e+00 2.690076213713139541e+00
1.408842351159386608e+00 2.118032645226929134e+00
1.415131825941348120e+00 1.942325480136034788e+00
1.421421300723309633e+00 2.122437172535382111e+00
1.427710775505271146e+00 2.560619217497513311e+00
1.434000250287232880e+00 2.174853108946980917e+00
1.440289725069194393e+00 8.871357629736043027e-01
1.446579199851155906e+00 8.848540563844389251e-01
1.452868674633117418e+00 1.533318213452859569e+00
1.459158149415078931e+00 2.041070567405621095e+00
1.465447624197040444e+00 1.974922537261028399e+00
1.471737098979002178e+00 8.046891401410991573e-01
1.478026573760963691e+00 2.217130730130507210e+00
1.484316048542925204e+00 1.667287006097573521e+00
1.490605523324886716e+00 1.079972225138009723e+00
1.496894998106848229e+00 5.836848388608508742e-01
1.503184472888809742e+00 1.024640042826571396e+00
1.509473947670771476e+00 1.036827073030758717e+00
1.515763422452732989e+00 1.737484060336706104e+00
1.522052897234694502e+00 2.001346564242322934e+00
1.528342372016656014e+00 9.372924653287029173e-01
1.534631846798617527e+00 1.318012158237657605e+00
1.540921321580579040e+00 1.955103606893740853e+00
1.547210796362540552e+00 4.587779698089394786e-01
1.553500271144502287e+00 6.251091511384996302e-01
1.559789745926463800e+00 9.404457659677031289e-01
1.566079220708425312e+00 1.484753310737773502e+00
1.572368695490386825e+00 4.259531514342014824e-01
1.578658170272348338e+00 4.815890366523366550e-01
1.584947645054309850e+00 1.207606607483742600e+00
1.591237119836271585e+00 2.151737443490531754e-01
1.597526594618233098e+00 1.513411693732090502e+00
1.603816069400194610e+00 -1.385307639430641835e-01
1.610105544182156123e+00 -3.923939405434804240e-01
1.616395018964117636e+00 1.276345818859619063e+00
1.622684493746079148e+00 -5.849237431627178907e-01
1.628973968528040661e+00 3.817203499145801482e-01
1.635263443310002396e+00 5.765550793207494529e-01
1.641552918091963909e+00 -5.689212727151656823e-01
1.647842392873925421e+00 5.941009631312816897e-01
1.654131867655886934e+00 -4.296773768469954735e-01
1.660421342437848446e+00 1.031583529659167997e-01
1.666710817219809959e+00 1.900745103469212438e-01
1.673000292001771694e+00 6.807850426431842905e-01
1.679289766783733207e+00 3.848688404342455183e-01
1.685579241565694719e+00 -3.541562212025943790e-01
1.691868716347656232e+00 2.139536266743569115e-03
1.698158191129617745e+00 2.248934256373620322e-01
1.704447665911579257e+00 -9.424002354226912459e-02
1.710737140693540770e+00 -6.194868338657373297e-01
1.717026615475502505e+00 1.495991842715624909e-01
1.723316090257464017e+00 -1.308689607130402832e+00
1.729605565039425530e+00 -9.153078773059808437e-01
1.735895039821387043e+00 2.612550055024904783e-01
1.742184514603348555e+00 -3.850972508172023634e-01
1.748473989385310068e+00 -7.782823447831441754e-01
1.754763464167271803e+00 9.433649460763482431e-02
1.761052938949233315e+00 -3.296031214066337256e-01
1.767342413731194828e+00 -1.495848698188540826e+00
1.773631888513156341e+00 1.529387595297062585e-01
1.779921363295117853e+00 -6.000039724917849426e-01
1.786210838077079366e+00 -1.312832403773902978e+00
1.792500312859041101e+00 -1.647149972353401104e+00
1.798789787641002613e+00 -1.225123708254289623e+00
1.805079262422964126e+00 -1.718887199165238355e+00
1.811368737204925639e+00 -1.543932439656788613e+00
1.817658211986887151e+00 -1.512777021701254165e+00
1.823947686768848664e+00 -1.159187754905464107e+00
1.830237161550810177e+00 -1.561599445903464778e+00
1.836526636332771911e+00 -7.304219198841523930e-01
1.842816111114733424e+00 -2.714149028034618105e-01
1.849105585896694937e+00 -1.847014064583536452e-01
1.855395060678656449e+00 -1.502361716195002028e-01
1.861684535460617962e+00 -1.891995289933972479e+00
1.867974010242579475e+00 -1.108042220152563706e+00
1.874263485024541209e+00 -1.956306573494369649e+00
1.880552959806502722e+00 -1.155967850495889904e+00
1.886842434588464235e+00 -1.375883053088782892e+00
1.893131909370425747e+00 -6.483649490509650892e-01
1.899421384152387260e+00 -2.014143334739886271e+00
1.905710858934348773e+00 -1.549675056862259925e+00
1.912000333716310507e+00 -1.588527961897459040e-01
1.918289808498272020e+00 -1.496082338273638568e+00
1.924579283280233533e+00 -3.920574245469956587e-01
1.930868758062195045e+00 -2.622066175918436048e-01
1.937158232844156558e+00 -1.621861973264709711e+00
1.943447707626118071e+00 -1.431497274581578161e+00
1.949737182408079583e+00 -4.716439781295711509e-01
1.956026657190041318e+00 -1.580988187510731890e+00
1.962316131972002831e+00 -1.060406125120763488e+00
1.968605606753964343e+00 -6.794549715279785129e-01
1.974895081535925856e+00 -3.485967988745060087e-01
1.981184556317887369e+00 -7.727230777001359296e-01
1.987474031099848881e+00 1.182955839288066802e-01
1.993763505881810616e+00 2.340388945550420097e-02
2.000052980663772129e+00 -7.027977446517117421e-01
2.006342455445733641e+00 -1.682248026074437242e+00
2.012631930227695154e+00 -1.416873656735352371e+00
2.018921405009656667e+00 -2.120916643594743523e-01
2.025210879791618179e+00 -1.067358052206350605e+00
2.031500354573579692e+00 -1.294848759330815113e+00
2.037789829355541205e+00 -9.553070973495190188e-01
2.044079304137502717e+00 2.866440569590562593e-01
2.050368778919464230e+00 -1.452645599273480581e+00
2.056658253701426187e+00 -1.053446213195650127e+00
2.062947728483387699e+00 -1.242125578143443043e+00
2.069237203265349212e+00 -7.270959187433791993e-01
2.075526678047310725e+00 9.900861630586943463e-02
2.081816152829272237e+00 -8.363088862111132116e-01
2.088105627611233750e+00 7.345115861720530326e-01
2.094395102393195263e+00 8.546068931996984031e-01
2.100684577175156775e+00 -8.916094680602728584e-01
2.106974051957118288e+00 2.469053554561585484e-01
2.113263526739079801e+00 6.525983780980623150e-01
2.119553001521041313e+00 -7.693061595057015811e-01
2.125842476303002826e+00 7.834620042639922621e-01
2.132131951084964339e+00 6.027644473122653057e-01
2.138421425866926295e+00 6.760706166609287138e-02
2.144710900648887808e+00 3.884108658898237643e-01
2.151000375430849321e+00 3.812742253953398386e-01
2.157289850212810833e+00 1.337970289087686560e+00
2.163579324994772346e+00 5.868703801192940439e-01
2.169868799776733859e+00 1.223285153268310887e+00
2.176158274558695371e+00 -3.155205703907162373e-01
2.182447749340656884e+00 9.466936677159031310e-01
2.188737224122618397e+00 -8.853043707138846807e-02
2.195026698904579909e+00 5.620660450279999498e-01
2.201316173686541422e+00 1.325849091352369280e+00
2.207605648468502935e+00 8.706672418874643604e-01
2.213895123250464891e+00 1.004777100997375605e+00
2.220184598032426404e+00 1.700987553995986223e-01
2.226474072814387917e+00 4.003730107558430285e-01
2.232763547596349429e+00 1.763445691187294662e+00
2.239053022378310942e+00 1.496238380765423592e+00
2.245342497160272455e+00 1.271263275315361208e+00
2.251631971942233967e+00 1.464785505495807882e+00
2.257921446724195480e+00 1.185967912559038773e+00
2.264210921506156993e+00 1.105456072147689150e+00
2.270500396288118505e+00 6.505789846279128597e-01
2.276789871070080018e+00 1.023205067746313812e+00
2.283079345852041531e+00 8.177961437268823630e-01
2.289368820634003043e+00 1.621078880615147710e+00
2.295658295415965000e+00 1.129703485160983290e+00
2.301947770197926513e+00 1.080725623424723114e+00
2.308237244979888025e+00 9.658126289710740053e-01
2.314526719761849538e+00 2.749734584587763209e+00
2.320816194543811051e+00 2.699664573762714070e+00
2.327105669325772563e+00 2.751514759639198004e+00
2.333395144107734076e+00 2.406002404992683363e+00
2.339684618889695589e+00 1.332918302149951328e+00
2.345974093671657101e+00 2.820219848481885450e+00
2.352263568453618614e+00 2.576955372408377798e+00
2.358553043235580127e+00 2.873238677841852606e+00
2.364842518017541639e+00 2.571013172609392772e+00
2.371131992799503152e+00 2.576459816624609989e+00
2.377421467581465109e+00 2.941873821972037284e+00
2.383710942363426621e+00 2.043922265115078130e+00
2.390000417145388134e+00 3.533203580679976419e+00
2.396289891927349647e+00 1.685130444281712991e+00
2.402579366709311159e+00 2.229362726616281432e+00
2.408868841491272672e+00 2.505223438092984978e+00
2.415158316273234185e+00 2.333660499274373024e+00
2.421447791055195697e+00 3.667554928954595006e+00
2.427737265837157210e+00 3.137201701222859462e+00
2.434026740619118723e+00 2.606601140846409592e+00
2.440316215401080235e+00 2.794070973270788016e+00
2.446605690183041748e+00 3.604832148836565331e+00
2.452895164965003261e+00 3.298378434356690647e+00
2.459184639746965217e+00 2.193690683098469041e+00
2.465474114528926730e+00 2.751905949992132783e+00
2.471763589310888243e+00 2.200135989406505566e+00
2.478053064092849755e+00 2.256428815141223509e+00
2.484342538874811268e+00 2.340042008909783977e+00
2.490632013656772781e+00 2.746958603567482893e+00
2.496921488438734293e+00 3.756557510879784179e+00
2.503210963220695806e+00 3.050235065520305433e+00
2.509500438002657319e+00 3.598010277432351245e+00
2.515789912784618831e+00 3.419969397985439752e+00
2.522079387566580344e+00 2.145324721214232788e+00
2.528368862348541857e+00 3.510864900594186544e+00
2.534658337130503369e+00 2.112059093788716702e+00
2.540947811912465326e+00 2.286158984811096140e+00
2.547237286694426839e+00 2.124112221219965235e+00
2.553526761476388351e+00 2.529763019918377154e+00
2.559816236258349864e+00 2.660326377707553647e+00
2.566105711040311377e+00 3.300395361231384328e+00
2.572395185822272889e+00 2.334069480136841790e+00
2.578684660604234402e+00 2.566815539758673381e+00
2.584974135386195915e+00 2.036766643306031632e+00
2.591263610168157427e+00 2.922774200607511919e+00
2.597553084950118940e+00 2.433924275667407322e+00
2.603842559732080453e+00 2.533300976866063259e+00
2.610132034514041965e+00 3.443823341174774733e+00
2.616421509296003478e+00 3.517545550538378585e+00
2.622710984077965435e+00 3.092753051707441081e+00
2.629000458859926947e+00 2.752914390682195567e+00
2.635289933641888460e+00 2.588721792626997420e+00
2.641579408423849973e+00 1.664212904409198446e+00
2.647868883205811485e+00 2.200615806254054174e+00
2.654158357987772998e+00 2.725165645201581111e+00
2.660447832769734511e+00 1.734154111112889973e+00
2.666737307551696023e+00 2.354293442753355947e+00
2.673026782333657536e+00 2.754947350245916748e+00
2.679316257115619049e+00 1.316015926804938507e+00
2.685605731897580561e+00 1.527086075658681263e+00
2.691895206679542074e+00 1.655533312473109531e+00
2.698184681461504031e+00 2.231486964957609231e+00
2.704474156243465544e+00 1.492199941613678194e+00
2.710763631025427056e+00 1.300845497800328321e+00
2.717053105807388569e+00 1.762881791365792372e+00
2.723342580589350082e+00 2.320032553386570662e+00
2.729632055371311594e+00 2.125708169459551211e+00
2.735921530153273107e+00 1.216707296413716666e+00
2.742211004935234619e+00 1.674589769299983821e+00
2.748500479717196132e+00 8.317309021286741766e-01
2.754789954499157645e+00 1.478193717955895714e+00
2.761079429281119157e+00 2.231611476504204994e+00
2.767368904063080670e+00 2.250695582400323858e+00
2.773658378845042183e+00 1.150992743632957449e+00
2.779947853627004140e+00 1.547989245526057545e+00
2.786237328408965652e+00 1.069624778822600097e+00
2.792526803190927165e+00 1.972585445898998202e+00
2.798816277972888678e+00 3.273225933724570047e-01
2.805105752754850190e+00 1.799338637720684364e+00
2.811395227536811703e+00 1.464796910611384950e+00
2.817684702318773216e+00 1.151805543777048024e+00
2.823974177100734728e+00 1.453213805073557685e+00
2.830263651882696241e+00 1.410318878857894198e+00
2.836553126664657754e+00 1.092127257202064383e+00
2.842842601446619266e+00 1.614164229854656352e+00
2.849132076228580779e+00 -5.695950328310067645e-02
2.855421551010542291e+00 7.333293031763559178e-01
2.861711025792504248e+00 1.000288526652527210e+00
2.868000500574465761e+00 1.318596264154848097e+00
2.874289975356427274e+00 -1.349107762537493649e-02
2.880579450138388786e+00 7.083397018641168774e-02
2.886868924920350299e+00 3.525223672992116031e-01
2.893158399702311812e+00 9.676430935907097686e-01
2.899447874484273324e+00 -4.827262334694000234e-01
2.905737349266234837e+00 3.510521269921137444e-01
2.912026824048196350e+00 -1.934074469187883061e-01
2.918316298830157862e+00 3.030223172023658318e-01
2.924605773612119375e+00 3.267200570930638426e-01
2.930895248394080888e+00 8.183597364209789227e-01
2.937184723176042400e+00 4.936423395868685393e-01
2.943474197958004357e+00 4.635934087888862187e-01
2.949763672739965870e+00 8.993066070534079248e-01
2.956053147521927382e+00 6.835892770463480872e-02
2.962342622303888895e+00 -5.148155546712753772e-01
2.968632097085850408e+00 -4.135594482939475292e-02
2.974921571867811920e+00 1.465018379258382630e-01
2.981211046649773433e+00 5.767921515401401855e-01
2.987500521431734946e+00 -1.068825647756260988e+00
2.993789996213696458e+00 -1.001427916455334577e+00
3.000079470995657971e+00 5.230586375072732164e-01
3.006368945777619484e+00 -1.313791778226460982e+00
3.012658420559580996e+00 -3.301295391179501770e-01
3.018947895341542953e+00 -1.021153317030090824e+00
3.025237370123504466e+00 4.299985194943316547e-01
3.031526844905465978e+00 1.013333768431883275e-01
3.037816319687427491e+00 -9.191535577018836722e-01
3.044105794469389004e+00 -1.389210192694463331e-01
3.050395269251350516e+00 2.278164286677264450e-01
3.056684744033312029e+00 -1.507546082606257443e+00
3.062974218815273542e+00 -7.860991434465691707e-01
3.069263693597235054e+00 2.158133863107383199e-01
3.075553168379196567e+00 -7.746253051506868381e-01
3.081842643161158080e+00 6.720715539007349193e-02
3.088132117943119592e+00 -4.940685122799661766e-01
3.094421592725081105e+00 -1.267007218503052535e+00
3.100711067507043062e+00 -1.641578647552344838e+00
3.107000542289004574e+00 -1.547379186933515172e-01
3.113290017070966087e+00 -1.419432442278670825e+00
3.119579491852927600e+00 -1.002374821390781268e-01
3.125868966634889112e+00 -5.447499864635749756e-01
3.132158441416850625e+00 -6.653521979376002538e-01
3.138447916198812138e+00 2.005964382379095134e-01
3.144737390980773650e+00 2.646665589163508248e-01
3.151026865762735163e+00 -9.263600148387511890e-01
3.157316340544696676e+00 -7.025345497187727162e-01
3.163605815326658188e+00 -5.805680000477879688e-01
3.169895290108619701e+00 2.071950789535936810e-01
3.176184764890581214e+00 -2.496589150638961474e-01
3.182474239672543170e+00 -1.103251025795602969e+00
3.188763714454504683e+00 -8.539239723014704353e-01
3.195053189236466196e+00 -1.188317475461795780e+00
3.201342664018427708e+00 -3.157912388658474789e-01
3.207632138800389221e+00 -4.100848698380588075e-02
3.213921613582350734e+00 -1.349665439397945255e+00
3.220211088364312246e+00 -9.686721074905491058e-01
3.226500563146273759e+00 4.662719560559163146e-01
3.232790037928235272e+00 2.566351800064772259e-01
3.239079512710196784e+00 -4.790775836127858511e-01
3.245368987492158297e+00 1.316858009052197520e-01
3.251658462274119810e+00 5.257553428750338931e-01
3.257947937056081322e+00 5.999888910451907087e-01
3.264237411838043279e+00 -2.175749241676068202e-01
3.270526886620004792e+00 -9.135936629373782036e-01
3.276816361401966304e+00 -1.053962575010944924e-01
3.283105836183927817e+00 -2.464767174761040014e-01
3.289395310965889330e+00 -8.288493252316080362e-01
3.295684785747850842e+00 3.488879987113979730e-02
3.301974260529812355e+00 5.286253157254887647e-01
3.308263735311773868e+00 -1.355804634724151470e-01
3.314553210093735380e+00 9.475434010039451849e-02
3.320842684875696893e+00 -4.046411543299963665e-01
3.327132159657658406e+00 -5.242171155364726554e-01
3.333421634439619918e+00 -9.898903900028854785e-02
3.339711109221581431e+00 -2.460111401847545620e-01
3.346000584003543388e+00 1.157608167946367450e+00
3.352290058785504900e+00 -6.815136915048973787e-01
3.358579533567466413e+00 -6.996194365075207866e-01
3.364869008349427926e+00 -4.766564060860911667e-01
3.371158483131389438e+00 -5.337660361701400680e-01
3.377447957913350951e+00 -5.727338478078691786e-01
3.383737432695312464e+00 3.278554444706763826e-01
3.390026907477273976e+00 2.249525348474168407e-01
3.396316382259235489e+00 6.794947348651794172e-01
3.402605857041197002e+00 -2.159433300497761721e-01
3.408895331823158514e+00 -3.630875207773932578e-01
3.415184806605120027e+00 1.088342652721870918e-01
3.421474281387081540e+00 8.653175882758609161e-01
3.427763756169043496e+00 1.304944549135441445e+00
3.434053230951005009e+00 8.643107971341585927e-01
3.440342705732966522e+00 -7.257423833884185660e-02
3.446632180514928034e+00 8.307180126888941141e-03
3.452921655296889547e+00 8.913908022318013380e-01
3.459211130078851060e+00 1.905673277520253395e+00
3.465500604860812572e+00 1.126120929018300298e+00
3.471790079642774085e+00 8.028132050601874958e-01
3.478079554424735598e+00 4.528464242421600949e-01
3.484369029206697110e+00 5.451326782844772012e-01
3.490658503988658623e+00 1.405095375436173244e+00
3.496947978770620136e+00 6.612202241495668265e-01
3.503237453552582092e+00 7.533875860909495792e-01
3.509526928334543605e+00 9.305737084041916241e-01
3.515816403116505118e+00 1.943336443442940764e+00
3.522105877898466630e+00 2.087192469258929872e+00
3.528395352680428143e+00 1.588292236996075912e+00
3.534684827462389656e+00 2.363429010695816679e+00
3.540974302244351168e+00 1.183013041402775967e+00
3.547263777026312681e+00 8.657314446672665920e-01
3.553553251808274194e+00 2.318299820404012834e+00
3.559842726590235706e+00 1.750727459910724759e+00
3.566132201372197219e+00 1.506511525882694436e+00
3.572421676154158732e+00 1.538894271516363821e+00
3.578711150936120244e+00 1.371383666706990523e+00
3.585000625718082201e+00 2.289720597806333302e+00
3.591290100500043714e+00 2.174956617823685434e+00
3.597579575282005226e+00 2.381210600001345767e+00
3.603869050063966739e+00 9.152286454778624236e-01
3.610158524845928252e+00 9.226740030260153214e-01
3.616447999627889764e+00 1.876713196027450792e+00
3.622737474409851277e+00 1.578910855068484276e+00
3.629026949191812790e+00 2.094204026044740985e+00
3.635316423973774302e+00 1.522181835232429226e+00
3.641605898755735815e+00 1.085528899992283414e+00
3.647895373537697328e+00 2.612367380383162185e+00
3.654184848319658840e+00 2.552400431694138216e+00
3.660474323101620353e+00 1.144796814274396501e+00
3.666763797883582310e+00 1.964519194013601755e+00
3.673053272665543822e+00 1.333179557805472815e+00
3.679342747447505335e+00 1.547239046285185937e+00
3.685632222229466848e+00 2.677780176519586330e+00
3.691921697011428360e+00 2.451990064556440529e+00
3.698211171793389873e+00 1.787262590995719380e+00
3.704500646575351386e+00 1.488797776966515052e+00
3.710790121357312898e+00 2.407086232937130532e+00
3.717079596139274411e+00 1.708975691896475801e+00
3.723369070921235924e+00 2.239608320492003202e+00
3.729658545703197436e+00 2.189349478609870836e+00
3.735948020485158949e+00 2.600579535221475780e+00
3.742237495267120462e+00 1.151805646682623641e+00
3.748526970049082419e+00 2.964191860805784451e+00
3.754816444831043931e+00 2.473786356787880614e+00
3.761105919613005444e+00 2.664719348092346785e+00
3.767395394394966956e+00 3.080481754659792237e+00
3.773684869176928469e+00 2.031895834320725847e+00
3.779974343958889982e+00 1.194285952612454293e+00
3.786263818740851494e+00 1.172188185538168170e+00
3.792553293522813007e+00 2.816651123019542347e+00
3.798842768304774520e+00 1.289622595118000037e+00
3.805132243086736032e+00 1.947535792321493542e+00
3.811421717868697545e+00 2.110792425031432273e+00
3.817711192650659058e+00 2.015987152916032699e+00
3.824000667432621015e+00 2.179114571079867169e+00
3.830290142214582527e+00 2.764922469721892817e+00
3.836579616996544040e+00 2.094583553267734377e+00
3.842869091778505553e+00 1.634437832293742954e+00
3.849158566560467065e+00 2.915361634636515209e+00
3.855448041342428578e+00 2.142471422932661351e+00
3.861737516124390091e+00 1.467236969660886459e+00
3.868026990906351603e+00 1.681766891164405919e+00
3.874316465688313116e+00 1.706479885904702343e+00
3.880605940470274628e+00 2.382244218598015273e+00
3.886895415252236141e+00 1.576385051119539416e+00
3.893184890034197654e+00 2.234906703529423666e+00
3.899474364816159166e+00 1.317273526818274476e+00
3.905763839598121123e+00 2.095298132094525645e+00
3.912053314380082636e+00 1.477613726589066978e+00
3.918342789162044149e+00 1.018471357650314602e+00
3.924632263944005661e+00 2.153197188792019823e+00
3.930921738725967174e+00 6.601962759887375354e-01
3.937211213507928687e+00 9.972369001147751710e-01
3.943500688289890199e+00 6.434747490724601615e-01
3.949790163071851712e+00 1.671577726016675314e+00
3.956079637853813225e+00 1.677189228076575889e+00
3.962369112635774737e+00 1.728658588907871163e+00
3.968658587417736250e+00 2.213287702594378459e+00
3.974948062199697763e+00 1.238538317444465964e+00
3.981237536981659275e+00 2.164020745565351067e+00
3.987527011763621232e+00 2.267146335503005705e+00
3.993816486545582745e+00 1.254822129351565563e+00
4.000105961327544257e+00 1.204937866823823978e+00
4.006395436109505326e+00 2.094168447260019050e+00
4.012684910891467283e+00 2.052544510952776236e+00
4.018974385673428351e+00 3.276560451552481545e-01
4.025263860455390308e+00 1.688462042493900750e+00
4.031553335237352265e+00 1.745378587098700418e+00
4.037842810019313333e+00 1.209533833263004343e+00
4.044132284801275290e+00 1.028503264422397923e+00
4.050421759583236359e+00 1.379634852995957894e+00
4.056711234365198315e+00 9.940128728563764060e-01
4.063000709147159384e+00 7.556043021982088437e-01
4.069290183929121341e+00 3.840749076531418393e-01
4.075579658711082409e+00 7.699082897131869219e-01
4.081869133493044366e+00 1.349374309719078457e+00
4.088158608275005435e+00 7.695373372648097732e-01
4.094448083056967391e+00 1.657897783878010234e+00
4.100737557838928460e+00 9.237063812314451061e-01
4.107027032620890417e+00 8.927902722110496736e-01
4.113316507402852373e+00 2.701386578448594644e-01
4.119605982184813442e+00 1.509789997133352824e+00
4.125895456966775399e+00 9.858985277100871247e-01
4.132184931748736467e+00 1.373986349568929066e+00
4.138474406530698424e+00 4.277191090545738317e-01
4.144763881312659493e+00 4.657919831243561015e-01
4.151053356094621449e+00 1.044898655805413412e+00
4.157342830876582518e+00 4.682742687032434570e-01
4.163632305658544475e+00 -2.858225855818010697e-01
4.169921780440505543e+00 5.676103013898106120e-01
4.176211255222467500e+00 1.512366457337079417e+00
4.182500730004428569e+00 6.836542774040036408e-01
4.188790204786390525e+00 2.981716273597925237e-01
4.195079679568352482e+00 1.244978289958700302e-01
4.201369154350313551e+00 1.445957879903336796e+00
4.207658629132275507e+00 1.329085696005131156e+00
4.213948103914236576e+00 7.492581872555319489e-01
4.220237578696198533e+00 6.237022590350083107e-02
4.226527053478159601e+00 8.249001046238855217e-01
4.232816528260121558e+00 1.029409836999805039e-01
4.239106003042082627e+00 -5.743566286555723543e-02
4.245395477824044583e+00 8.380765642368182000e-01
4.251684952606005652e+00 1.470260428238798767e-01
4.257974427387967609e+00 6.970584513766959756e-01
4.264263902169928677e+00 -5.083511724349016880e-01
4.270553376951890634e+00 -1.085366833864238600e-01
4.276842851733852591e+00 -2.426766191442636389e-01
4.283132326515813659e+00 1.284351091450158577e+00
4.289421801297775616e+00 9.745715243414183604e-01
4.295711276079736685e+00 5.566045283465954618e-01
4.302000750861698641e+00 5.598161242825137052e-01
4.308290225643659710e+00 -1.085024727243433240e-01
4.314579700425621667e+00 1.089245516967196181e+00
4.320869175207582735e+00 -3.794453716858469106e-01
4.327158649989544692e+00 4.571007544283699486e-01
4.333448124771505761e+00 -1.897223051656597992e-01
4.339737599553467717e+00 3.070769706757469075e-01
4.346027074335428786e+00 7.653035159452724612e-01
4.352316549117390743e+00 1.826140985361486280e-01
4.358606023899352699e+00 6.316073698144833992e-01
4.364895498681313768e+00 -2.670659031562351293e-01
4.371184973463275725e+00 -4.878803265977027515e-01
4.377474448245236793e+00 9.568626341198108731e-01
4.383763923027198750e+00 5.232080132449468124e-03
4.390053397809159819e+00 1.049571736792390686e-01
4.396342872591121775e+00 -1.371222500870465932e-01
4.402632347373082844e+00 6.801046499634753051e-01
4.408921822155044801e+00 -3.592522341781743123e-01
4.415211296937005869e+00 -2.341431539828033870e-01
4.421500771718967826e+00 8.539679370719289730e-01
4.427790246500929783e+00 -1.869593351960743277e-01
4.434079721282890851e+00 3.842368159267054439e-01
4.440369196064852808e+00 1.359856477090258808e+00
4.446658670846813877e+00 1.387044124527927691e+00
4.452948145628775833e+00 2.714868937049510489e-01
4.459237620410736902e+00 9.537280456178716115e-01
4.465527095192698859e+00 9.800008194375237069e-01
4.471816569974659927e+00 -3.711803062122064345e-01
4.478106044756621884e+00 7.929369148898883779e-01
4.484395519538582953e+00 9.034606711627235498e-02
4.490684994320544909e+00 -1.557486789045589570e-01
4.496974469102505978e+00 -1.199064272019956245e-01
4.503263943884467935e+00 -3.633608389991036525e-01
4.509553418666429891e+00 9.612223594048852071e-01
4.515842893448390960e+00 1.564488311947046739e+00
4.522132368230352917e+00 3.166121966715323421e-01
4.528421843012313985e+00 -3.852460554643659663e-01
4.534711317794275942e+00 1.365050535839763324e+00
4.541000792576237011e+00 7.719859770735401083e-01
4.547290267358198967e+00 9.232741448653716265e-01
4.553579742140160036e+00 3.902563353394614132e-01
4.559869216922121993e+00 5.693717228367896066e-01
4.566158691704083061e+00 5.592012700518786961e-01
4.572448166486045018e+00 3.080071637985841715e-01
4.578737641268006087e+00 1.023774423496624397e+00
4.585027116049968043e+00 4.422704957890261079e-01
4.591316590831930000e+00 2.400799330471847237e-01
4.597606065613891069e+00 1.355252954053859593e+00
4.603895540395853025e+00 -1.283721902207889398e-01
4.610185015177814094e+00 -2.599131118773814197e-01
4.616474489959776051e+00 -1.178381101249066920e-01
4.622763964741737119e+00 -2.149035890925126147e-01
4.629053439523699076e+00 6.492784705420187041e-01
4.635342914305660145e+00 6.516650534538618311e-01
4.641632389087622101e+00 2.631897486788481455e-02
4.647921863869583170e+00 6.664605214013075152e-02
4.654211338651545127e+00 1.083087310730050046e+00
4.660500813433506195e+00 -1.746493346478586450e-01
4.666790288215468152e+00 1.247947363329149351e-01
4.673079762997430109e+00 1.210150062328532172e+00
4.679369237779391177e+00 1.623216251475545491e+00
4.685658712561353134e+00 5.091868528781345882e-02
4.691948187343314203e+00 1.647092356226655507e+00
4.698237662125276159e+00 1.586600005094511490e+00
4.704527136907237228e+00 1.372327550444129018e+00
4.710816611689199185e+00 5.560751183910462858e-01
4.717106086471160253e+00 4.577929722522811606e-01
4.723395561253122210e+00 6.463834466981757121e-01
4.729685036035083279e+00 1.630663103298169436e-01
4.735974510817045235e+00 1.306743485571772556e+00
4.742263985599006304e+00 1.529620577982593987e+00
4.748553460380968261e+00 7.534283737470348630e-01
4.754842935162930218e+00 -4.379079990229056696e-02
4.761132409944891286e+00 1.385795381921715030e-01
4.767421884726853243e+00 1.645062521178349169e+00
4.773711359508814311e+00 1.242220757057691749e+00
4.780000834290776268e+00 -2.030095776647276029e-01
4.786290309072737337e+00 9.945809938294185581e-01
4.792579783854699293e+00 1.051926624061637394e+00
4.798869258636660362e+00 -1.534090653558288220e-01
4.805158733418622319e+00 7.775531679630314219e-01
4.811448208200583387e+00 1.384065955273738657e+00
4.817737682982545344e+00 1.182756229869108555e+00
4.824027157764506413e+00 1.366862624790692315e+00
4.830316632546468369e+00 4.493769598349846572e-01
4.836606107328430326e+00 3.103376218295345046e-01
4.842895582110391395e+00 3.598563007037057782e-01
4.849185056892353352e+00 -3.133091774196935519e-01
4.855474531674314420e+00 1.396149170439881182e+00
4.861764006456276377e+00 8.593585338850660005e-01
4.868053481238237445e+00 1.421344560985161376e+00
4.874342956020199402e+00 1.974446108449857684e-01
4.880632430802160471e+00 -2.975942305661188891e-02
4.886921905584122428e+00 1.124706053761489688e+00
4.893211380366083496e+00 1.506395809977814304e+00
4.899500855148045453e+00 -1.517100325057606502e-01
4.905790329930006521e+00 -1.109217612629619376e-01
4.912079804711968478e+00 8.129171294068677778e-01
4.918369279493930435e+00 -8.053741830504357324e-02
4.924658754275891503e+00 -5.463734165744615900e-02
4.930948229057853460e+00 4.757890391332333380e-01
4.937237703839814529e+00 -2.608664441691370683e-01
4.943527178621776486e+00 5.493797475270405517e-01
4.949816653403737554e+00 1.088335489496315756e+00
4.956106128185699511e+00 6.752302793874302989e-01
4.962395602967660579e+00 -3.841639249365913500e-02
4.968685077749622536e+00 1.107108450981007852e+00
4.974974552531583605e+00 1.206394947753117508e+00
4.981264027313545562e+00 8.397696765394824236e-01
4.987553502095506630e+00 -4.068784479336721160e-01
4.993842976877468587e+00 -8.968589230962620285e-02
5.000132451659430544e+00 -1.621483612819276665e-01
5.006421926441391612e+00 8.223469593773442554e-01
5.012711401223353569e+00 1.025259980327840825e+00
5.019000876005314637e+00 -6.103860470051662990e-01
5.025290350787276594e+00 -5.855053668805370037e-01
5.031579825569237663e+00 6.037902585456498272e-01
5.037869300351199620e+00 -2.740811243940963760e-01
5.044158775133160688e+00 -1.744382727506715858e-01
5.050448249915122645e+00 5.672956053676179167e-01
5.056737724697083713e+00 5.580930024304006087e-01
5.063027199479045670e+00 9.822503675984426419e-01
5.069316674261006739e+00 1.229862683508666787e-01
5.075606149042968696e+00 3.925134206796079273e-01
5.081895623824930652e+00 -3.933010737285878022e-01
5.088185098606891721e+00 -5.301132792594615006e-01
5.094474573388853678e+00 5.965994174958685337e-01
5.100764048170814746e+00 -1.595970587234174509e-01
5.107053522952776703e+00 5.473884578868013495e-01
5.113342997734737772e+00 4.855006438317963635e-01
5.119632472516699728e+00 7.449116585232318233e-01
5.125921947298660797e+00 1.116680138780654197e+00
5.132211422080622754e+00 -1.978715151062404587e-03
5.138500896862583822e+00 3.808363112095245473e-01
5.144790371644545779e+00 -4.711536095922685963e-02
5.151079846426506847e+00 8.935535753975454298e-02
5.157369321208468804e+00 4.125928240249805423e-01
5.163658795990430761e+00 -4.384383228706216773e-01
5.169948270772391830e+00 -8.199850448049395002e-02
5.176237745554353786e+00 -4.502818784637362404e-01
5.182527220336314855e+00 6.141329392886814009e-01
5.188816695118276812e+00 -2.498866470518198435e-01
5.195106169900237880e+00 -5.497755020892022282e-01
5.201395644682199837e+00 1.004754052234351658e+00
5.207685119464160906e+00 1.042850879655888852e-01
5.213974594246122862e+00 8.912051342433060519e-01
5.220264069028083931e+00 8.761543046107918009e-01
5.226553543810045888e+00 9.049775877923271761e-01
5.232843018592006956e+00 -5.373850070249484023e-01
5.239132493373968913e+00 1.239962036303783988e+00
5.245421968155930870e+00 7.666380293171082272e-01
5.251711442937891938e+00 6.722283895805203358e-01
5.258000917719853895e+00 1.002440433589817381e+00
5.264290392501814964e+00 -4.926851644374641293e-01
5.270579867283776920e+00 1.062694648375504425e+00
5.276869342065737989e+00 -1.770080035072594260e-01
5.283158816847699946e+00 8.356223910635262042e-01
5.289448291629661014e+00 -1.373273660613751890e-01
5.295737766411622971e+00 6.268940787307042406e-01
5.302027241193584040e+00 -1.244781305322384402e-02
5.308316715975545996e+00 -4.185317250815093759e-01
5.314606190757507953e+00 6.614847529536207471e-01
5.320895665539469022e+00 1.384738906089478805e-01
5.327185140321430978e+00 1.411208244136950674e+00
5.333474615103392047e+00 -3.823651459883406489e-01
5.339764089885354004e+00 -1.046343153705981410e-01
5.346053564667315072e+00 1.392928181511392749e+00
5.352343039449277029e+00 1.392778177584222288e+00
5.358632514231238098e+00 1.076869309396536689e+00
5.364921989013200054e+00 3.596976696347317648e-01
5.371211463795161123e+00 1.708647291240521282e+00
5.377500938577123080e+00 8.704100691711090798e-01
5.383790413359084148e+00 -5.813696094902520706e-02
5.390079888141046105e+00 1.037486364645072268e+00
5.396369362923008062e+00 -9.841735171022347739e-02
5.402658837704969130e+00 9.438268641157234740e-01
5.408948312486931087e+00 1.792953310055033889e+00
5.415237787268892156e+00 6.131303209891896255e-01
5.421527262050854112e+00 1.299482633730799197e+00
5.427816736832815181e+00 4.100524590606146602e-01
5.434106211614777138e+00 4.680945966940627256e-01
5.440395686396738206e+00 1.329645034074205201e+00
5.446685161178700163e+00 1.835586559718536792e+00
5.452974635960661232e+00 1.897174017360081510e+00
5.459264110742623188e+00 1.865043842573207655e+00
5.465553585524584257e+00 1.197264488617525213e+00
5.471843060306546214e+00 1.897629274024221546e+00
5.478132535088508170e+00 1.205439237902092620e+00
5.484422009870469239e+00 1.527811789902231654e+00
5.490711484652431196e+00 2.188189847999511883e+00
5.497000959434392264e+00 1.962019706524990692e+00
5.503290434216354221e+00 6.935743559008638037e-01
5.509579908998315290e+00 2.112220703586390691e+00
5.515869383780277246e+00 1.140060494781119260e+00
5.522158858562238315e+00 2.279286332524832925e+00
5.528448333344200272e+00 2.109153994563924606e+00
5.534737808126161340e+00 1.545214673337800715e+00
5.541027282908123297e+00 1.052809616668680226e+00
5.547316757690084366e+00 1.189523662140449245e+00
5.553606232472046322e+00 2.123142961326252909e+00
5.559895707254008279e+00 7.599366218109249171e-01
5.566185182035969348e+00 1.873920219535609277e+00
5.572474656817931304e+00 7.447578969948344119e-01
5.578764131599892373e+00 2.521044648539513933e+00
5.585053606381854330e+00 1.035298073315369161e+00
5.591343081163815398e+00 1.388360768002218304e+00
5.597632555945777355e+00 9.405955191988800701e-01
5.603922030727738424e+00 7.072645626910507577e-01
5.610211505509700380e+00 2.023929009789026345e+00
5.616500980291661449e+00 1.338047126415766952e+00
5.622790455073623406e+00 1.252509093825503461e+00
5.629079929855584474e+00 1.711592178725934943e+00
5.635369404637546431e+00 2.281257468274426436e+00
5.641658879419508388e+00 2.483472216313602488e+00
5.647948354201469456e+00 2.199631428896588581e+00
5.654237828983431413e+00 2.563382872327036210e+00
5.660527303765392482e+00 8.168851965757764066e-01
5.666816778547354438e+00 2.501608322842627352e+00
5.673106253329315507e+00 1.935288355213307998e+00
5.679395728111277464e+00 1.733657559765385159e+00
5.685685202893238532e+00 1.002278822739686603e+00
5.691974677675200489e+00 1.307859186615316638e+00
5.698264152457161558e+00 2.113396700685258978e+00
5.704553627239123514e+00 9.202900402622227194e-01
5.710843102021084583e+00 9.456945503561866584e-01
5.717132576803046540e+00 8.643834643680933238e-01
5.723422051585008496e+00 1.798118018109692073e+00
5.729711526366969565e+00 2.457794425713018427e+00
5.736001001148931522e+00 1.890085393629335364e+00
5.742290475930892590e+00 2.398454329435993237e+00
5.748579950712854547e+00 2.613281628994573058e+00
5.754869425494815616e+00 1.471978344380379555e+00
5.761158900276777572e+00 1.020054613982380509e+00
5.767448375058738641e+00 1.303784789353232165e+00
5.773737849840700598e+00 1.645461344104901524e+00
5.780027324622661666e+00 2.143159750776514549e+00
5.786316799404623623e+00 1.632318707418218606e+00
5.792606274186584692e+00 1.934259760559246644e+00
5.798895748968546648e+00 1.269400132315231744e+00
5.805185223750508605e+00 1.975160742475325470e+00
5.811474698532469674e+00 7.778998255297768782e-01
5.817764173314431631e+00 4.784801444907846313e-01
5.824053648096392699e+00 1.559739754627218034e+00
5.830343122878354656e+00 8.155206642533583405e-01
5.836632597660315724e+00 1.959295185696006358e+00
5.842922072442277681e+00 2.015581712805478709e+00
5.849211547224238750e+00 2.053088647366692499e+00
5.855501022006200706e+00 1.205672225367357075e+00
5.861790496788161775e+00 2.978567965684071339e-01
5.868079971570123732e+00 1.564226186327779544e+00
5.874369446352084800e+00 2.027424031335890664e+00
5.880658921134046757e+00 8.664791374104847677e-01
5.886948395916008714e+00 3.241988794974354771e-01
5.893237870697969782e+00 1.780170767319046110e+00
5.899527345479931739e+00 7.641112395168042637e-01
5.905816820261892808e+00 1.838484138967480197e+00
5.912106295043854765e+00 9.691999288804153956e-01
5.918395769825815833e+00 5.799071599275675837e-01
5.924685244607777790e+00 1.746063581363234807e+00
5.930974719389738858e+00 1.469686440808157801e+00
5.937264194171700815e+00 1.740609933640247409e+00
5.943553668953661884e+00 1.106543242834908458e+00
5.949843143735623840e+00 1.293760901527071461e+00
5.956132618517584909e+00 -3.723314185577255020e-01
5.962422093299546866e+00 -4.065585028009932045e-01
5.968711568081508823e+00 -8.647920952833421104e-02
5.975001042863469891e+00 1.335155841209620942e-01
5.981290517645431848e+00 1.244536503407917660e+00
5.987579992427392916e+00 1.247144023848467898e+00
5.993869467209354873e+00 7.127753897308526376e-01
6.000158941991315942e+00 -1.126669439685137331e-01
6.006448416773277899e+00 7.410461105751073863e-01
6.012737891555238967e+00 -4.995072814265566485e-01
6.019027366337200924e+00 -3.296236027609245056e-02
6.025316841119161992e+00 -5.620049217818527953e-01
6.031606315901123949e+00 6.103052521473020242e-01
6.037895790683085906e+00 7.851289775536325344e-01
6.044185265465046974e+00 4.238100705544556313e-01
6.050474740247008931e+00 -1.648483618676712670e-01
6.056764215028970000e+00 -8.494065015540639418e-01
6.063053689810931957e+00 3.825652808406005967e-01
6.069343164592893025e+00 2.419605223154648321e-01
6.075632639374854982e+00 1.598982401953346066e-01
6.081922114156816050e+00 -5.738742972566799327e-01
6.088211588938778007e+00 -9.037737395634863891e-01
6.094501063720739076e+00 -9.680694077666189834e-01
6.100790538502701033e+00 -7.761132661311898051e-01
6.107080013284662101e+00 -2.446057883154646451e-01
6.113369488066624058e+00 -9.906693844716536468e-01
6.119658962848586015e+00 -3.788300575297889328e-01
6.125948437630547083e+00 -9.914694585081769151e-01
6.132237912412509040e+00 -5.069017079699777995e-01
6.138527387194470109e+00 -8.992860380417755373e-01
6.144816861976432065e+00 -8.881663732527824706e-01
6.151106336758393134e+00 -3.800830464297975109e-01
6.157395811540355091e+00 -1.146106021580876488e+00
6.163685286322316159e+00 -7.706940994494875241e-01
6.169974761104278116e+00 -4.005673752588594372e-01
6.176264235886239184e+00 -5.374365965510450316e-01
6.182553710668201141e+00 -1.258519695853945963e+00
6.188843185450162210e+00 -6.520755806147779943e-01
6.195132660232124167e+00 -5.922078974882682978e-01
6.201422135014086123e+00 -4.178679333434995868e-01
6.207711609796047192e+00 -9.109873615590697860e-01
6.214001084578009149e+00 -2.087313529830283620e-01
6.220290559359970217e+00 -3.488584894517035018e-01
6.226580034141932174e+00 -8.536988919032753032e-01
6.232869508923893243e+00 -3.059469440515292238e-01
6.239158983705855199e+00 -3.486875525811456988e-01
6.245448458487816268e+00 -9.799288240920260851e-01
6.251737933269778225e+00 -1.774392283531606607e+00
6.258027408051739293e+00 -3.203650661635284447e-01
6.264316882833701250e+00 -1.451341170625661370e+00
6.270606357615662318e+00 -4.135541237642799128e-01
6.276895832397624275e+00 -1.566537146498099276e+00
6.283185307179586232e+00 -6.163127195809567915e-01
