0.000000000000000000e+00 -3.600240460529657849e-01
6.289474781961547356e-03 7.846788352083147178e-01
1.257894956392309471e-02 1.047482736149016436e+00
1.886842434588464207e-02 -1.522351498812614112e-01
2.515789912784618942e-02 -7.457813715994371373e-02
3.144737390980773678e-02 -1.259368053630011142e-02
3.773684869176928414e-02 3.306043786935277673e-01
4.402632347373083149e-02 1.095181190886777678e+00
5.031579825569237885e-02 1.418669017803736665e+00
5.660527303765392620e-02 5.344863054440890382e-01
6.289474781961547356e-02 1.330217125327496586e+00
6.918422260157702786e-02 -1.850894577125905549e-02
7.547369738353856827e-02 6.785800289789527540e-01
8.176317216550010869e-02 8.810727910846376520e-01
8.805264694746166299e-02 7.671284786964462921e-01
9.434212172942321728e-02 -4.067420635375995630e-02
1.006315965113847577e-01 1.584884996397662338e+00
1.069210712933462981e-01 7.579479627285387044e-01
1.132105460753078524e-01 6.102618900080584163e-01
1.195000208572694067e-01 1.499046415360186790e+00
1.257894956392309471e-01 9.952843064937157980e-01
1.320789704211924875e-01 -2.569778185463332809e-01
1.383684452031540557e-01 -1.818559492922271481e-01
1.446579199851155961e-01 9.955822432287451118e-01
1.509473947670771365e-01 -5.261283268316280237e-02
1.572368695490386770e-01 1.710069251577319704e-01
1.635263443310002174e-01 1.018544477259372361e+00
1.698158191129617856e-01 1.547883274503254025e+00
1.761052938949233260e-01 6.230819589475218301e-01
1.823947686768848664e-01 7.854101601876919414e-01
1.886842434588464346e-01 4.692348599838026546e-01
1.949737182408079750e-01 9.884624805663413394e-01
2.012631930227695154e-01 6.499189332111534601e-01
2.075526678047310558e-01 8.119503280221430641e-01
2.138421425866925962e-01 -8.578733070649313674e-02
2.201316173686541644e-01 1.285244757122007586e+00
2.264210921506157048e-01 8.705846580544202018e-01
2.327105669325772452e-01 7.168834770400160927e-01
2.390000417145388134e-01 9.035920555540692956e-01
2.452895164965003538e-01 -1.495307244814552128e-01
2.515789912784618942e-01 4.203594802266454877e-01
2.578684660604234624e-01 -2.274290696008128276e-01
2.641579408423849751e-01 -1.559471362758931834e-01
2.704474156243465433e-01 6.294561446754181055e-01
2.767368904063081114e-01 1.847312428691962327e-01
2.830263651882696241e-01 1.502964712757393073e+00
2.893158399702311923e-01 5.350975385869456424e-01
2.956053147521927049e-01 -1.906204775071810298e-01
3.018947895341542731e-01 1.095781818527784557e+00
3.081842643161158413e-01 -5.470347583351586884e-02
3.144737390980773539e-01 1.426154999670428136e-01
3.207632138800389221e-01 1.433664388911843002e+00
3.270526886620004348e-01 -1.226563862920828640e-01
3.333421634439620029e-01 1.016538448970149222e+00
3.396316382259235711e-01 4.105736029222768479e-01
3.459211130078850838e-01 6.853322111613671108e-01
3.522105877898466519e-01 1.252309329716862152e+00
3.585000625718082201e-01 -3.338501627032536279e-01
3.647895373537697328e-01 -1.629536039421639604e-01
3.710790121357313009e-01 6.798767199555177942e-01
3.773684869176928691e-01 8.357872892042468305e-01
3.836579616996543818e-01 1.146635528155836692e+00
3.899474364816159500e-01 6.370675061577568687e-01
3.962369112635774626e-01 -2.496912301780072063e-01
4.025263860455390308e-01 -3.838897305852843056e-01
4.088158608275005990e-01 5.386366790221362999e-01
4.151053356094621116e-01 1.063355683407255281e+00
4.213948103914236798e-01 -5.347492272524949630e-01
4.276842851733851925e-01 -3.639858445772207185e-01
4.339737599553467606e-01 9.413970453265654292e-01
4.402632347373083288e-01 4.016613075693822310e-01
4.465527095192698415e-01 9.481900626365991069e-01
4.528421843012314096e-01 -7.640931895884892633e-01
4.591316590831929778e-01 -5.552888614592033090e-01
4.654211338651544905e-01 8.772685898681034100e-01
4.717106086471160586e-01 -4.693717249758365684e-01
4.780000834290776268e-01 2.066380624766805951e-01
4.842895582110391395e-01 7.043261308270966081e-01
4.905790329930007077e-01 7.079307991739183237e-01
4.968685077749622203e-01 -2.947566972062101165e-01
5.031579825569237885e-01 -6.508606858078995749e-01
5.094474573388853011e-01 3.161070568704271722e-01
5.157369321208469248e-01 -6.231816446733238202e-01
5.220264069028084375e-01 9.122104084941020652e-01
5.283158816847699502e-01 6.868847338679660020e-01
5.346053564667315738e-01 5.646161785885943640e-01
5.408948312486930865e-01 -4.582103951292870736e-01
5.471843060306545992e-01 1.902666402180548388e-01
5.534737808126162228e-01 7.307188871036147670e-01
5.597632555945777355e-01 6.952268950337081588e-01
5.660527303765392482e-01 4.427723523911606396e-01
5.723422051585007608e-01 8.146176166348673142e-02
5.786316799404623845e-01 -2.732754758731181788e-02
5.849211547224238972e-01 -2.486127931466730612e-01
5.912106295043854098e-01 -2.328562259860864625e-01
5.975001042863470335e-01 -5.370092886891590922e-01
6.037895790683085462e-01 -1.123882023396633345e+00
6.100790538502700588e-01 -4.393566601341665212e-01
6.163685286322316825e-01 -7.647445175631275571e-01
6.226580034141931952e-01 -7.590399733314767694e-02
6.289474781961547079e-01 -3.267223524104494459e-01
6.352369529781163315e-01 -1.039600330957656249e+00
6.415264277600778442e-01 -9.508151634088111148e-01
6.478159025420393569e-01 9.591460268373275255e-02
6.541053773240008695e-01 4.399523828810536497e-01
6.603948521059624932e-01 1.408361634719885735e-01
6.666843268879240059e-01 2.404912960060752170e-01
6.729738016698855185e-01 6.418802253650712775e-01
6.792632764518471422e-01 -1.221745189918540309e+00
6.855527512338086549e-01 -1.232650894356068783e-01
6.918422260157701675e-01 -2.387278676854265314e-01
6.981317007977317912e-01 -2.111807604195772292e-01
7.044211755796933039e-01 -1.483975399636059400e-01
7.107106503616548165e-01 3.540196659791372547e-01
7.170001251436164402e-01 1.615299399331373564e-01
7.232895999255779529e-01 -9.709932830884033805e-01
7.295790747075394655e-01 -8.905781292858125919e-01
7.358685494895010892e-01 1.739844283002760505e-01
7.421580242714626019e-01 3.310484197681904384e-01
7.484474990534241146e-01 2.716223722231698723e-01
7.547369738353857382e-01 -6.563755082609699087e-01
7.610264486173472509e-01 7.242091991064187884e-01
7.673159233993087636e-01 -6.793667202153981233e-01
7.736053981812702762e-01 8.149507029371203526e-01
7.798948729632318999e-01 2.280574930210288453e-01
7.861843477451934126e-01 -8.472871290792942656e-01
7.924738225271549252e-01 1.428227223512081867e-01
7.987632973091165489e-01 4.657484802560960535e-01
8.050527720910780616e-01 -5.420972071687935046e-01
8.113422468730395742e-01 -4.347611866425704630e-01
8.176317216550011979e-01 -6.501132871572192773e-01
8.239211964369627106e-01 -3.879496107669151428e-01
8.302106712189242232e-01 -3.252497707246915226e-01
8.365001460008858469e-01 -4.976989313649262670e-01
8.427896207828473596e-01 -3.108807355576951315e-01
8.490790955648088723e-01 -1.215457611850023767e-01
8.553685703467703849e-01 1.097503565536561254e+00
8.616580451287320086e-01 2.897709603682221413e-01
8.679475199106935213e-01 -3.692505112846022897e-02
8.742369946926550339e-01 -7.477605977277999028e-01
8.805264694746166576e-01 -6.744352639502786406e-01
8.868159442565781703e-01 -5.400661718853447812e-01
8.931054190385396829e-01 1.220595862383007102e+00
8.993948938205013066e-01 -3.828391686476700917e-01
9.056843686024628193e-01 -2.464624614679724601e-01
9.119738433844243319e-01 1.406023607768061678e+00
9.182633181663859556e-01 -4.829253412189895567e-01
9.245527929483474683e-01 8.600144817584245427e-01
9.308422677303089809e-01 -3.745827759192478235e-01
9.371317425122706046e-01 1.122053698504851482e+00
9.434212172942321173e-01 1.341625563702353308e+00
9.497106920761936300e-01 -1.291297741582792535e-01
9.560001668581552536e-01 1.347231800227652654e+00
9.622896416401167663e-01 3.798180119312202230e-01
9.685791164220782790e-01 2.838603752471797748e-01
9.748685912040397916e-01 1.270026935956216185e+00
9.811580659860014153e-01 6.356672429354472964e-01
9.874475407679629280e-01 1.757505956529145319e+00
9.937370155499244406e-01 2.129951621563543895e-01
1.000026490331886064e+00 1.486688418080574392e+00
1.006315965113847577e+00 1.292864322239768438e+00
1.012605439895809090e+00 1.066511338496954231e+00
1.018894914677770602e+00 2.487494747482528190e-01
1.025184389459732115e+00 3.504453181848135590e-01
1.031473864241693850e+00 8.995956633892912002e-01
1.037763339023655362e+00 1.962258947388299202e+00
1.044052813805616875e+00 9.665588683871868536e-01
1.050342288587578388e+00 1.152907471250920191e+00
1.056631763369539900e+00 1.114617657778548487e+00
1.062921238151501413e+00 5.962102759245422323e-01
1.069210712933463148e+00 1.287773715760750726e+00
1.075500187715424660e+00 1.221625991480981943e+00
1.081789662497386173e+00 1.080658715598883379e+00
1.088079137279347686e+00 9.229863865438345805e-01
1.094368612061309198e+00 1.330402299204829664e+00
1.100658086843270711e+00 7.566102925886927233e-01
1.106947561625232446e+00 2.497927339111812195e+00
1.113237036407193958e+00 6.954464708021272923e-01
1.119526511189155471e+00 2.407375273434598117e+00
1.125815985971116984e+00 2.295147259718359756e+00
1.132105460753078496e+00 7.748861803103090917e-01
1.138394935535040009e+00 2.203683189804325870e+00
1.144684410317001522e+00 2.577853960609060024e+00
1.150973885098963256e+00 1.700889363437986468e+00
1.157263359880924769e+00 9.089295106353210141e-01
1.163552834662886282e+00 1.628140120123079848e+00
1.169842309444847794e+00 2.797397855346309914e+00
1.176131784226809307e+00 9.758993262562590809e-01
1.182421259008770820e+00 2.812941901114322185e+00
1.188710733790732554e+00 2.829435690979994256e+00
1.195000208572694067e+00 1.885421044959382009e+00
1.201289683354655580e+00 2.386367026878200459e+00
1.207579158136617092e+00 2.206204293250744186e+00
1.213868632918578605e+00 1.591523707702593660e+00
1.220158107700540118e+00 2.163829376643084057e+00
1.226447582482501630e+00 1.430780994494265768e+00
1.232737057264463365e+00 2.428925760419855528e+00
1.239026532046424878e+00 1.399416912605058183e+00
1.245316006828386390e+00 2.523482602896625515e+00
1.251605481610347903e+00 3.074637630799417654e+00
1.257894956392309416e+00 2.442839288061851022e+00
1.264184431174270928e+00 2.284083416180672899e+00
1.270473905956232663e+00 1.443393640020078639e+00
1.276763380738194176e+00 3.102448513837947175e+00
1.283052855520155688e+00 1.231530282550782784e+00
1.289342330302117201e+00 2.283077032610132839e+00
1.295631805084078714e+00 3.171343440946732706e+00
1.301921279866040226e+00 2.516345999240646947e+00
1.308210754648001739e+00 1.482796798849852937e+00
1.314500229429963474e+00 2.646536210389530019e+00
1.320789704211924986e+00 1.706821710942633352e+00
1.327079178993886499e+00 2.292171995759451519e+00
1.333368653775848012e+00 2.676388746133573360e+00
1.339658128557809524e+00 1.524616718544191452e+00
1.345947603339771037e+00 1.862026503253508825e+00
1.352237078121732772e+00 2.866785164867506008e+00
1.358526552903694284e+00 1.675347696554277954e+00
1.364816027685655797e+00 1.486302170158478653e+00
1.371105502467617310e+00 1.122871990721171276e+00
1.377394977249578822e+00 2.624794071552138952e+00
1.383684452031540335e+00 1.402968525987484449e+00
1.389973926813502070e+00 1.561486359050065831e+00
1.396263401595463582e+00 1.938182694618591384e+00
1.402552876377425095e+00 1.198130110946650007e+00
1.408842351159386608e+00 2.694726297934238346e+00
1.415131825941348120e+00 1.511071636742931767e+00
1.421421300723309633e+00 1.844856044854356281e+00
1.427710775505271146e+00 7.946061817081354617e-01
1.434000250287232880e+00 7.699959683701513846e-01
1.440289725069194393e+00 7.858869224766176220e-01
1.446579199851155906e+00 2.385089597163601027e+00
1.452868674633117418e+00 1.339406828735212107e+00
1.459158149415078931e+00 9.490782580644454569e-01
1.465447624197040444e+00 1.458016809525432667e+00
1.471737098979002178e+00 7.818727459756784626e-01
1.478026573760963691e+00 1.850662332561163748e+00
1.484316048542925204e+00 2.386594521936375113e+00
1.490605523324886716e+00 9.396839759403812220e-01
1.496894998106848229e+00 1.718727383067756964e+00
1.503184472888809742e+00 6.441625087187339282e-01
1.509473947670771476e+00 1.779138240841996677e+00
1.515763422452732989e+00 1.030445795528936781e+00
1.522052897234694502e+00 1.330524055007277218e+00
1.528342372016656014e+00 1.775965870608018138e+00
1.534631846798617527e+00 2.506812072946452696e-01
1.540921321580579040e+00 7.250912706827843390e-01
1.547210796362540552e+00 3.757946048047547394e-02
1.553500271144502287e+00 7.062104599050500475e-01
1.559789745926463800e+00 1.455065936535053339e+00
1.566079220708425312e+00 4.920389006256131736e-01
1.572368695490386825e+00 5.457709556011043350e-01
1.578658170272348338e+00 1.349030500554837086e+00
1.584947645054309850e+00 1.574042430440091067e+00
1.591237119836271585e+00 1.338932464825415281e+00
1.597526594618233098e+00 1.218363295548588576e+00
1.603816069400194610e+00 2.730090401903846331e-01
1.610105544182156123e+00 7.885070557938194113e-01
1.616395018964117636e+00 -6.247842878529594746e-01
1.622684493746079148e+00 1.001436215240260275e+00
1.628973968528040661e+00 1.404553018231254891e-01
1.635263443310002396e+00 -6.916790691346661468e-01
1.641552918091963909e+00 1.702027357438363753e-01
1.647842392873925421e+00 5.106098666377463235e-01
1.654131867655886934e+00 -2.455679390422083053e-01
1.660421342437848446e+00 8.331913939831170346e-01
1.666710817219809959e+00 6.152743566978013945e-02
1.673000292001771694e+00 -2.973320374809460542e-01
1.679289766783733207e+00 8.391810794868892476e-01
1.685579241565694719e+00 -7.628529925444660353e-01
1.691868716347656232e+00 5.059458373940768361e-01
1.698158191129617745e+00 -4.101533232187037914e-01
1.704447665911579257e+00 1.381177522197574170e-01
1.710737140693540770e+00 -1.184147276938880111e+00
1.717026615475502505e+00 3.838927765877298004e-01
1.723316090257464017e+00 -9.426163114518109065e-01
1.729605565039425530e+00 5.801993748252654015e-02
1.735895039821387043e+00 -8.591330114784863081e-01
1.742184514603348555e+00 -8.629467749241448438e-02
1.748473989385310068e+00 2.682826682815893093e-01
1.754763464167271803e+00 -8.100588948306539638e-01
1.761052938949233315e+00 -1.576947437802752594e+00
1.767342413731194828e+00 -1.365416340500037462e+00
1.773631888513156341e+00 -4.340343852376149503e-01
1.779921363295117853e+00 -6.397172754226303493e-01
1.786210838077079366e+00 -1.736262233154358681e+00
1.792500312859041101e+00 -5.530577086210768378e-01
1.798789787641002613e+00 -5.635289736357673718e-01
1.805079262422964126e+00 -1.792718766771138172e+00
1.811368737204925639e+00 -6.525280599726743791e-01
1.817658211986887151e+00 -1.214795726488935301e-01
1.823947686768848664e+00 -7.421805113843065183e-01
1.830237161550810177e+00 -5.041318059571406884e-01
1.836526636332771911e+00 -1.319299664045348042e-01
1.842816111114733424e+00 -1.020438020537250745e+00
1.849105585896694937e+00 -1.711857856032465541e+00
1.855395060678656449e+00 -1.364068159089253385e-01
1.861684535460617962e+00 -1.131658584327184025e+00
1.867974010242579475e+00 -3.754965749697560806e-01
1.874263485024541209e+00 -5.041514169303868975e-01
1.880552959806502722e+00 -1.512680578344248516e+00
1.886842434588464235e+00 -7.286327101856999722e-01
1.893131909370425747e+00 -1.026205596252669494e+00
1.899421384152387260e+00 -1.305027196804040779e+00
1.905710858934348773e+00 -2.048974648002245935e+00
1.912000333716310507e+00 -7.209060211352520398e-01
1.918289808498272020e+00 -4.641610519382344258e-01
1.924579283280233533e+00 -1.949976492453691090e+00
1.930868758062195045e+00 -6.301190157780445222e-01
1.937158232844156558e+00 -7.684689215199651535e-01
1.943447707626118071e+00 -1.872608732635828499e+00
1.949737182408079583e+00 -1.850230901550335760e+00
1.956026657190041318e+00 -1.621985376072273333e+00
1.962316131972002831e+00 -1.753519005568565881e+00
1.968605606753964343e+00 -1.559472772935424745e+00
1.974895081535925856e+00 -1.717120286364381965e+00
1.981184556317887369e+00 -1.675657982236569143e-01
1.987474031099848881e+00 2.863997591239586527e-02
1.993763505881810616e+00 -1.578670766525129165e+00
2.000052980663772129e+00 -1.454808594543861577e-01
2.006342455445733641e+00 9.939839433809471991e-02
2.012631930227695154e+00 -1.667013152625020256e+00
2.018921405009656667e+00 -1.012453306247665719e+00
2.025210879791618179e+00 -5.721304005731571163e-01
2.031500354573579692e+00 -1.011496236762874812e+00
2.037789829355541205e+00 2.305215000799267777e-01
2.044079304137502717e+00 -5.874339192295112699e-01
2.050368778919464230e+00 -1.166381220783601291e+00
2.056658253701426187e+00 1.197813432962175906e-01
2.062947728483387699e+00 -4.849448937935671999e-01
2.069237203265349212e+00 -4.724384348315346926e-01
2.075526678047310725e+00 -4.969181027185571864e-01
2.081816152829272237e+00 -4.308592800583601612e-01
2.088105627611233750e+00 6.087824576108613606e-02
2.094395102393195263e+00 -1.841213801672814121e-02
2.100684577175156775e+00 5.337850953395093523e-01
2.106974051957118288e+00 -7.877758821727472993e-01
2.113263526739079801e+00 2.179199051541963472e-01
2.119553001521041313e+00 5.137617075142637546e-01
2.125842476303002826e+00 3.031524634281997921e-01
2.132131951084964339e+00 2.243188823396393694e-01
2.138421425866926295e+00 1.121354229448125350e+00
2.144710900648887808e+00 4.883321063760615033e-02
2.151000375430849321e+00 1.112895678281535794e-01
2.157289850212810833e+00 1.165597276830787177e+00
2.163579324994772346e+00 1.037943287075316023e+00
2.169868799776733859e+00 9.934840651164631442e-01
2.176158274558695371e+00 2.446444301979859848e-01
2.182447749340656884e+00 1.229698606359973301e+00
2.188737224122618397e+00 1.409416948293033878e+00
2.195026698904579909e+00 8.141694580720406638e-01
2.201316173686541422e+00 1.781102887378123723e-01
2.207605648468502935e+00 1.927472693917124280e+00
2.213895123250464891e+00 9.517706303255439870e-01
2.220184598032426404e+00 7.288871734083305354e-01
2.226474072814387917e+00 2.075252571272657498e+00
2.232763547596349429e+00 7.275506472822722559e-01
2.239053022378310942e+00 7.457052369947265724e-01
2.245342497160272455e+00 1.865936740547733841e+00
2.251631971942233967e+00 6.242267592195156478e-01
2.257921446724195480e+00 1.746501293081730521e+00
2.264210921506156993e+00 7.083552295701629475e-01
2.270500396288118505e+00 2.581668949790613787e+00
2.276789871070080018e+00 1.621748912453689240e+00
2.283079345852041531e+00 9.724764499441322929e-01
2.289368820634003043e+00 1.457690872578525365e+00
2.295658295415965000e+00 1.861638143129173084e+00
2.301947770197926513e+00 1.520730534711011828e+00
2.308237244979888025e+00 1.778494060285224609e+00
2.314526719761849538e+00 2.303150668395717915e+00
2.320816194543811051e+00 1.217334796600596736e+00
2.327105669325772563e+00 2.416156037977952753e+00
2.333395144107734076e+00 2.084565681797819536e+00
2.339684618889695589e+00 2.384427760307927358e+00
2.345974093671657101e+00 2.541304137791776441e+00
2.352263568453618614e+00 2.342981875841216421e+00
2.358553043235580127e+00 1.640132759763439863e+00
2.364842518017541639e+00 2.440242276762949913e+00
2.371131992799503152e+00 2.798151524557709102e+00
2.377421467581465109e+00 2.016949254479603937e+00
2.383710942363426621e+00 2.056117246971342460e+00
2.390000417145388134e+00 1.729999687091287930e+00
2.396289891927349647e+00 3.580156674470541311e+00
2.402579366709311159e+00 2.946955211875917691e+00
2.408868841491272672e+00 3.112461000332716665e+00
2.415158316273234185e+00 3.229561936854935311e+00
2.421447791055195697e+00 1.948245292564364961e+00
2.427737265837157210e+00 2.313680367961269635e+00
2.434026740619118723e+00 3.185040674414890916e+00
2.440316215401080235e+00 2.943622056007188625e+00
2.446605690183041748e+00 3.641756935607388002e+00
2.452895164965003261e+00 3.824282156032259294e+00
2.459184639746965217e+00 2.113035468049743848e+00
2.465474114528926730e+00 3.307476107183407343e+00
2.471763589310888243e+00 3.017888802863287978e+00
2.478053064092849755e+00 2.303931285111409544e+00
2.484342538874811268e+00 2.644312924688816846e+00
2.490632013656772781e+00 3.704891897351502372e+00
2.496921488438734293e+00 3.589502278207722163e+00
2.503210963220695806e+00 3.056898858961547560e+00
2.509500438002657319e+00 3.097067009824714390e+00
2.515789912784618831e+00 3.032746273338630338e+00
2.522079387566580344e+00 3.617856459196231889e+00
2.528368862348541857e+00 3.312158911351454016e+00
2.534658337130503369e+00 2.422295291143571561e+00
2.540947811912465326e+00 2.582102864706101286e+00
2.547237286694426839e+00 2.835559326232533817e+00
2.553526761476388351e+00 3.347639751462677449e+00
2.559816236258349864e+00 3.396280816468127739e+00
2.566105711040311377e+00 2.063833464724192712e+00
2.572395185822272889e+00 2.240330429498886833e+00
2.578684660604234402e+00 2.896155690082030443e+00
2.584974135386195915e+00 2.846744233773480737e+00
2.591263610168157427e+00 3.024356371846251612e+00
2.597553084950118940e+00 2.086912004558013400e+00
2.603842559732080453e+00 2.684375097446479064e+00
2.610132034514041965e+00 3.525929354945268379e+00
2.616421509296003478e+00 2.380629462376159911e+00
2.622710984077965435e+00 2.459304428913851481e+00
2.629000458859926947e+00 1.634506076183031231e+00
2.635289933641888460e+00 2.275972163225365108e+00
2.641579408423849973e+00 2.710429229491766012e+00
2.647868883205811485e+00 1.576075643042573082e+00
2.654158357987772998e+00 1.523477269041736193e+00
2.660447832769734511e+00 2.890049806691485035e+00
2.666737307551696023e+00 1.703480437224818900e+00
2.673026782333657536e+00 2.975615679706385297e+00
2.679316257115619049e+00 2.187737502928601696e+00
2.685605731897580561e+00 1.405719995182135529e+00
2.691895206679542074e+00 3.069558747054736969e+00
2.698184681461504031e+00 2.139775409049756050e+00
2.704474156243465544e+00 3.033647415527306102e+00
2.710763631025427056e+00 1.727186839414410757e+00
2.717053105807388569e+00 1.988603776148045510e+00
2.723342580589350082e+00 2.671366496130044954e+00
2.729632055371311594e+00 1.100697964340046742e+00
2.735921530153273107e+00 2.372642615069827876e+00
2.742211004935234619e+00 1.827209955001654507e+00
2.748500479717196132e+00 1.321922747218266192e+00
2.754789954499157645e+00 1.054919177237640504e+00
2.761079429281119157e+00 1.538183813006236633e+00
2.767368904063080670e+00 1.242218992223743212e+00
2.773658378845042183e+00 1.146688737790779955e+00
2.779947853627004140e+00 8.995968861817330575e-01
2.786237328408965652e+00 9.431074933952900974e-01
2.792526803190927165e+00 2.218920936737888372e+00
2.798816277972888678e+00 6.985796097577761099e-01
2.805105752754850190e+00 1.297713427445263967e+00
2.811395227536811703e+00 1.703025940879338895e+00
2.817684702318773216e+00 2.077939660115202702e+00
2.823974177100734728e+00 5.356366077065142228e-01
2.830263651882696241e+00 1.646026849288442451e+00
2.836553126664657754e+00 9.815072716911252271e-02
2.842842601446619266e+00 1.524300627384276297e+00
2.849132076228580779e+00 1.277676254413798285e+00
2.855421551010542291e+00 3.876006731954371731e-01
2.861711025792504248e+00 1.033065872012192354e+00
2.868000500574465761e+00 -3.287576968950308154e-01
2.874289975356427274e+00 6.489174373215265135e-01
2.880579450138388786e+00 1.051594108923218140e+00
2.886868924920350299e+00 2.325958457989086847e-01
2.893158399702311812e+00 -2.786848197639636426e-01
2.899447874484273324e+00 1.320184490821709078e+00
2.905737349266234837e+00 -7.136517789190540695e-01
2.912026824048196350e+00 7.630059851996386922e-01
2.918316298830157862e+00 9.941811578243353598e-01
2.924605773612119375e+00 -2.574055323302520959e-01
2.930895248394080888e+00 -2.134376215996143245e-01
2.937184723176042400e+00 -5.630052635039251019e-01
2.943474197958004357e+00 -1.012416168480378298e+00
2.949763672739965870e+00 5.946668602834246364e-01
2.956053147521927382e+00 5.903437680923406816e-02
2.962342622303888895e+00 -2.378853313630635569e-03
2.968632097085850408e+00 -5.645854068519975399e-01
2.974921571867811920e+00 -2.246600028464831311e-01
2.981211046649773433e+00 -3.020513334298882135e-01
2.987500521431734946e+00 2.491525671329903879e-01
2.993789996213696458e+00 -4.116611308532100999e-01
3.000079470995657971e+00 -5.353188462268467784e-01
3.006368945777619484e+00 4.759818339185688529e-01
3.012658420559580996e+00 -3.432390781682299608e-01
3.018947895341542953e+00 -4.655630810448510015e-01
3.025237370123504466e+00 1.777202358874350185e-01
3.031526844905465978e+00 -7.065197888964753759e-01
3.037816319687427491e+00 -1.449637016630542563e+00
3.044105794469389004e+00 1.531076050873254601e-01
3.050395269251350516e+00 -1.300409154196513484e+00
3.056684744033312029e+00 -1.026031276023041006e+00
3.062974218815273542e+00 -1.427917457988068239e+00
3.069263693597235054e+00 -1.069618669924086163e-01
3.075553168379196567e+00 -1.998913078130439835e-01
3.081842643161158080e+00 -9.023153046283629575e-01
3.088132117943119592e+00 -1.185331456043802856e+00
3.094421592725081105e+00 -1.329072286101096179e+00
3.100711067507043062e+00 -1.102778582867775858e+00
3.107000542289004574e+00 -5.638123761615378982e-01
3.113290017070966087e+00 -6.415720182159192486e-01
3.119579491852927600e+00 -1.015199948261888530e+00
3.125868966634889112e+00 -8.596406446688089620e-01
3.132158441416850625e+00 -9.424325943916509463e-01
3.138447916198812138e+00 -4.015453137884428259e-03
3.144737390980773650e+00 -8.664588880917374336e-01
3.151026865762735163e+00 2.050769674522929797e-01
3.157316340544696676e+00 5.941401009862179450e-02
3.163605815326658188e+00 4.266443415523202276e-02
3.169895290108619701e+00 -3.923730290372671181e-01
3.176184764890581214e+00 -4.445333777662674457e-02
3.182474239672543170e+00 -5.325080282225247430e-02
3.188763714454504683e+00 -2.851835714577515279e-01
3.195053189236466196e+00 1.117797215636833208e-01
3.201342664018427708e+00 -1.193959916033924262e-01
3.207632138800389221e+00 -1.025832777731218171e+00
3.213921613582350734e+00 -4.127556694982410512e-01
3.220211088364312246e+00 -6.930769559797445023e-01
3.226500563146273759e+00 -1.372527549241564726e+00
3.232790037928235272e+00 -1.108475891984317396e+00
3.239079512710196784e+00 3.894665721820576021e-01
3.245368987492158297e+00 -9.225933007424276244e-01
3.251658462274119810e+00 -1.060575069781684698e+00
3.257947937056081322e+00 -6.218958808161798579e-01
3.264237411838043279e+00 -3.467222036103256855e-01
3.270526886620004792e+00 -4.094813845749363246e-01
3.276816361401966304e+00 1.558620002764721235e-01
3.283105836183927817e+00 4.468055419583798482e-01
3.289395310965889330e+00 -1.812402046303085434e-02
3.295684785747850842e+00 -9.880715050467123728e-01
3.301974260529812355e+00 -1.914304541238320834e-01
3.308263735311773868e+00 8.472147965320542262e-01
3.314553210093735380e+00 -3.257434626690716151e-01
3.320842684875696893e+00 9.904006192545153908e-01
3.327132159657658406e+00 7.417715868130870804e-01
3.333421634439619918e+00 -2.309355530845909055e-01
3.339711109221581431e+00 4.451286908969017686e-01
3.346000584003543388e+00 -1.209933373917104760e-02
3.352290058785504900e+00 -6.965296581559132783e-01
3.358579533567466413e+00 5.326179681457303694e-01
3.364869008349427926e+00 1.155712673737899321e+00
3.371158483131389438e+00 1.217083020624925016e+00
3.377447957913350951e+00 -1.824001673182245042e-01
3.383737432695312464e+00 8.781265563206411828e-01
3.390026907477273976e+00 1.132280144753799345e+00
3.396316382259235489e+00 -3.273809507737975300e-01
3.402605857041197002e+00 1.160602912946405052e+00
3.408895331823158514e+00 -1.455187782326204937e-01
3.415184806605120027e+00 3.376180449492079960e-01
3.421474281387081540e+00 1.898564323332924131e-01
3.427763756169043496e+00 7.226689917840245503e-01
3.434053230951005009e+00 1.174766966232449139e+00
3.440342705732966522e+00 8.118958935094183760e-02
3.446632180514928034e+00 1.881339203404906124e+00
3.452921655296889547e+00 9.947634764252557549e-01
3.459211130078851060e+00 1.553559509428275476e+00
3.465500604860812572e+00 3.803401060529801314e-01
3.471790079642774085e+00 1.255604907799777292e+00
3.478079554424735598e+00 1.103713870508912231e+00
3.484369029206697110e+00 4.254673215359565108e-01
3.490658503988658623e+00 1.865568150084761179e+00
3.496947978770620136e+00 1.217519367520027318e+00
3.503237453552582092e+00 1.061867149820769018e+00
3.509526928334543605e+00 1.906436588648832586e+00
3.515816403116505118e+00 1.135414664032909027e+00
3.522105877898466630e+00 4.553486986104673950e-01
3.528395352680428143e+00 1.071021952095746466e+00
3.534684827462389656e+00 7.804211584333716756e-01
3.540974302244351168e+00 1.281772244982127829e+00
3.547263777026312681e+00 1.777885419351378227e+00
3.553553251808274194e+00 2.086665475789449609e+00
3.559842726590235706e+00 2.268219454290493431e+00
3.566132201372197219e+00 1.291076321678042316e+00
3.572421676154158732e+00 1.521820886063119715e+00
3.578711150936120244e+00 9.947403802913412640e-01
3.585000625718082201e+00 8.319170020197018678e-01
3.591290100500043714e+00 2.675654136491970370e+00
3.597579575282005226e+00 1.164770219826477327e+00
3.603869050063966739e+00 2.786201142325573699e+00
3.610158524845928252e+00 2.776014469993583589e+00
3.616447999627889764e+00 2.781932302066525864e+00
3.622737474409851277e+00 1.954314873407004605e+00
3.629026949191812790e+00 1.642853884449092972e+00
3.635316423973774302e+00 1.524205084070251903e+00
3.641605898755735815e+00 1.233421633150760588e+00
3.647895373537697328e+00 1.180118062470572493e+00
3.654184848319658840e+00 2.906634203154457197e+00
3.660474323101620353e+00 1.481760568817583001e+00
3.666763797883582310e+00 2.705301402460525750e+00
3.673053272665543822e+00 1.150350300605621934e+00
3.679342747447505335e+00 1.139105596995894976e+00
3.685632222229466848e+00 1.365507609051183957e+00
3.691921697011428360e+00 1.649903175971028979e+00
3.698211171793389873e+00 1.360075642467823975e+00
3.704500646575351386e+00 3.000222177204899587e+00
3.710790121357312898e+00 2.435250414994382329e+00
3.717079596139274411e+00 2.528947807778668899e+00
3.723369070921235924e+00 1.439397700713151540e+00
3.729658545703197436e+00 2.354460112055975607e+00
3.735948020485158949e+00 1.261354565834803099e+00
3.742237495267120462e+00 2.613309151645279549e+00
3.748526970049082419e+00 1.227023119051355859e+00
3.754816444831043931e+00 1.688753965386120326e+00
3.761105919613005444e+00 1.351294739753063023e+00
3.767395394394966956e+00 1.758004455979179204e+00
3.773684869176928469e+00 2.191535185661557250e+00
3.779974343958889982e+00 1.742602083222684728e+00
3.786263818740851494e+00 1.696763271971274634e+00
3.792553293522813007e+00 2.847008857430960660e+00
3.798842768304774520e+00 1.665062623071529524e+00
3.805132243086736032e+00 1.951066197641241340e+00
3.811421717868697545e+00 1.632046101710529218e+00
3.817711192650659058e+00 2.003851359099928509e+00
3.824000667432621015e+00 1.073353612975624038e+00
3.830290142214582527e+00 2.304311485692899453e+00
3.836579616996544040e+00 2.054419642359475162e+00
3.842869091778505553e+00 2.314422329960373226e+00
3.849158566560467065e+00 1.267158271997245400e+00
3.855448041342428578e+00 1.943861726128320644e+00
3.861737516124390091e+00 1.274218276092086599e+00
3.868026990906351603e+00 2.241096379016650708e+00
3.874316465688313116e+00 1.678669722485464533e+00
3.880605940470274628e+00 2.097239449237139119e+00
3.886895415252236141e+00 1.657989208549916160e+00
3.893184890034197654e+00 1.322692308796474148e+00
3.899474364816159166e+00 1.357562657050572774e+00
3.905763839598121123e+00 8.546654129435012903e-01
3.912053314380082636e+00 1.961186943231277624e+00
3.918342789162044149e+00 1.185744807969254300e+00
3.924632263944005661e+00 1.039486690951841208e+00
3.930921738725967174e+00 2.191436245869672117e+00
3.937211213507928687e+00 2.158911081237969487e+00
3.943500688289890199e+00 2.127459867240996783e+00
3.949790163071851712e+00 1.934770087813464823e+00
3.956079637853813225e+00 6.019251992513636740e-01
3.962369112635774737e+00 2.311623059201923347e+00
3.968658587417736250e+00 4.892668934043281626e-01
3.974948062199697763e+00 1.675547351035144406e+00
3.981237536981659275e+00 1.611975783118446248e+00
3.987527011763621232e+00 1.485495076386185609e+00
3.993816486545582745e+00 1.298985624414428885e+00
4.000105961327544257e+00 1.122996965858806817e+00
4.006395436109505326e+00 2.090525841353032099e+00
4.012684910891467283e+00 1.991718178719141141e+00
4.018974385673428351e+00 1.759681999250874762e+00
4.025263860455390308e+00 2.125109872558056612e+00
4.031553335237352265e+00 1.577385803189007007e-01
4.037842810019313333e+00 8.403496959874954264e-01
4.044132284801275290e+00 1.226491724534708450e+00
4.050421759583236359e+00 3.925758766178912840e-01
4.056711234365198315e+00 1.396082282089989635e+00
4.063000709147159384e+00 4.086363764661273268e-01
4.069290183929121341e+00 1.721207467319559870e+00
4.075579658711082409e+00 5.473766649135994866e-01
4.081869133493044366e+00 4.486915074038844153e-01
4.088158608275005435e+00 1.449915240735209832e+00
4.094448083056967391e+00 8.519939147369735011e-01
4.100737557838928460e+00 9.321722553356194263e-01
4.107027032620890417e+00 1.700600597930735480e+00
4.113316507402852373e+00 1.213925391946282017e+00
4.119605982184813442e+00 7.408434998279210815e-01
4.125895456966775399e+00 1.508514980368919955e+00
4.132184931748736467e+00 9.083423406204600425e-01
4.138474406530698424e+00 7.059167768820346911e-01
4.144763881312659493e+00 -7.678133393168951049e-02
4.151053356094621449e+00 1.060536639530536895e+00
4.157342830876582518e+00 3.027879252219391470e-01
4.163632305658544475e+00 1.079614911961592094e+00
4.169921780440505543e+00 3.572523405705269606e-01
4.176211255222467500e+00 6.931687759940770022e-01
4.182500730004428569e+00 3.239078732712663555e-02
4.188790204786390525e+00 3.578074556967707487e-01
4.195079679568352482e+00 1.332486919035136941e+00
4.201369154350313551e+00 -2.589305589262856921e-01
4.207658629132275507e+00 9.954871711451149796e-01
4.213948103914236576e+00 1.280621985039373190e+00
4.220237578696198533e+00 -3.060284547527394317e-01
4.226527053478159601e+00 6.039456812795496177e-03
4.232816528260121558e+00 1.081062375141836007e+00
4.239106003042082627e+00 1.229587521201197076e+00
4.245395477824044583e+00 1.229888407983336096e+00
4.251684952606005652e+00 -8.448072879536350221e-02
4.257974427387967609e+00 5.008213918848727353e-01
4.264263902169928677e+00 1.224550795191657215e+00
4.270553376951890634e+00 1.304147907587362321e+00
4.276842851733852591e+00 3.507319138988184148e-01
4.283132326515813659e+00 -3.620903100862993274e-01
4.289421801297775616e+00 9.285296922614949544e-02
4.295711276079736685e+00 7.633239049799886988e-01
4.302000750861698641e+00 7.226307017668074373e-01
4.308290225643659710e+00 1.231884034326998778e+00
4.314579700425621667e+00 3.497755611201639470e-01
4.320869175207582735e+00 3.246284717009887411e-01
4.327158649989544692e+00 6.265382889134000211e-01
4.333448124771505761e+00 -1.533543160167623043e-01
4.339737599553467717e+00 4.640135150609460135e-01
4.346027074335428786e+00 -2.166488908652527412e-01
4.352316549117390743e+00 1.680602093799825614e-01
4.358606023899352699e+00 1.840596167423286245e-01
4.364895498681313768e+00 1.353656047629604675e+00
4.371184973463275725e+00 5.382797823439355867e-01
4.377474448245236793e+00 1.119007198345947085e+00
4.383763923027198750e+00 -3.100582661951865049e-01
4.390053397809159819e+00 -8.478584808709699328e-02
4.396342872591121775e+00 -3.738823417792735970e-01
4.402632347373082844e+00 -5.168398655596195823e-01
4.408921822155044801e+00 8.779488675332103309e-01
4.415211296937005869e+00 7.148955324246506482e-01
4.421500771718967826e+00 1.368026649152990437e+00
4.427790246500929783e+00 7.084771687783533167e-01
4.434079721282890851e+00 1.303340265394199005e+00
4.440369196064852808e+00 2.421217483487365651e-01
4.446658670846813877e+00 8.098389112620663077e-02
4.452948145628775833e+00 1.440533734536760146e+00
4.459237620410736902e+00 1.564250993826266090e-01
4.465527095192698859e+00 -1.826974443434218331e-01
4.471816569974659927e+00 5.861028517049381437e-01
4.478106044756621884e+00 7.715732440987632668e-01
4.484395519538582953e+00 3.766695176165575365e-01
4.490684994320544909e+00 1.235549615820350056e+00
4.496974469102505978e+00 6.551939613756263547e-02
4.503263943884467935e+00 -6.614902368855335446e-02
4.509553418666429891e+00 1.418324791520572115e+00
4.515842893448390960e+00 -4.025455596188786123e-01
4.522132368230352917e+00 9.209350572775449884e-01
4.528421843012313985e+00 9.948981270650973929e-01
4.534711317794275942e+00 1.577971938176375710e-01
4.541000792576237011e+00 3.871525539719257170e-01
4.547290267358198967e+00 9.415662042315238178e-01
4.553579742140160036e+00 4.324487735738037908e-01
4.559869216922121993e+00 -2.560142180801339151e-02
4.566158691704083061e+00 2.934008767683813912e-01
4.572448166486045018e+00 -2.413790604101340165e-01
4.578737641268006087e+00 6.538377925906116994e-01
4.585027116049968043e+00 5.009192911263725678e-01
4.591316590831930000e+00 -2.775527507938751470e-01
4.597606065613891069e+00 1.091773456980561274e+00
4.603895540395853025e+00 1.387035361034406389e+00
4.610185015177814094e+00 6.276118447259018129e-01
4.616474489959776051e+00 1.638083093917402477e+00
4.622763964741737119e+00 1.426986509388440627e+00
4.629053439523699076e+00 1.680883480447644907e+00
4.635342914305660145e+00 1.213427544432517546e+00
4.641632389087622101e+00 2.152870759876476248e-01
4.647921863869583170e+00 1.455997137334318570e+00
4.654211338651545127e+00 1.404999772753221521e-01
4.660500813433506195e+00 1.264482973857714576e+00
4.666790288215468152e+00 1.224774644553199066e+00
4.673079762997430109e+00 6.953493325817504678e-01
4.679369237779391177e+00 1.587926509505728223e+00
4.685658712561353134e+00 5.632673674396480035e-01
4.691948187343314203e+00 1.328751596576101868e+00
4.698237662125276159e+00 3.950483317413769901e-01
4.704527136907237228e+00 8.132678606716257086e-01
4.710816611689199185e+00 -6.344977674077684204e-03
4.717106086471160253e+00 4.409162048195370276e-01
4.723395561253122210e+00 1.073053233398860051e+00
4.729685036035083279e+00 -1.173597407366674950e-01
4.735974510817045235e+00 1.447992585690994982e+00
4.742263985599006304e+00 7.147605092629033541e-02
4.748553460380968261e+00 4.863249851790590328e-01
4.754842935162930218e+00 1.385182416038118980e+00
4.761132409944891286e+00 1.205225528974091631e+00
4.767421884726853243e+00 8.063575284388240227e-01
4.773711359508814311e+00 6.543861571058391391e-01
4.780000834290776268e+00 9.908330664399469523e-01
4.786290309072737337e+00 1.471866892172559504e+00
4.792579783854699293e+00 1.198909592158476367e-01
4.798869258636660362e+00 -8.899976517174329471e-02
4.805158733418622319e+00 1.381669810791518183e+00
4.811448208200583387e+00 -3.267776753581441707e-01
4.817737682982545344e+00 1.185038958333945791e+00
4.824027157764506413e+00 1.619113934875263672e+00
4.830316632546468369e+00 4.051989574789414683e-01
4.836606107328430326e+00 1.239455074381622168e+00
4.842895582110391395e+00 1.448862583871036946e+00
4.849185056892353352e+00 3.692453220000954106e-01
4.855474531674314420e+00 1.288045883569897576e+00
4.861764006456276377e+00 -2.321912604615513076e-01
4.868053481238237445e+00 7.733680573509882361e-01
4.874342956020199402e+00 3.182101165509360063e-01
4.880632430802160471e+00 9.058897354935098178e-01
4.886921905584122428e+00 1.407066612883150825e+00
4.893211380366083496e+00 6.834521398026152106e-01
4.899500855148045453e+00 7.478837117515876320e-01
4.905790329930006521e+00 -7.710559980550146797e-03
4.912079804711968478e+00 1.289006198848182239e+00
4.918369279493930435e+00 1.338804568237805581e+00
4.924658754275891503e+00 -4.068341054958530822e-01
4.930948229057853460e+00 4.933588197461984404e-01
4.937237703839814529e+00 2.345114699126935598e-01
4.943527178621776486e+00 5.535491464522330762e-01
4.949816653403737554e+00 5.346763322232448434e-01
4.956106128185699511e+00 1.188794116054492145e+00
4.962395602967660579e+00 -2.446557804990814322e-01
4.968685077749622536e+00 -2.586381636857134625e-01
4.974974552531583605e+00 5.360443806285470902e-01
4.981264027313545562e+00 8.521134983810951802e-01
4.987553502095506630e+00 9.261397961056682115e-01
4.993842976877468587e+00 1.797350765067224909e-01
5.000132451659430544e+00 -8.817202233627652319e-02
5.006421926441391612e+00 3.905421675721343355e-01
5.012711401223353569e+00 3.001776378292856373e-01
5.019000876005314637e+00 1.697787473736234176e-02
5.025290350787276594e+00 9.782472974494482720e-02
5.031579825569237663e+00 -6.128501176608631695e-01
5.037869300351199620e+00 -2.434166474231966859e-01
5.044158775133160688e+00 8.233984728111132245e-02
5.050448249915122645e+00 8.555741191358379183e-03
5.056737724697083713e+00 8.271786373340322962e-01
5.063027199479045670e+00 -3.254214050785186885e-05
5.069316674261006739e+00 1.159783843170804296e+00
5.075606149042968696e+00 1.133475661825017466e+00
5.081895623824930652e+00 9.532641908537993203e-01
5.088185098606891721e+00 2.125279218875587572e-01
5.094474573388853678e+00 4.195649237579143209e-01
5.100764048170814746e+00 1.036501914972948857e+00
5.107053522952776703e+00 -4.049369288804378630e-01
5.113342997734737772e+00 2.641727965444280457e-01
5.119632472516699728e+00 3.942937715261429776e-01
5.125921947298660797e+00 1.016731919259968642e+00
5.132211422080622754e+00 4.006129639077933291e-01
5.138500896862583822e+00 9.322192199992112016e-01
5.144790371644545779e+00 -4.992485564168874790e-01
5.151079846426506847e+00 4.292692627853484932e-01
5.157369321208468804e+00 -8.215553044383683279e-01
5.163658795990430761e+00 1.074097364496169105e+00
5.169948270772391830e+00 2.943446371802804773e-02
5.176237745554353786e+00 6.328131853087949343e-01
5.182527220336314855e+00 -7.799895632980919924e-01
5.188816695118276812e+00 -3.602641607276207969e-01
5.195106169900237880e+00 7.276693850631027471e-01
5.201395644682199837e+00 -5.633019647414394537e-01
5.207685119464160906e+00 -7.847428825978675082e-02
5.213974594246122862e+00 3.285428118694921906e-03
5.220264069028083931e+00 -4.036410237800729384e-01
5.226553543810045888e+00 1.089291655208113330e-01
5.232843018592006956e+00 5.851256123732884173e-01
5.239132493373968913e+00 6.256015301866795220e-01
5.245421968155930870e+00 1.001599180756457708e+00
5.251711442937891938e+00 -6.112377658455825369e-02
5.258000917719853895e+00 3.750825223575871004e-01
5.264290392501814964e+00 -5.725929025240921177e-01
5.270579867283776920e+00 -2.839024087307908673e-01
5.276869342065737989e+00 8.177331022901703772e-01
5.283158816847699946e+00 1.305215074181383272e+00
5.289448291629661014e+00 2.732141087033648219e-01
5.295737766411622971e+00 1.064731554000691638e+00
5.302027241193584040e+00 6.072017692013894630e-01
5.308316715975545996e+00 1.424121299710222388e+00
5.314606190757507953e+00 1.086331924914658575e+00
5.320895665539469022e+00 4.369582700355320037e-01
5.327185140321430978e+00 -4.268178024403546100e-01
5.333474615103392047e+00 6.495226003574647855e-01
5.339764089885354004e+00 1.030210143429374670e+00
5.346053564667315072e+00 4.852151540158828325e-01
5.352343039449277029e+00 1.634910969326285546e+00
5.358632514231238098e+00 7.567053437787435444e-01
5.364921989013200054e+00 7.995891177827116891e-01
5.371211463795161123e+00 -1.147412217385019861e-01
5.377500938577123080e+00 2.748712265526621623e-01
5.383790413359084148e+00 4.111746438435965878e-01
5.390079888141046105e+00 1.637371293795314653e+00
5.396369362923008062e+00 1.290263542124361784e+00
5.402658837704969130e+00 1.264214609224337593e+00
5.408948312486931087e+00 1.172884609251191534e+00
5.415237787268892156e+00 1.431207419597809505e+00
5.421527262050854112e+00 1.061886356448002111e+00
5.427816736832815181e+00 1.660389274542390270e+00
5.434106211614777138e+00 1.516941680688680183e+00
5.440395686396738206e+00 1.960272381841990041e+00
5.446685161178700163e+00 1.585741528521344534e+00
5.452974635960661232e+00 3.833033861091343919e-01
5.459264110742623188e+00 1.566829428463892615e+00
5.465553585524584257e+00 1.109257962981285761e+00
5.471843060306546214e+00 1.357784666161891307e+00
5.478132535088508170e+00 1.852751366708545344e+00
5.484422009870469239e+00 1.540908612413157686e+00
5.490711484652431196e+00 1.980047697282082186e+00
5.497000959434392264e+00 1.801568667556537884e+00
5.503290434216354221e+00 2.220161167953301096e+00
5.509579908998315290e+00 1.974861984195171782e+00
5.515869383780277246e+00 1.392710284122160136e+00
5.522158858562238315e+00 1.838119323205844813e+00
5.528448333344200272e+00 1.273061366600550803e+00
5.534737808126161340e+00 1.542416903415778417e+00
5.541027282908123297e+00 2.364364450751388791e+00
5.547316757690084366e+00 2.138863385159174957e+00
5.553606232472046322e+00 1.356132713453205074e+00
5.559895707254008279e+00 2.482537726571258041e+00
5.566185182035969348e+00 1.983475903979824650e+00
5.572474656817931304e+00 1.894023933067038090e+00
5.578764131599892373e+00 1.366481819948736298e+00
5.585053606381854330e+00 7.099818284394319168e-01
5.591343081163815398e+00 1.253280656927147962e+00
5.597632555945777355e+00 1.484853020241799548e+00
5.603922030727738424e+00 8.529536648737583437e-01
5.610211505509700380e+00 7.403803664973926946e-01
5.616500980291661449e+00 9.862767977800712682e-01
5.622790455073623406e+00 7.319787056539555081e-01
5.629079929855584474e+00 2.576120027398360435e+00
5.635369404637546431e+00 1.562154761940184766e+00
5.641658879419508388e+00 1.760781621315587797e+00
5.647948354201469456e+00 7.733387730139833494e-01
5.654237828983431413e+00 2.464184128898701864e+00
5.660527303765392482e+00 2.279695254521756809e+00
5.666816778547354438e+00 2.373444095212637883e+00
5.673106253329315507e+00 1.371758496822721440e+00
5.679395728111277464e+00 2.122621491212534295e+00
5.685685202893238532e+00 9.550298137499462214e-01
5.691974677675200489e+00 9.598469108218145029e-01
5.698264152457161558e+00 1.898997187683051813e+00
5.704553627239123514e+00 1.852165362301085194e+00
5.710843102021084583e+00 1.547718471262022000e+00
5.717132576803046540e+00 1.253910885386054996e+00
5.723422051585008496e+00 2.393698526537124671e+00
5.729711526366969565e+00 1.157257007291645490e+00
5.736001001148931522e+00 1.907564257879202696e+00
5.742290475930892590e+00 1.742301960765043845e+00
5.748579950712854547e+00 9.709259213023191393e-01
5.754869425494815616e+00 1.084706412668249742e+00
5.761158900276777572e+00 1.671257361590277046e+00
5.767448375058738641e+00 1.461440956942566816e+00
5.773737849840700598e+00 1.708337741769393681e+00
5.780027324622661666e+00 2.418225991174016709e+00
5.786316799404623623e+00 1.103168116454113834e+00
5.792606274186584692e+00 1.368100291643260524e+00
5.798895748968546648e+00 1.339144668920563497e+00
5.805185223750508605e+00 7.808350797795486908e-01
5.811474698532469674e+00 9.008868320659477735e-01
5.817764173314431631e+00 1.605811356169799309e+00
5.824053648096392699e+00 2.400238919386021852e+00
5.830343122878354656e+00 6.070562462345117094e-01
5.836632597660315724e+00 2.250576453109792929e+00
5.842922072442277681e+00 1.461518566786519591e+00
5.849211547224238750e+00 1.167929561514936765e+00
5.855501022006200706e+00 3.375079867178561455e-01
5.861790496788161775e+00 5.812430224711915283e-01
5.868079971570123732e+00 2.183944232541537023e+00
5.874369446352084800e+00 6.070052290383380900e-01
5.880658921134046757e+00 1.862675810319096126e+00
5.886948395916008714e+00 1.136859611888693333e+00
5.893237870697969782e+00 1.914340673082065347e+00
5.899527345479931739e+00 2.954240819667227624e-01
5.905816820261892808e+00 6.070032490513068701e-01
5.912106295043854765e+00 2.140677084053603796e-01
5.918395769825815833e+00 1.020049290616388715e+00
5.924685244607777790e+00 6.495965786987869528e-01
5.930974719389738858e+00 1.212740913758679095e+00
5.937264194171700815e+00 1.697772591970757805e+00
5.943553668953661884e+00 1.111477327499189371e+00
5.949843143735623840e+00 9.224209753447771831e-01
5.956132618517584909e+00 -3.514833782421472597e-02
5.962422093299546866e+00 -4.103425760542246947e-01
5.968711568081508823e+00 -2.926274717452570506e-01
5.975001042863469891e+00 5.518801498144865203e-01
5.981290517645431848e+00 -1.237284094040005389e-01
5.987579992427392916e+00 -3.055295291895359089e-01
5.993869467209354873e+00 5.600479875207555747e-01
6.000158941991315942e+00 1.255066401665084985e+00
6.006448416773277899e+00 -1.633128402922972011e-01
6.012737891555238967e+00 -5.516307308682899535e-01
6.019027366337200924e+00 1.114965565912553913e+00
6.025316841119161992e+00 -4.482223415645349984e-01
6.031606315901123949e+00 -6.334387646444699094e-01
6.037895790683085906e+00 3.278226968796031926e-01
6.044185265465046974e+00 6.405090000541524553e-01
6.050474740247008931e+00 -1.887839940048496867e-01
6.056764215028970000e+00 -4.855529436962078282e-01
6.063053689810931957e+00 3.714710241138423630e-01
6.069343164592893025e+00 -2.858321259990916907e-01
6.075632639374854982e+00 -7.849482360061501574e-01
6.081922114156816050e+00 4.318929664915092115e-01
6.088211588938778007e+00 3.272141862642272692e-01
6.094501063720739076e+00 -4.994838820389511103e-01
6.100790538502701033e+00 2.900771069550243109e-01
6.107080013284662101e+00 -1.178017308188132883e+00
6.113369488066624058e+00 -1.254012974801234304e+00
6.119658962848586015e+00 9.834876495458422241e-02
6.125948437630547083e+00 -7.657092886900220829e-01
6.132237912412509040e+00 2.559594079991929227e-01
6.138527387194470109e+00 6.714639659339316502e-02
6.144816861976432065e+00 -1.413596271407640215e+00
6.151106336758393134e+00 -1.726733215490234397e+00
6.157395811540355091e+00 -3.221927625064622269e-01
6.163685286322316159e+00 -6.346557649204287443e-02
6.169974761104278116e+00 -1.440731913303240797e+00
6.176264235886239184e+00 -1.615619093996938149e+00
6.182553710668201141e+00 -1.094182419428830322e+00
6.188843185450162210e+00 -1.360452188583936461e+00
6.195132660232124167e+00 -1.776054466543628418e-01
6.201422135014086123e+00 -1.082577200647496962e+00
6.207711609796047192e+00 -1.225291688678754154e+00
6.214001084578009149e+00 -9.431610463242396936e-01
6.220290559359970217e+00 -2.357792787663530731e-01
6.226580034141932174e+00 -4.089725078088708443e-01
6.232869508923893243e+00 -9.787414715144178157e-01
6.239158983705855199e+00 -1.319376259264712248e+00
6.245448458487816268e+00 -2.030229081575638084e+00
6.251737933269778225e+00 -5.191383120653647598e-01
6.258027408051739293e+00 -1.569154329513273716e+00
6.264316882833701250e+00 -4.309888452458039421e-01
6.270606357615662318e+00 -9.025974927799549352e-01
6.276895832397624275e+00 -4.730759980578309598e-01
6.283185307179586232e+00 -8.891783932416810199e-01
