0.000000000000000000e+00 -2.911085876721584143e-01
6.289474781961547356e-03 8.491826829823976297e-01
1.257894956392309471e-02 3.624171226857431094e-01
1.886842434588464207e-02 1.224617606294377659e+00
2.515789912784618942e-02 1.099330843373386601e+00
3.144737390980773678e-02 9.606345607427069222e-03
3.773684869176928414e-02 7.474329021138148565e-01
4.402632347373083149e-02 1.395467822049439643e+00
5.031579825569237885e-02 -1.065497174881255837e-01
5.660527303765392620e-02 7.018875752231167331e-01
6.289474781961547356e-02 -1.837877692485268000e-01
6.918422260157702786e-02 5.658733988819659722e-01
7.547369738353856827e-02 1.443517733242370760e+00
8.176317216550010869e-02 3.489869813998333625e-01
8.805264694746166299e-02 3.384368765396844614e-02
9.434212172942321728e-02 7.282456904611083193e-01
1.006315965113847577e-01 3.001650379235737409e-02
1.069210712933462981e-01 1.849645001066758665e-01
1.132105460753078524e-01 -3.099443723325719935e-01
1.195000208572694067e-01 1.288249795976054379e+00
1.257894956392309471e-01 1.346098346432547554e+00
1.320789704211924875e-01 3.156258838357900443e-01
1.383684452031540557e-01 -5.591532839711899072e-02
1.446579199851155961e-01 9.519557379710821277e-01
1.509473947670771365e-01 4.845164474947542543e-01
1.572368695490386770e-01 -8.865010325107558486e-03
1.635263443310002174e-01 1.618135164781516089e+00
1.698158191129617856e-01 1.289607069017238317e+00
1.761052938949233260e-01 1.648553403274128470e+00
1.823947686768848664e-01 7.600463358951625725e-01
1.886842434588464346e-01 8.073082750398196117e-01
1.949737182408079750e-01 8.734078686083524001e-01
2.012631930227695154e-01 1.102382511219530015e+00
2.075526678047310558e-01 4.494498586815739438e-01
2.138421425866925962e-01 -1.071981362106035895e-01
2.201316173686541644e-01 1.632691857133611313e+00
2.264210921506157048e-01 1.600560637824747889e+00
2.327105669325772452e-01 2.571606815200460083e-01
2.390000417145388134e-01 5.124289036561233690e-01
2.452895164965003538e-01 -2.904655089240950616e-01
2.515789912784618942e-01 6.506466481660948542e-01
2.578684660604234624e-01 1.433622423469624874e+00
2.641579408423849751e-01 -2.104464011192316297e-01
2.704474156243465433e-01 1.133958989145937846e-01
2.767368904063081114e-01 1.466103845047490584e+00
2.830263651882696241e-01 6.211059357172922235e-01
2.893158399702311923e-01 1.318376957413154749e+00
2.956053147521927049e-01 6.416066477750143049e-01
3.018947895341542731e-01 5.779609381809103219e-04
3.081842643161158413e-01 1.714009648325842683e-01
3.144737390980773539e-01 -1.054904076339509000e-01
3.207632138800389221e-01 1.082179819288474842e+00
3.270526886620004348e-01 1.341874513659302437e-03
3.333421634439620029e-01 6.206925328705122924e-01
3.396316382259235711e-01 1.176174243520089924e+00
3.459211130078850838e-01 6.933976834453805527e-01
3.522105877898466519e-01 1.206174166302288242e+00
3.585000625718082201e-01 5.769087378316836157e-01
3.647895373537697328e-01 -6.689224245067348917e-03
3.710790121357313009e-01 1.275432695937925187e+00
3.773684869176928691e-01 -1.459250055527272494e-03
3.836579616996543818e-01 -9.729766221363533862e-02
3.899474364816159500e-01 5.164422858892341317e-01
3.962369112635774626e-01 5.918529022464735778e-01
4.025263860455390308e-01 -6.526784849435208757e-01
4.088158608275005990e-01 1.773284195837809829e-02
4.151053356094621116e-01 3.273936828240513464e-01
4.213948103914236798e-01 -4.170329381078758946e-01
4.276842851733851925e-01 5.322554028147041816e-02
4.339737599553467606e-01 8.963389940095252140e-01
4.402632347373083288e-01 -2.699307371263255373e-01
4.465527095192698415e-01 7.719400201325383737e-01
4.528421843012314096e-01 -6.217708786854077019e-01
4.591316590831929778e-01 8.277949685730938700e-01
4.654211338651544905e-01 -6.534128119563955561e-01
4.717106086471160586e-01 3.453840094535179928e-01
4.780000834290776268e-01 -2.175010586084846764e-01
4.842895582110391395e-01 9.131293016455778178e-01
4.905790329930007077e-01 -1.789129776897127044e-01
4.968685077749622203e-01 8.994665383550681792e-01
5.031579825569237885e-01 -3.234480418317648986e-01
5.094474573388853011e-01 -7.900436185194275041e-01
5.157369321208469248e-01 -4.305056278841388195e-01
5.220264069028084375e-01 1.220176282289830993e-02
5.283158816847699502e-01 -5.962757771471878243e-01
5.346053564667315738e-01 2.889385677486442372e-01
5.408948312486930865e-01 3.897234657678749770e-02
5.471843060306545992e-01 3.453859198264312980e-01
5.534737808126162228e-01 -1.885785679371181356e-01
5.597632555945777355e-01 -2.715960350701718262e-01
5.660527303765392482e-01 -6.925044703191427509e-01
5.723422051585007608e-01 -2.172745805348639259e-01
5.786316799404623845e-01 -4.449958597493939294e-01
5.849211547224238972e-01 -2.628031176306877548e-01
5.912106295043854098e-01 7.831703271001133615e-02
5.975001042863470335e-01 -9.241519200746786122e-01
6.037895790683085462e-01 4.697725538613872764e-01
6.100790538502700588e-01 5.491983387385923621e-01
6.163685286322316825e-01 -2.095760500480381427e-01
6.226580034141931952e-01 3.156601512008558874e-01
6.289474781961547079e-01 -7.028927252277483717e-02
6.352369529781163315e-01 -8.812213418014058774e-02
6.415264277600778442e-01 -6.956734267729620669e-01
6.478159025420393569e-01 -7.796816764291227830e-01
6.541053773240008695e-01 -6.243625523324509707e-01
6.603948521059624932e-01 5.978924952292445916e-01
6.666843268879240059e-01 1.533116379253218753e-02
6.729738016698855185e-01 -6.478796877394263909e-01
6.792632764518471422e-01 -1.451745777602586607e-02
6.855527512338086549e-01 1.837632784810556696e-01
6.918422260157701675e-01 5.902825994778169161e-01
6.981317007977317912e-01 -1.029766390364244000e+00
7.044211755796933039e-01 4.494633223891719709e-01
7.107106503616548165e-01 -1.244274631795205810e-01
7.170001251436164402e-01 1.547204811195472818e-01
7.232895999255779529e-01 -2.844353134358583723e-01
7.295790747075394655e-01 -2.477749002759686014e-01
7.358685494895010892e-01 3.154541190113757665e-01
7.421580242714626019e-01 -1.036032544766593011e+00
7.484474990534241146e-01 -1.069036889983781435e+00
7.547369738353857382e-01 -2.053463103150297009e-01
7.610264486173472509e-01 -3.624141887626399772e-01
7.673159233993087636e-01 4.461328647072193565e-01
7.736053981812702762e-01 -8.312349408399797301e-01
7.798948729632318999e-01 3.769833153078872012e-01
7.861843477451934126e-01 -5.809783374867150130e-01
7.924738225271549252e-01 -3.900071374232150223e-01
7.987632973091165489e-01 -6.392329347530107952e-01
8.050527720910780616e-01 4.105251673689529479e-01
8.113422468730395742e-01 -7.237362019199566898e-01
8.176317216550011979e-01 1.130683510427763494e-01
8.239211964369627106e-01 1.349400344770741444e-01
8.302106712189242232e-01 -4.103832855794939949e-01
8.365001460008858469e-01 -8.221389967242023200e-01
8.427896207828473596e-01 3.056321096485768996e-01
8.490790955648088723e-01 -7.843324896539471958e-02
8.553685703467703849e-01 -1.898725168683847997e-01
8.616580451287320086e-01 8.038894420127642437e-01
8.679475199106935213e-01 4.421551440508577624e-01
8.742369946926550339e-01 -2.196895575998190075e-01
8.805264694746166576e-01 3.293588164708718402e-01
8.868159442565781703e-01 3.933953214473515647e-01
8.931054190385396829e-01 8.137344990218302598e-01
8.993948938205013066e-01 8.795486267744855313e-01
9.056843686024628193e-01 -3.850167463431273251e-01
9.119738433844243319e-01 1.073009795668598665e+00
9.182633181663859556e-01 5.527182521350049171e-01
9.245527929483474683e-01 1.424402940430320452e-01
9.308422677303089809e-01 5.486171123159059304e-01
9.371317425122706046e-01 -3.432393173809329956e-01
9.434212172942321173e-01 1.596168025470386942e+00
9.497106920761936300e-01 1.637669370476338093e+00
9.560001668581552536e-01 3.993277157087731233e-01
9.622896416401167663e-01 -9.291898731608916329e-02
9.685791164220782790e-01 1.599248698597442120e+00
9.748685912040397916e-01 2.605389847064162878e-02
9.811580659860014153e-01 1.482150241953261283e+00
9.874475407679629280e-01 1.461592249590514481e+00
9.937370155499244406e-01 1.626604030976163795e+00
1.000026490331886064e+00 4.418778314578791222e-01
1.006315965113847577e+00 3.592838727155325262e-01
1.012605439895809090e+00 1.574949510639705785e+00
1.018894914677770602e+00 1.841213175219037490e+00
1.025184389459732115e+00 1.872565326473785818e+00
1.031473864241693850e+00 3.395430970407240512e-01
1.037763339023655362e+00 2.259173252212306471e-01
1.044052813805616875e+00 1.199315970178373103e+00
1.050342288587578388e+00 1.999662660000810721e+00
1.056631763369539900e+00 2.243333660188457479e+00
1.062921238151501413e+00 1.572627314976156265e+00
1.069210712933463148e+00 4.426369851403335609e-01
1.075500187715424660e+00 1.182630068722880567e+00
1.081789662497386173e+00 2.449637416915455113e+00
1.088079137279347686e+00 1.807658625166524313e+00
1.094368612061309198e+00 2.507719562665571722e+00
1.100658086843270711e+00 2.099114393521610111e+00
1.106947561625232446e+00 2.172834754935463852e+00
1.113237036407193958e+00 1.608781782351718759e+00
1.119526511189155471e+00 2.051372059042524842e+00
1.125815985971116984e+00 2.553694958182558761e+00
1.132105460753078496e+00 1.166380013692236206e+00
1.138394935535040009e+00 1.484157084514519109e+00
1.144684410317001522e+00 1.793760768376422732e+00
1.150973885098963256e+00 2.248046800293790337e+00
1.157263359880924769e+00 1.793651432988535577e+00
1.163552834662886282e+00 1.200066279521442958e+00
1.169842309444847794e+00 2.667220292596001574e+00
1.176131784226809307e+00 2.648642255447150262e+00
1.182421259008770820e+00 2.656866132753812781e+00
1.188710733790732554e+00 2.481627820320880140e+00
1.195000208572694067e+00 2.269362034908257275e+00
1.201289683354655580e+00 3.020382292619417264e+00
1.207579158136617092e+00 2.661148858631414260e+00
1.213868632918578605e+00 1.522298984093786167e+00
1.220158107700540118e+00 2.022880330266117355e+00
1.226447582482501630e+00 1.378074149320188901e+00
1.232737057264463365e+00 2.121556762125071494e+00
1.239026532046424878e+00 1.212409710622150083e+00
1.245316006828386390e+00 2.209410899194000244e+00
1.251605481610347903e+00 1.824435640902593692e+00
1.257894956392309416e+00 1.848204327003841962e+00
1.264184431174270928e+00 1.878440508007332310e+00
1.270473905956232663e+00 1.390622755115423104e+00
1.276763380738194176e+00 2.894913875129401681e+00
1.283052855520155688e+00 1.293229200002339985e+00
1.289342330302117201e+00 2.877502234686274640e+00
1.295631805084078714e+00 1.537872563057459452e+00
1.301921279866040226e+00 2.168018708150519558e+00
1.308210754648001739e+00 1.774373353218090754e+00
1.314500229429963474e+00 2.157520193341292192e+00
1.320789704211924986e+00 2.497760842051429897e+00
1.327079178993886499e+00 1.746337148760564562e+00
1.333368653775848012e+00 1.147643259282495887e+00
1.339658128557809524e+00 3.018099084786394659e+00
1.345947603339771037e+00 1.419882338624937956e+00
1.352237078121732772e+00 2.736155665903915235e+00
1.358526552903694284e+00 2.419902763431339032e+00
1.364816027685655797e+00 1.117517982467126414e+00
1.371105502467617310e+00 1.181614989767533874e+00
1.377394977249578822e+00 2.455916849473543273e+00
1.383684452031540335e+00 2.234293229078064158e+00
1.389973926813502070e+00 1.223058453917776234e+00
1.396263401595463582e+00 2.477075111373420846e+00
1.402552876377425095e+00 2.395627967179274620e+00
1.408842351159386608e+00 2.696171629111738355e+00
1.415131825941348120e+00 2.317206931082757215e+00
1.421421300723309633e+00 2.129346590220502655e+00
1.427710775505271146e+00 2.384370006175534407e+00
1.434000250287232880e+00 2.695923133049358711e+00
1.440289725069194393e+00 8.224807885633955706e-01
1.446579199851155906e+00 1.006556645635254821e+00
1.452868674633117418e+00 2.352381376631450749e+00
1.459158149415078931e+00 1.838394647464057785e+00
1.465447624197040444e+00 2.308971940307520843e+00
1.471737098979002178e+00 8.722255066531179324e-01
1.478026573760963691e+00 2.019578512491086997e+00
1.484316048542925204e+00 5.841904040230438966e-01
1.490605523324886716e+00 9.459583478003714685e-01
1.496894998106848229e+00 1.067884338355771900e+00
1.503184472888809742e+00 5.699982020276119776e-01
1.509473947670771476e+00 2.135365853870070829e+00
1.515763422452732989e+00 4.322076650232143935e-01
1.522052897234694502e+00 2.074096201464353140e+00
1.528342372016656014e+00 1.865485529342601367e+00
1.534631846798617527e+00 8.603257917536099031e-01
1.540921321580579040e+00 7.601713151952815828e-01
1.547210796362540552e+00 4.248467776320355993e-01
1.553500271144502287e+00 3.317824417407677084e-01
1.559789745926463800e+00 -7.524875782537474023e-02
1.566079220708425312e+00 -1.902486200894601687e-01
1.572368695490386825e+00 1.016031077092550916e+00
1.578658170272348338e+00 4.711772771958809836e-01
1.584947645054309850e+00 8.601145902027046430e-01
1.591237119836271585e+00 -4.385503507365479114e-02
1.597526594618233098e+00 2.451483687458503868e-01
1.603816069400194610e+00 8.515830499738641368e-01
1.610105544182156123e+00 1.066943620422200478e+00
1.616395018964117636e+00 8.879341211282241186e-01
1.622684493746079148e+00 5.104894713007535056e-01
1.628973968528040661e+00 1.959067068523433486e-01
1.635263443310002396e+00 3.684487212019469382e-01
1.641552918091963909e+00 3.863094657528262088e-01
1.647842392873925421e+00 -2.234602184557918925e-01
1.654131867655886934e+00 1.807581159471611798e-01
1.660421342437848446e+00 -9.380272332150443315e-01
1.666710817219809959e+00 -2.189172131662928678e-01
1.673000292001771694e+00 9.157026502175646954e-04
1.679289766783733207e+00 -4.680565468389896733e-01
1.685579241565694719e+00 -6.963032118327094899e-01
1.691868716347656232e+00 5.711442203625596292e-01
1.698158191129617745e+00 4.519980090347892610e-01
1.704447665911579257e+00 -6.211911480132747965e-01
1.710737140693540770e+00 -9.216835700891090610e-02
1.717026615475502505e+00 -8.117293147518926943e-01
1.723316090257464017e+00 -7.282574986092393843e-01
1.729605565039425530e+00 4.187217634538145106e-01
1.735895039821387043e+00 -4.792652768535878849e-01
1.742184514603348555e+00 -5.331113997528373893e-01
1.748473989385310068e+00 -5.395339801421505932e-02
1.754763464167271803e+00 -5.660091049756423853e-01
1.761052938949233315e+00 -6.645930563111572820e-01
1.767342413731194828e+00 -1.195181551746491211e+00
1.773631888513156341e+00 -1.035629120350424204e+00
1.779921363295117853e+00 -5.716294578091358769e-01
1.786210838077079366e+00 -1.156043326444283093e+00
1.792500312859041101e+00 1.018147309161832048e-01
1.798789787641002613e+00 -1.376438636945496841e+00
1.805079262422964126e+00 -7.100538023500853058e-01
1.811368737204925639e+00 -1.747466585562782893e+00
1.817658211986887151e+00 -1.549249141810599806e+00
1.823947686768848664e+00 -1.778858007835794508e+00
1.830237161550810177e+00 -1.611901008927135504e+00
1.836526636332771911e+00 -1.165324332318268041e+00
1.842816111114733424e+00 -8.617476360253724099e-01
1.849105585896694937e+00 -9.852052454397441927e-02
1.855395060678656449e+00 -2.970836336571827108e-01
1.861684535460617962e+00 -1.505891116835884835e+00
1.867974010242579475e+00 -1.234403519909526015e+00
1.874263485024541209e+00 -5.370769914796640343e-01
1.880552959806502722e+00 -7.806900628136879128e-01
1.886842434588464235e+00 -1.667304530412102359e+00
1.893131909370425747e+00 -1.726296723428514035e+00
1.899421384152387260e+00 -1.627632994698150926e+00
1.905710858934348773e+00 -9.702857835568889922e-01
1.912000333716310507e+00 -1.911138393384998579e+00
1.918289808498272020e+00 -6.020675849888807996e-01
1.924579283280233533e+00 -6.286832285806429610e-01
1.930868758062195045e+00 -1.648851987241364059e+00
1.937158232844156558e+00 -6.389673264200239622e-01
1.943447707626118071e+00 -1.434237484345968650e+00
1.949737182408079583e+00 -7.625333794593074366e-01
1.956026657190041318e+00 -6.641452346008280827e-01
1.962316131972002831e+00 -1.701203536108606862e+00
1.968605606753964343e+00 -1.807283459388910218e+00
1.974895081535925856e+00 -8.409812401688809835e-01
1.981184556317887369e+00 -1.393753914151116380e+00
1.987474031099848881e+00 -1.343399030574811803e+00
1.993763505881810616e+00 -1.262607399276822973e+00
2.000052980663772129e+00 -1.287582397414905877e+00
2.006342455445733641e+00 -4.593312910924640668e-02
2.012631930227695154e+00 -7.097741340668539678e-03
2.018921405009656667e+00 -1.632833072859942725e+00
2.025210879791618179e+00 -6.222616400313820684e-01
2.031500354573579692e+00 -1.330582117087524274e+00
2.037789829355541205e+00 -6.255807706226603759e-01
2.044079304137502717e+00 3.432819111084244312e-01
2.050368778919464230e+00 -6.899534715942101659e-01
2.056658253701426187e+00 -1.078809785795093124e+00
2.062947728483387699e+00 5.462445771030211006e-02
2.069237203265349212e+00 -1.075982290313857170e+00
2.075526678047310725e+00 -8.978221291264361081e-01
2.081816152829272237e+00 -3.323274635158790513e-01
2.088105627611233750e+00 -6.155054572759508513e-01
2.094395102393195263e+00 6.383778962152364400e-01
2.100684577175156775e+00 -6.672814471405519310e-01
2.106974051957118288e+00 9.263566841965763521e-01
2.113263526739079801e+00 1.413220783446716977e-01
2.119553001521041313e+00 7.212518660409710236e-01
2.125842476303002826e+00 -5.779870163320947052e-01
2.132131951084964339e+00 9.300904622793739751e-01
2.138421425866926295e+00 -1.095533457096136143e-01
2.144710900648887808e+00 -1.529880830581054063e-02
2.151000375430849321e+00 3.666720535419352167e-01
2.157289850212810833e+00 -4.959790429791117727e-01
2.163579324994772346e+00 6.583756973192658180e-01
2.169868799776733859e+00 -1.746443176217200577e-01
2.176158274558695371e+00 1.058946508266119579e+00
2.182447749340656884e+00 1.506826335238121928e+00
2.188737224122618397e+00 1.128901992870066540e+00
2.195026698904579909e+00 1.295780258137515961e+00
2.201316173686541422e+00 1.021960269460236548e+00
2.207605648468502935e+00 1.178336475652160598e+00
2.213895123250464891e+00 1.385124747280917168e+00
2.220184598032426404e+00 1.539850706670248703e+00
2.226474072814387917e+00 1.726325123698061681e+00
2.232763547596349429e+00 4.315237693715937572e-01
2.239053022378310942e+00 1.719994193007047034e+00
2.245342497160272455e+00 1.005056746486812536e+00
2.251631971942233967e+00 1.387076229133089811e+00
2.257921446724195480e+00 7.585477038668775318e-01
2.264210921506156993e+00 2.177269584091628740e+00
2.270500396288118505e+00 1.306167754434113482e+00
2.276789871070080018e+00 9.337010022468731352e-01
2.283079345852041531e+00 2.447030732741723558e+00
2.289368820634003043e+00 9.463898305939834055e-01
2.295658295415965000e+00 2.189990121225270592e+00
2.301947770197926513e+00 2.321231262207539725e+00
2.308237244979888025e+00 2.389301701400679434e+00
2.314526719761849538e+00 1.016502347466623712e+00
2.320816194543811051e+00 1.191588401821374710e+00
2.327105669325772563e+00 2.370436775137793717e+00
2.333395144107734076e+00 2.536572068257837209e+00
2.339684618889695589e+00 2.316105403739705970e+00
2.345974093671657101e+00 3.130012650142285580e+00
2.352263568453618614e+00 1.331346890277902650e+00
2.358553043235580127e+00 2.944689681486265975e+00
2.364842518017541639e+00 2.285937469288541912e+00
2.371131992799503152e+00 2.681839859090072942e+00
2.377421467581465109e+00 3.390701495208281457e+00
2.383710942363426621e+00 1.812332409986418646e+00
2.390000417145388134e+00 2.408863825500231037e+00
2.396289891927349647e+00 1.848091546895643145e+00
2.402579366709311159e+00 2.215352906197143756e+00
2.408868841491272672e+00 2.982431398183232218e+00
2.415158316273234185e+00 2.903926650386192243e+00
2.421447791055195697e+00 1.823610217177181969e+00
2.427737265837157210e+00 3.600676179414577405e+00
2.434026740619118723e+00 2.535702571734599786e+00
2.440316215401080235e+00 2.262870291279162061e+00
2.446605690183041748e+00 1.910019572179575409e+00
2.452895164965003261e+00 3.285526240078624927e+00
2.459184639746965217e+00 2.220725495094353796e+00
2.465474114528926730e+00 2.657349455597456167e+00
2.471763589310888243e+00 3.051255621690409203e+00
2.478053064092849755e+00 3.310142548166608467e+00
2.484342538874811268e+00 2.073316235159353926e+00
2.490632013656772781e+00 3.304438992721128177e+00
2.496921488438734293e+00 3.497344699513925015e+00
2.503210963220695806e+00 3.601480912811958923e+00
2.509500438002657319e+00 2.917894593242766899e+00
2.515789912784618831e+00 2.248733741715386536e+00
2.522079387566580344e+00 2.598974127946295454e+00
2.528368862348541857e+00 2.647290315064039667e+00
2.534658337130503369e+00 3.228220855486704011e+00
2.540947811912465326e+00 2.926942768106158166e+00
2.547237286694426839e+00 3.798309813005426250e+00
2.553526761476388351e+00 1.916180139394597415e+00
2.559816236258349864e+00 3.198653797774606566e+00
2.566105711040311377e+00 3.550082811937192773e+00
2.572395185822272889e+00 2.750812813031918047e+00
2.578684660604234402e+00 2.598350505894731377e+00
2.584974135386195915e+00 3.352557824594580183e+00
2.591263610168157427e+00 2.466261091556890328e+00
2.597553084950118940e+00 2.643047254460853868e+00
2.603842559732080453e+00 2.661238594525856094e+00
2.610132034514041965e+00 1.926399252945960372e+00
2.616421509296003478e+00 2.663798725540091894e+00
2.622710984077965435e+00 3.024401434219114115e+00
2.629000458859926947e+00 3.023622508348156046e+00
2.635289933641888460e+00 3.394500593686245349e+00
2.641579408423849973e+00 2.641473190813933059e+00
2.647868883205811485e+00 3.140632394239176506e+00
2.654158357987772998e+00 2.313902126283083671e+00
2.660447832769734511e+00 1.909939863236167934e+00
2.666737307551696023e+00 1.862298167219826883e+00
2.673026782333657536e+00 1.527084904800379395e+00
2.679316257115619049e+00 1.811783446221429950e+00
2.685605731897580561e+00 2.533615942900210527e+00
2.691895206679542074e+00 2.579686466042286241e+00
2.698184681461504031e+00 2.441974201698164038e+00
2.704474156243465544e+00 2.042410252653117375e+00
2.710763631025427056e+00 1.852794938187535267e+00
2.717053105807388569e+00 1.678428072685762995e+00
2.723342580589350082e+00 2.172706958520538745e+00
2.729632055371311594e+00 9.946084740758086573e-01
2.735921530153273107e+00 1.896037652598040690e+00
2.742211004935234619e+00 8.105310046223573872e-01
2.748500479717196132e+00 2.592139275957019873e+00
2.754789954499157645e+00 1.936167202403087817e+00
2.761079429281119157e+00 1.826926082671846974e+00
2.767368904063080670e+00 6.634232143363116840e-01
2.773658378845042183e+00 1.250022973574534069e+00
2.779947853627004140e+00 4.695369413462732178e-01
2.786237328408965652e+00 1.084526470153446942e+00
2.792526803190927165e+00 7.877894751470604362e-01
2.798816277972888678e+00 1.857152055581983596e+00
2.805105752754850190e+00 2.045146347058198533e+00
2.811395227536811703e+00 1.041399999159322798e+00
2.817684702318773216e+00 1.125163011651387546e+00
2.823974177100734728e+00 1.409101167863601844e+00
2.830263651882696241e+00 1.042758857779425785e+00
2.836553126664657754e+00 1.871298383743050575e+00
2.842842601446619266e+00 9.881248490719893862e-01
2.849132076228580779e+00 1.119527817434609718e+00
2.855421551010542291e+00 5.166865664501021360e-01
2.861711025792504248e+00 -2.727169965903530890e-02
2.868000500574465761e+00 9.939159173785903079e-01
2.874289975356427274e+00 1.492065805040598825e+00
2.880579450138388786e+00 6.522130753816838267e-01
2.886868924920350299e+00 3.503921048412553807e-01
2.893158399702311812e+00 1.830179345734904706e-01
2.899447874484273324e+00 -9.727229630429756746e-02
2.905737349266234837e+00 -1.495988085115290689e-01
2.912026824048196350e+00 2.442406759751944989e-01
2.918316298830157862e+00 4.188302180270042641e-01
2.924605773612119375e+00 1.656876090515803090e-01
2.930895248394080888e+00 7.580132178476837179e-01
2.937184723176042400e+00 6.926840774472360351e-01
2.943474197958004357e+00 5.521310842619928660e-01
2.949763672739965870e+00 -1.035578029840911629e+00
2.956053147521927382e+00 3.425951629189245562e-01
2.962342622303888895e+00 -1.415147174450528400e-01
2.968632097085850408e+00 -1.696979745809952256e-01
2.974921571867811920e+00 -7.625735521613223877e-01
2.981211046649773433e+00 -5.421109473227301301e-01
2.987500521431734946e+00 -8.657287189589322196e-01
2.993789996213696458e+00 -1.351418678710758492e-01
3.000079470995657971e+00 -1.274101338930240468e+00
3.006368945777619484e+00 -1.297753559694133862e+00
3.012658420559580996e+00 -1.593498233426218214e-01
3.018947895341542953e+00 -7.503465647610030320e-01
3.025237370123504466e+00 -2.299366764848129741e-01
3.031526844905465978e+00 4.131419992188458679e-01
3.037816319687427491e+00 -2.404262491612594310e-01
3.044105794469389004e+00 -1.580556578328445205e+00
3.050395269251350516e+00 1.978548375581938856e-01
3.056684744033312029e+00 -1.472193009648665951e+00
3.062974218815273542e+00 -3.650198623235314521e-01
3.069263693597235054e+00 -1.282030039273657662e+00
3.075553168379196567e+00 -2.215886442475820672e-01
3.081842643161158080e+00 -1.083195288808415313e+00
3.088132117943119592e+00 -1.416946808241576150e+00
3.094421592725081105e+00 -2.711559951232769272e-01
3.100711067507043062e+00 -2.593717217653241924e-01
3.107000542289004574e+00 -1.290631445194839966e+00
3.113290017070966087e+00 -1.381661716277994501e+00
3.119579491852927600e+00 -4.974977153511748185e-01
3.125868966634889112e+00 -1.266902861071383057e+00
3.132158441416850625e+00 2.229460655983390716e-01
3.138447916198812138e+00 -5.828441025196711145e-01
3.144737390980773650e+00 -1.419265325355370644e+00
3.151026865762735163e+00 2.187082069227419545e-01
3.157316340544696676e+00 -7.092464974430872093e-01
3.163605815326658188e+00 -9.235046387207088703e-01
3.169895290108619701e+00 -1.609239835568771815e+00
3.176184764890581214e+00 2.472081067804867693e-01
3.182474239672543170e+00 -1.399308393161555086e+00
3.188763714454504683e+00 -1.075403171083384679e+00
3.195053189236466196e+00 -1.387364608671241673e+00
3.201342664018427708e+00 -7.513250864666964901e-02
3.207632138800389221e+00 2.807455114390313700e-01
3.213921613582350734e+00 -1.277191834519646019e+00
3.220211088364312246e+00 -2.604470853876952319e-01
3.226500563146273759e+00 -1.263193401991170584e+00
3.232790037928235272e+00 7.177853473704010057e-02
3.239079512710196784e+00 -4.853651329986985452e-02
3.245368987492158297e+00 -7.326053004137875746e-01
3.251658462274119810e+00 1.948169824828829277e-01
3.257947937056081322e+00 -3.487606752657441689e-01
3.264237411838043279e+00 1.173101332559716159e-01
3.270526886620004792e+00 -1.676447115422678991e-01
3.276816361401966304e+00 1.374596837366750535e-01
3.283105836183927817e+00 5.739034821606063819e-01
3.289395310965889330e+00 -8.868008076279347840e-01
3.295684785747850842e+00 1.586120540962205894e-01
3.301974260529812355e+00 -6.993912691354338129e-01
3.308263735311773868e+00 3.788455909951888856e-01
3.314553210093735380e+00 -9.236571180512509471e-01
3.320842684875696893e+00 9.337544796086860721e-01
3.327132159657658406e+00 -8.531730311313433512e-01
3.333421634439619918e+00 -7.359393053507936600e-01
3.339711109221581431e+00 4.793789339953570261e-01
3.346000584003543388e+00 2.831007345788896234e-01
3.352290058785504900e+00 6.760846191031315566e-01
3.358579533567466413e+00 1.032777873575570604e+00
3.364869008349427926e+00 -1.047019551603691756e-01
3.371158483131389438e+00 -8.324388087558054483e-02
3.377447957913350951e+00 1.162041367180041584e+00
3.383737432695312464e+00 4.108080489731974483e-01
3.390026907477273976e+00 5.139864899727317749e-01
3.396316382259235489e+00 9.773648463748709769e-01
3.402605857041197002e+00 1.019710257949722809e+00
3.408895331823158514e+00 6.286069851211834036e-01
3.415184806605120027e+00 -1.186908333314725672e-01
3.421474281387081540e+00 1.421048406732961844e+00
3.427763756169043496e+00 1.240456046248053612e+00
3.434053230951005009e+00 4.995372934457751324e-01
3.440342705732966522e+00 1.532283764347959654e+00
3.446632180514928034e+00 1.787598597314385085e+00
3.452921655296889547e+00 1.466671076620680303e+00
3.459211130078851060e+00 2.001768641936636950e+00
3.465500604860812572e+00 7.738629809394296233e-01
3.471790079642774085e+00 9.944836551209577102e-01
3.478079554424735598e+00 6.942884869822461003e-01
3.484369029206697110e+00 1.597591265264846738e+00
3.490658503988658623e+00 1.615142131604057507e+00
3.496947978770620136e+00 1.125253244173939127e+00
3.503237453552582092e+00 2.270463908424078969e+00
3.509526928334543605e+00 1.599405047929198798e+00
3.515816403116505118e+00 1.102541657681733067e+00
3.522105877898466630e+00 6.542123608319920791e-01
3.528395352680428143e+00 4.964924227806647994e-01
3.534684827462389656e+00 2.181420900613070923e+00
3.540974302244351168e+00 1.932454987547652436e+00
3.547263777026312681e+00 1.173511671602756268e+00
3.553553251808274194e+00 1.831493180392076425e+00
3.559842726590235706e+00 2.473383613629036581e+00
3.566132201372197219e+00 2.155722491177226363e+00
3.572421676154158732e+00 2.518426989044605158e+00
3.578711150936120244e+00 2.422263218005705099e+00
3.585000625718082201e+00 1.152052081881182133e+00
3.591290100500043714e+00 1.135981469586708537e+00
3.597579575282005226e+00 2.782522202160095492e+00
3.603869050063966739e+00 1.877884279232009401e+00
3.610158524845928252e+00 1.540931607246235124e+00
3.616447999627889764e+00 1.573599295574503065e+00
3.622737474409851277e+00 2.516072210287598310e+00
3.629026949191812790e+00 2.328503468101970508e+00
3.635316423973774302e+00 1.592939401742003547e+00
3.641605898755735815e+00 2.857324993312286399e+00
3.647895373537697328e+00 2.215302017864018147e+00
3.654184848319658840e+00 2.366100173292468689e+00
3.660474323101620353e+00 2.865163894983996151e+00
3.666763797883582310e+00 2.740243823171123694e+00
3.673053272665543822e+00 2.253588786130890753e+00
3.679342747447505335e+00 1.869181795487498299e+00
3.685632222229466848e+00 2.603028671170902530e+00
3.691921697011428360e+00 2.733845344038457803e+00
3.698211171793389873e+00 2.724042385369576547e+00
3.704500646575351386e+00 3.101035392378381772e+00
3.710790121357312898e+00 2.600681818671254586e+00
3.717079596139274411e+00 1.801772685574503319e+00
3.723369070921235924e+00 2.975173755087051397e+00
3.729658545703197436e+00 2.424841549030678944e+00
3.735948020485158949e+00 2.881881046834684490e+00
3.742237495267120462e+00 1.354508791939759815e+00
3.748526970049082419e+00 2.538231204117112672e+00
3.754816444831043931e+00 2.177328846089073178e+00
3.761105919613005444e+00 1.575030790367048628e+00
3.767395394394966956e+00 2.184386026727716423e+00
3.773684869176928469e+00 2.860467047884628577e+00
3.779974343958889982e+00 1.916474337840243125e+00
3.786263818740851494e+00 2.521970721199065402e+00
3.792553293522813007e+00 1.182814527424505435e+00
3.798842768304774520e+00 1.239094060804392550e+00
3.805132243086736032e+00 2.699774448688687212e+00
3.811421717868697545e+00 2.294492307417191235e+00
3.817711192650659058e+00 1.147451770270744742e+00
3.824000667432621015e+00 1.225136001077602232e+00
3.830290142214582527e+00 2.235016312944932970e+00
3.836579616996544040e+00 1.779572292026401437e+00
3.842869091778505553e+00 2.473446061899735593e+00
3.849158566560467065e+00 1.726240671485041567e+00
3.855448041342428578e+00 2.546898405653285735e+00
3.861737516124390091e+00 2.735107581582384206e+00
3.868026990906351603e+00 2.212048607754390606e+00
3.874316465688313116e+00 2.502397702573607052e+00
3.880605940470274628e+00 2.521911810815685939e+00
3.886895415252236141e+00 2.414350839900859746e+00
3.893184890034197654e+00 1.609232231983658945e+00
3.899474364816159166e+00 1.720648811244388732e+00
3.905763839598121123e+00 1.228365329325204591e+00
3.912053314380082636e+00 2.141299327966197819e+00
3.918342789162044149e+00 9.832872329239837894e-01
3.924632263944005661e+00 1.396860001397027151e+00
3.930921738725967174e+00 1.199767890693312911e+00
3.937211213507928687e+00 1.555331199968160050e+00
3.943500688289890199e+00 1.880604967693239704e+00
3.949790163071851712e+00 1.092230340586749726e+00
3.956079637853813225e+00 7.053657743815830994e-01
3.962369112635774737e+00 1.535744644020908378e+00
3.968658587417736250e+00 1.039596207010651696e+00
3.974948062199697763e+00 7.320665978174895061e-01
3.981237536981659275e+00 2.018130644280418551e+00
3.987527011763621232e+00 2.198970005525548999e+00
3.993816486545582745e+00 1.694622986824086741e+00
4.000105961327544257e+00 2.240886282732424739e+00
4.006395436109505326e+00 1.311056374335304309e+00
4.012684910891467283e+00 1.052926262396677970e+00
4.018974385673428351e+00 5.895183659406928456e-01
4.025263860455390308e+00 1.892567490705040489e+00
4.031553335237352265e+00 7.211337222601299501e-01
4.037842810019313333e+00 3.359210891644044961e-01
4.044132284801275290e+00 1.814145594694598573e+00
4.050421759583236359e+00 1.683470395381986506e+00
4.056711234365198315e+00 1.593771716518912029e+00
4.063000709147159384e+00 1.161790829512481249e+00
4.069290183929121341e+00 1.403058893991227851e+00
4.075579658711082409e+00 5.139121050139671132e-01
4.081869133493044366e+00 2.653178539187925900e-01
4.088158608275005435e+00 2.639090397334942217e-02
4.094448083056967391e+00 1.484922368395637626e+00
4.100737557838928460e+00 9.642115745949383365e-01
4.107027032620890417e+00 -1.374792235517691141e-02
4.113316507402852373e+00 5.970089511037730556e-01
4.119605982184813442e+00 1.438368541410663504e+00
4.125895456966775399e+00 1.711213481652106072e+00
4.132184931748736467e+00 1.014504871344461323e+00
4.138474406530698424e+00 -1.553460806367287783e-01
4.144763881312659493e+00 1.442350544269118906e+00
4.151053356094621449e+00 -2.899367831369913384e-01
4.157342830876582518e+00 1.146814761241056191e+00
4.163632305658544475e+00 1.224080852456679969e+00
4.169921780440505543e+00 1.199738142373142358e+00
4.176211255222467500e+00 3.382169566762577850e-01
4.182500730004428569e+00 1.349331771409745695e+00
4.188790204786390525e+00 9.459525737524154820e-01
4.195079679568352482e+00 -4.065080338823641171e-01
4.201369154350313551e+00 6.193269699310440801e-01
4.207658629132275507e+00 -3.726370958986735538e-01
4.213948103914236576e+00 -3.694193817713857797e-01
4.220237578696198533e+00 2.556486433391680357e-02
4.226527053478159601e+00 6.290175516662181998e-01
4.232816528260121558e+00 7.187469320685738738e-01
4.239106003042082627e+00 2.745456880307517444e-01
4.245395477824044583e+00 1.239125354377311083e+00
4.251684952606005652e+00 1.824284059489360565e-01
4.257974427387967609e+00 1.068829391557217789e-01
4.264263902169928677e+00 -6.234366791047385448e-02
4.270553376951890634e+00 1.365062570327151281e-01
4.276842851733852591e+00 -1.399643877694879412e-01
4.283132326515813659e+00 1.079432262469725456e+00
4.289421801297775616e+00 3.743281636907513921e-01
4.295711276079736685e+00 3.445287433384334186e-01
4.302000750861698641e+00 -4.386938452535664723e-01
4.308290225643659710e+00 2.277204813147217788e-01
4.314579700425621667e+00 2.559600508914089412e-01
4.320869175207582735e+00 1.065229609527649224e+00
4.327158649989544692e+00 2.654750173508680922e-01
4.333448124771505761e+00 6.626157600226874056e-01
4.339737599553467717e+00 1.298758109455356635e+00
4.346027074335428786e+00 -3.174307079702415324e-01
4.352316549117390743e+00 1.212931445234280980e+00
4.358606023899352699e+00 8.442208281367030720e-01
4.364895498681313768e+00 2.291671146644170820e-01
4.371184973463275725e+00 1.135276809601572401e+00
4.377474448245236793e+00 1.000806388430745653e+00
4.383763923027198750e+00 3.071789601744834286e-02
4.390053397809159819e+00 9.864394950141675000e-02
4.396342872591121775e+00 2.109406040241950109e-01
4.402632347373082844e+00 7.725314951626407467e-01
4.408921822155044801e+00 7.366438443185603369e-01
4.415211296937005869e+00 6.595442410467091676e-01
4.421500771718967826e+00 1.432155402312307757e+00
4.427790246500929783e+00 2.407778358480505698e-01
4.434079721282890851e+00 7.061573246988229746e-01
4.440369196064852808e+00 1.081823937347964337e+00
4.446658670846813877e+00 1.225279749080476099e+00
4.452948145628775833e+00 1.104503169053543399e+00
4.459237620410736902e+00 5.389146608579455933e-01
4.465527095192698859e+00 1.367966840045951926e+00
4.471816569974659927e+00 9.391092927597884943e-01
4.478106044756621884e+00 1.702751102789152871e-01
4.484395519538582953e+00 -3.268042959012349424e-01
4.490684994320544909e+00 8.937256089156322414e-01
4.496974469102505978e+00 5.963919568782500846e-01
4.503263943884467935e+00 5.891566175784614945e-01
4.509553418666429891e+00 -1.922172820446614305e-01
4.515842893448390960e+00 1.151732466835946767e+00
4.522132368230352917e+00 8.028628246632338872e-01
4.528421843012313985e+00 1.545583443721066264e+00
4.534711317794275942e+00 6.776503993592893904e-01
4.541000792576237011e+00 -1.061195198080365776e-01
4.547290267358198967e+00 -2.028465869446776093e-01
4.553579742140160036e+00 4.365050779656309277e-01
4.559869216922121993e+00 -3.496790932965490040e-01
4.566158691704083061e+00 -1.961803053916110762e-01
4.572448166486045018e+00 7.688333536164400073e-01
4.578737641268006087e+00 1.070566484255768280e+00
4.585027116049968043e+00 -2.566283055846173555e-01
4.591316590831930000e+00 1.492238158637068657e-01
4.597606065613891069e+00 -7.077459908757310902e-02
4.603895540395853025e+00 8.785344839213203860e-01
4.610185015177814094e+00 2.765741055456398811e-01
4.616474489959776051e+00 3.765429861062813965e-01
4.622763964741737119e+00 1.050180270539360361e+00
4.629053439523699076e+00 -7.407615017603230712e-02
4.635342914305660145e+00 9.953667604411303715e-01
4.641632389087622101e+00 -1.870487574161886490e-01
4.647921863869583170e+00 2.589257361562730120e-01
4.654211338651545127e+00 1.943124373811735417e-01
4.660500813433506195e+00 5.329848482089198924e-01
4.666790288215468152e+00 3.042932395089241737e-01
4.673079762997430109e+00 2.285092864516949929e-01
4.679369237779391177e+00 -1.376441109823026421e-01
4.685658712561353134e+00 5.640662212165505895e-01
4.691948187343314203e+00 -1.984168733520959294e-01
4.698237662125276159e+00 2.035825131599927895e-01
4.704527136907237228e+00 1.202469048979368793e+00
4.710816611689199185e+00 5.702893222898709480e-01
4.717106086471160253e+00 1.221401877557038551e+00
4.723395561253122210e+00 -2.327152248765224640e-01
4.729685036035083279e+00 1.611956182931437498e+00
4.735974510817045235e+00 7.395433272203199015e-01
4.742263985599006304e+00 1.566636876100156561e+00
4.748553460380968261e+00 5.536211201161598261e-01
4.754842935162930218e+00 4.812735784099514413e-02
4.761132409944891286e+00 -2.285846402343292283e-01
4.767421884726853243e+00 8.811919955321314557e-01
4.773711359508814311e+00 1.293300999764506409e+00
4.780000834290776268e+00 4.480066281935204398e-01
4.786290309072737337e+00 1.837491453393789165e-01
4.792579783854699293e+00 2.302267834503528010e-01
4.798869258636660362e+00 1.048169942946613586e+00
4.805158733418622319e+00 8.502477575101352603e-01
4.811448208200583387e+00 3.107788594749796296e-01
4.817737682982545344e+00 8.824045153882127401e-01
4.824027157764506413e+00 6.312721852628315755e-01
4.830316632546468369e+00 -2.818533222350131928e-01
4.836606107328430326e+00 -6.649887066466553254e-02
4.842895582110391395e+00 1.173589043319271941e+00
4.849185056892353352e+00 8.076585452087322592e-01
4.855474531674314420e+00 7.047358361463972320e-01
4.861764006456276377e+00 6.274079477707885655e-01
4.868053481238237445e+00 1.264820779434605136e+00
4.874342956020199402e+00 1.522647376313626122e+00
4.880632430802160471e+00 4.344783950187264265e-02
4.886921905584122428e+00 1.147495754236723009e+00
4.893211380366083496e+00 4.577088013800039157e-01
4.899500855148045453e+00 -2.375334618555086097e-01
4.905790329930006521e+00 3.475297680032559677e-01
4.912079804711968478e+00 7.318886949897578376e-01
4.918369279493930435e+00 1.238855898970600222e+00
4.924658754275891503e+00 -3.210153619872468944e-01
4.930948229057853460e+00 1.064206193617909690e+00
4.937237703839814529e+00 -5.684053281725760520e-01
4.943527178621776486e+00 -4.962917862062576901e-01
4.949816653403737554e+00 3.597987293750848359e-01
4.956106128185699511e+00 1.347943618423846690e+00
4.962395602967660579e+00 1.291371573846115117e+00
4.968685077749622536e+00 1.078671242079229042e+00
4.974974552531583605e+00 7.809619745986420281e-01
4.981264027313545562e+00 -3.517867843195430222e-01
4.987553502095506630e+00 -5.842864006941096422e-01
4.993842976877468587e+00 5.639349923566152611e-01
5.000132451659430544e+00 -2.927924312313789912e-01
5.006421926441391612e+00 4.526622145387542151e-01
5.012711401223353569e+00 -2.011707086616615348e-01
5.019000876005314637e+00 5.179787670545639156e-01
5.025290350787276594e+00 7.291300125667090626e-01
5.031579825569237663e+00 1.216849309783846644e+00
5.037869300351199620e+00 4.481240190965789516e-01
5.044158775133160688e+00 6.787565167481882655e-01
5.050448249915122645e+00 -2.997014816523639880e-01
5.056737724697083713e+00 4.547008438699939870e-02
5.063027199479045670e+00 1.073721361105189898e+00
5.069316674261006739e+00 6.692083833964581618e-01
5.075606149042968696e+00 1.537089454257449805e-01
5.081895623824930652e+00 3.422047329759976275e-01
5.088185098606891721e+00 3.178063946186006072e-01
5.094474573388853678e+00 8.880268919804520378e-01
5.100764048170814746e+00 3.769489265751382323e-01
5.107053522952776703e+00 5.188888982078136980e-01
5.113342997734737772e+00 8.642714057810054751e-01
5.119632472516699728e+00 1.074608825921399724e+00
5.125921947298660797e+00 -4.765115016645863344e-01
5.132211422080622754e+00 -6.392811997839511484e-01
5.138500896862583822e+00 6.364033773091364310e-01
5.144790371644545779e+00 -1.605854700142953506e-01
5.151079846426506847e+00 6.527719277330172876e-01
5.157369321208468804e+00 -1.545692221455152726e-02
5.163658795990430761e+00 -3.936320936313877361e-01
5.169948270772391830e+00 -1.019919235089784548e-01
5.176237745554353786e+00 6.648293250598403814e-01
5.182527220336314855e+00 6.097966175006728218e-01
5.188816695118276812e+00 9.971564555789080853e-02
5.195106169900237880e+00 -5.905527501815049929e-01
5.201395644682199837e+00 2.033974418174644416e-01
5.207685119464160906e+00 -9.553290351989873752e-02
5.213974594246122862e+00 9.174758615674689644e-01
5.220264069028083931e+00 8.058983846307463672e-01
5.226553543810045888e+00 1.025441725936433457e+00
5.232843018592006956e+00 1.036255815163642513e-01
5.239132493373968913e+00 -5.369745754457833087e-01
5.245421968155930870e+00 1.243225700486446650e+00
5.251711442937891938e+00 5.029462424083375183e-02
5.258000917719853895e+00 1.326287510214621435e+00
5.264290392501814964e+00 1.852396106012408339e-01
5.270579867283776920e+00 1.211529339564234808e+00
5.276869342065737989e+00 -5.984003683001393181e-01
5.283158816847699946e+00 1.106790330401486777e+00
5.289448291629661014e+00 9.651368961361164178e-01
5.295737766411622971e+00 6.757840739717582146e-01
5.302027241193584040e+00 2.474041513058565789e-01
5.308316715975545996e+00 4.303956890345942421e-01
5.314606190757507953e+00 7.100710950472344241e-01
5.320895665539469022e+00 1.151200541967412505e+00
5.327185140321430978e+00 -3.518893978167974002e-01
5.333474615103392047e+00 1.050605945060669733e+00
5.339764089885354004e+00 1.050754091535241574e+00
5.346053564667315072e+00 1.303946504780847393e+00
5.352343039449277029e+00 8.581516607376094008e-01
5.358632514231238098e+00 2.435051412732992526e-01
5.364921989013200054e+00 6.704932435500576826e-03
5.371211463795161123e+00 1.115673817906252419e+00
5.377500938577123080e+00 1.068475051179455626e+00
5.383790413359084148e+00 1.673768660441690592e+00
5.390079888141046105e+00 6.040765099514904257e-01
5.396369362923008062e+00 1.567082747879113391e+00
5.402658837704969130e+00 8.810007282912907245e-02
5.408948312486931087e+00 1.799358167924148821e+00
5.415237787268892156e+00 1.187485179220903353e+00
5.421527262050854112e+00 1.388099143172099259e+00
5.427816736832815181e+00 1.182447638603617568e+00
5.434106211614777138e+00 1.043044351292218064e+00
5.440395686396738206e+00 4.905335872133159691e-02
5.446685161178700163e+00 7.389077419501024480e-01
5.452974635960661232e+00 1.750245954814322769e+00
5.459264110742623188e+00 1.102585095922041347e+00
5.465553585524584257e+00 7.893967728018258523e-01
5.471843060306546214e+00 5.129048980542281200e-01
5.478132535088508170e+00 1.143567546349639086e+00
5.484422009870469239e+00 3.008423695246400520e-01
5.490711484652431196e+00 1.263259893993406546e+00
5.497000959434392264e+00 1.093258321620093065e+00
5.503290434216354221e+00 2.079479624169370489e+00
5.509579908998315290e+00 7.272410249169513063e-01
5.515869383780277246e+00 5.172732368563824901e-01
5.522158858562238315e+00 1.425216633672666156e+00
5.528448333344200272e+00 2.252955994999432221e+00
5.534737808126161340e+00 1.868722833041677855e+00
5.541027282908123297e+00 1.161022240879377776e+00
5.547316757690084366e+00 1.168864686861435187e+00
5.553606232472046322e+00 8.404345089985807427e-01
5.559895707254008279e+00 1.930663823660480283e+00
5.566185182035969348e+00 1.800928468666840754e+00
5.572474656817931304e+00 1.038626891973852384e+00
5.578764131599892373e+00 1.059633796877172518e+00
5.585053606381854330e+00 1.864818588640117403e+00
5.591343081163815398e+00 2.471046369290681000e+00
5.597632555945777355e+00 2.037588436016277260e+00
5.603922030727738424e+00 7.455433750316551311e-01
5.610211505509700380e+00 1.799632168970689117e+00
5.616500980291661449e+00 2.257805853249122308e+00
5.622790455073623406e+00 2.465305238479115424e+00
5.629079929855584474e+00 2.254271759610849912e+00
5.635369404637546431e+00 1.897377442156180649e+00
5.641658879419508388e+00 2.136526470819894108e+00
5.647948354201469456e+00 2.361629460748414733e+00
5.654237828983431413e+00 2.497875779807229968e+00
5.660527303765392482e+00 8.492940291389052820e-01
5.666816778547354438e+00 9.396000232964005772e-01
5.673106253329315507e+00 1.240481636396819631e+00
5.679395728111277464e+00 2.518379394522633596e+00
5.685685202893238532e+00 1.571254662590691797e+00
5.691974677675200489e+00 2.185499407395988136e+00
5.698264152457161558e+00 1.082952405925604822e+00
5.704553627239123514e+00 1.447532403714377525e+00
5.710843102021084583e+00 1.350433811788944505e+00
5.717132576803046540e+00 1.535084784562883442e+00
5.723422051585008496e+00 7.425131277595553581e-01
5.729711526366969565e+00 2.178950613577346651e+00
5.736001001148931522e+00 2.499597030989078483e+00
5.742290475930892590e+00 1.229381376530953807e+00
5.748579950712854547e+00 2.156507950887145419e+00
5.754869425494815616e+00 8.772280410079134061e-01
5.761158900276777572e+00 1.169324016813247713e+00
5.767448375058738641e+00 8.265090057390358513e-01
5.773737849840700598e+00 8.998776650002510147e-01
5.780027324622661666e+00 2.261667710873656034e+00
5.786316799404623623e+00 1.697925763294262147e+00
5.792606274186584692e+00 1.016731924819335386e+00
5.798895748968546648e+00 1.781030697718905653e+00
5.805185223750508605e+00 2.354489309221591498e+00
5.811474698532469674e+00 1.718512751510880232e+00
5.817764173314431631e+00 1.814113083143454652e+00
5.824053648096392699e+00 8.010016227795191401e-01
5.830343122878354656e+00 1.287760498145965826e+00
5.836632597660315724e+00 9.888742463595219245e-01
5.842922072442277681e+00 1.218454249477794571e+00
5.849211547224238750e+00 9.647094822144005599e-01
5.855501022006200706e+00 1.932221477584985747e+00
5.861790496788161775e+00 2.564495061555420730e-01
5.868079971570123732e+00 2.481125744493506979e-01
5.874369446352084800e+00 1.033534165342706368e+00
5.880658921134046757e+00 9.514383554738055082e-01
5.886948395916008714e+00 2.012687103630382168e+00
5.893237870697969782e+00 1.566738981995975610e+00
5.899527345479931739e+00 4.915402334971735732e-01
5.905816820261892808e+00 6.381639478398952736e-01
5.912106295043854765e+00 6.293317128622886170e-01
5.918395769825815833e+00 4.327156088507593257e-01
5.924685244607777790e+00 1.733694759931150520e+00
5.930974719389738858e+00 3.086409747048675656e-01
5.937264194171700815e+00 1.437145191815932144e+00
5.943553668953661884e+00 -2.128604756745836601e-01
5.949843143735623840e+00 1.552461939729577134e+00
5.956132618517584909e+00 -1.113956828943884481e-01
5.962422093299546866e+00 8.005666000036046892e-01
5.968711568081508823e+00 1.410661435766197735e+00
5.975001042863469891e+00 1.365690218238715836e+00
5.981290517645431848e+00 9.143216924243739996e-01
5.987579992427392916e+00 -3.995406992061985019e-01
5.993869467209354873e+00 1.055789795000457998e+00
6.000158941991315942e+00 4.919026059311732979e-01
6.006448416773277899e+00 -2.395943617244948864e-01
6.012737891555238967e+00 9.329675540052737581e-01
6.019027366337200924e+00 1.125285478896642433e+00
6.025316841119161992e+00 4.786601689472811394e-01
6.031606315901123949e+00 8.129099808953974549e-01
6.037895790683085906e+00 4.933225300062402674e-01
6.044185265465046974e+00 -7.403572428726712396e-01
6.050474740247008931e+00 -8.967550498968517303e-01
6.056764215028970000e+00 1.127429280575147352e-01
6.063053689810931957e+00 -5.714330918827226213e-02
6.069343164592893025e+00 -1.203725281446242468e+00
6.075632639374854982e+00 -4.975389240529584090e-01
6.081922114156816050e+00 -3.265651127367741324e-02
6.088211588938778007e+00 -1.181284280613187354e+00
6.094501063720739076e+00 -1.626013155603840410e-01
6.100790538502701033e+00 -1.095001873641868295e+00
6.107080013284662101e+00 -1.315861589594080838e+00
6.113369488066624058e+00 -9.603820252795558510e-01
6.119658962848586015e+00 -1.151819571872065184e+00
6.125948437630547083e+00 2.461959070841066577e-01
6.132237912412509040e+00 2.383335292841846087e-01
6.138527387194470109e+00 -7.691085096776899555e-01
6.144816861976432065e+00 -6.249547325817819132e-01
6.151106336758393134e+00 -3.389543582905878427e-01
6.157395811540355091e+00 -4.902246869034783128e-01
6.163685286322316159e+00 -4.683611331736772243e-01
6.169974761104278116e+00 -4.471057782742837716e-01
6.176264235886239184e+00 -1.470179186048732767e+00
6.182553710668201141e+00 -1.603150724502437452e+00
6.188843185450162210e+00 -9.230738977027477254e-01
6.195132660232124167e+00 -1.168759409760471879e+00
6.201422135014086123e+00 -1.927688466201565198e+00
6.207711609796047192e+00 -1.273107748633508063e+00
6.214001084578009149e+00 -7.160667707284125161e-01
6.220290559359970217e+00 -8.593221281101466325e-01
6.226580034141932174e+00 -4.614889797198107324e-01
6.232869508923893243e+00 -1.618271829793365146e-01
6.239158983705855199e+00 -1.105355848396377016e+00
6.245448458487816268e+00 -1.435486927408396118e+00
6.251737933269778225e+00 -1.074158357353582671e+00
6.258027408051739293e+00 -1.737871683393826583e+00
6.264316882833701250e+00 -1.925572025798948816e+00
6.270606357615662318e+00 -1.199478332652285095e+00
6.276895832397624275e+00 -2.207124800475383175e+00
6.283185307179586232e+00 -9.434912343756030051e-01
