0.000000000000000000e+00 1.370220712598181345e+00
6.289474781961547356e-03 3.967338830090915702e-01
1.257894956392309471e-02 6.165436003786672892e-01
1.886842434588464207e-02 1.495690342856155652e+00
2.515789912784618942e-02 1.383982285214247154e+00
3.144737390980773678e-02 7.281691831425013417e-02
3.773684869176928414e-02 9.554222050166194524e-01
4.402632347373083149e-02 1.094320214325712248e+00
5.031579825569237885e-02 4.864787156421517267e-01
5.660527303765392620e-02 1.194972183603912885e+00
6.289474781961547356e-02 1.260994145989438930e+00
6.918422260157702786e-02 4.921209256021947809e-01
7.547369738353856827e-02 9.872807237537541969e-01
8.176317216550010869e-02 7.151399560262374777e-01
8.805264694746166299e-02 8.889360059269946213e-01
9.434212172942321728e-02 3.632181357027253199e-01
1.006315965113847577e-01 5.923667152039138184e-01
1.069210712933462981e-01 1.585624323396388036e+00
1.132105460753078524e-01 5.527433368460105134e-01
1.195000208572694067e-01 3.742957111910289458e-01
1.257894956392309471e-01 5.110938207238047148e-01
1.320789704211924875e-01 1.137911869843280854e+00
1.383684452031540557e-01 3.203224447344668047e-01
1.446579199851155961e-01 4.339508898892328048e-01
1.509473947670771365e-01 4.530615151539529317e-01
1.572368695490386770e-01 -1.439797414563162015e-01
1.635263443310002174e-01 1.303293332465193632e+00
1.698158191129617856e-01 2.501179404240071458e-01
1.761052938949233260e-01 -2.572296393268280745e-02
1.823947686768848664e-01 1.501553961943822957e+00
1.886842434588464346e-01 -2.568422940324949222e-01
1.949737182408079750e-01 2.957090109646068332e-01
2.012631930227695154e-01 1.204748095040642619e+00
2.075526678047310558e-01 -2.705868463465564977e-01
2.138421425866925962e-01 -1.633086242407286726e-01
2.201316173686541644e-01 8.841046669816667869e-01
2.264210921506157048e-01 1.464503578104437764e+00
2.327105669325772452e-01 9.476258178559286982e-01
2.390000417145388134e-01 1.375918407561639523e+00
2.452895164965003538e-01 1.518471608999058198e+00
2.515789912784618942e-01 4.123923957424229236e-01
2.578684660604234624e-01 -8.307220332949089014e-02
2.641579408423849751e-01 3.830036816025839119e-02
2.704474156243465433e-01 8.608621652350583187e-01
2.767368904063081114e-01 8.648288080450476922e-01
2.830263651882696241e-01 9.098955931848605738e-01
2.893158399702311923e-01 -4.405658921038430598e-01
2.956053147521927049e-01 7.308188745069499337e-02
3.018947895341542731e-01 2.836202175484857091e-01
3.081842643161158413e-01 -1.467638417695658060e-01
3.144737390980773539e-01 1.175167444481138412e+00
3.207632138800389221e-01 1.359797094719389143e+00
3.270526886620004348e-01 -7.822830911711209367e-03
3.333421634439620029e-01 1.194271809189270339e+00
3.396316382259235711e-01 7.848418023515801867e-01
3.459211130078850838e-01 -1.297641711546226873e-03
3.522105877898466519e-01 7.146069733196320772e-01
3.585000625718082201e-01 7.448118482746767244e-01
3.647895373537697328e-01 -5.072408646337522864e-01
3.710790121357313009e-01 1.100565429161142639e+00
3.773684869176928691e-01 -2.955294373740300351e-01
3.836579616996543818e-01 9.825942884432582458e-01
3.899474364816159500e-01 1.255943839339751067e+00
3.962369112635774626e-01 -1.045439164145496314e-01
4.025263860455390308e-01 -1.546000018537713183e-01
4.088158608275005990e-01 3.466273538756614592e-03
4.151053356094621116e-01 6.743609535707981717e-01
4.213948103914236798e-01 -5.732092584923544898e-01
4.276842851733851925e-01 -1.948830577572328027e-01
4.339737599553467606e-01 -1.292759019048350666e-03
4.402632347373083288e-01 1.008186545502053777e+00
4.465527095192698415e-01 3.460715131439080494e-01
4.528421843012314096e-01 3.605726835775429073e-01
4.591316590831929778e-01 -8.503076959403375046e-01
4.654211338651544905e-01 9.082538367539392254e-01
4.717106086471160586e-01 -6.251906056050463567e-01
4.780000834290776268e-01 7.281889162582915187e-01
4.842895582110391395e-01 9.039989093081318705e-01
4.905790329930007077e-01 -4.083720844717002585e-01
4.968685077749622203e-01 -1.122183945157106955e-02
5.031579825569237885e-01 -6.700122160015451467e-01
5.094474573388853011e-01 -3.685313028935859325e-01
5.157369321208469248e-01 -6.315401846265080721e-01
5.220264069028084375e-01 4.756203184230312075e-01
5.283158816847699502e-01 5.367564744195676418e-01
5.346053564667315738e-01 3.657807704107931546e-01
5.408948312486930865e-01 6.568843678658884411e-01
5.471843060306545992e-01 -4.415915373821102108e-01
5.534737808126162228e-01 2.848275189882210068e-01
5.597632555945777355e-01 -3.719387644140936811e-01
5.660527303765392482e-01 2.078206044368386962e-01
5.723422051585007608e-01 4.638513900327270179e-01
5.786316799404623845e-01 -5.197096978695932012e-01
5.849211547224238972e-01 -6.920162621251986224e-01
5.912106295043854098e-01 6.560469863823321646e-01
5.975001042863470335e-01 1.540606704513709513e-01
6.037895790683085462e-01 7.444511717632662506e-01
6.100790538502700588e-01 -9.840185992477006316e-01
6.163685286322316825e-01 1.408488866301111919e-01
6.226580034141931952e-01 7.172505282863401721e-01
6.289474781961547079e-01 3.675303578910700253e-01
6.352369529781163315e-01 -3.741215942753306489e-01
6.415264277600778442e-01 6.466068366940422862e-01
6.478159025420393569e-01 -1.892996699786670955e-01
6.541053773240008695e-01 3.860651832764940838e-01
6.603948521059624932e-01 -5.432607484726761360e-01
6.666843268879240059e-01 -5.724359497615243431e-01
6.729738016698855185e-01 -2.241481174786470465e-01
6.792632764518471422e-01 -1.052437548929511690e+00
6.855527512338086549e-01 5.452760286866733530e-01
6.918422260157701675e-01 -8.144912794399143952e-01
6.981317007977317912e-01 -7.623028751928422331e-01
7.044211755796933039e-01 3.620553520516711643e-01
7.107106503616548165e-01 -1.389298252958075519e-01
7.170001251436164402e-01 -6.051811947482554910e-01
7.232895999255779529e-01 4.347079985533102153e-01
7.295790747075394655e-01 2.442690112701881855e-01
7.358685494895010892e-01 -1.000092909333823110e+00
7.421580242714626019e-01 5.721922246277382218e-01
7.484474990534241146e-01 3.984979884387374049e-02
7.547369738353857382e-01 -1.645241751238883943e-01
7.610264486173472509e-01 -3.915563950818305994e-01
7.673159233993087636e-01 -1.148658436991390586e+00
7.736053981812702762e-01 -1.068626520020510506e+00
7.798948729632318999e-01 -1.008278649507332592e-01
7.861843477451934126e-01 6.804297752860672954e-01
7.924738225271549252e-01 4.742040275164760565e-02
7.987632973091165489e-01 2.647420881664306336e-01
8.050527720910780616e-01 5.034985195021102200e-03
8.113422468730395742e-01 3.815637706738925772e-01
8.176317216550011979e-01 -3.563591013966194154e-01
8.239211964369627106e-01 -5.466922114659886756e-01
8.302106712189242232e-01 -3.147083722054306865e-01
8.365001460008858469e-01 -7.497335990820057638e-01
8.427896207828473596e-01 7.049710905429570351e-01
8.490790955648088723e-01 -1.416104615947608725e-01
8.553685703467703849e-01 -4.597623365639043058e-01
8.616580451287320086e-01 -3.334362414196991864e-01
8.679475199106935213e-01 4.098591140343117445e-01
8.742369946926550339e-01 4.468457019274851838e-01
8.805264694746166576e-01 9.820219980039137653e-01
8.868159442565781703e-01 -6.328227026667230248e-01
8.931054190385396829e-01 9.567076523452322512e-02
8.993948938205013066e-01 1.435896849687993138e-01
9.056843686024628193e-01 -4.306136622026464078e-01
9.119738433844243319e-01 2.792585506567619724e-01
9.182633181663859556e-01 -4.427968907832129375e-01
9.245527929483474683e-01 5.322483284498540357e-01
9.308422677303089809e-01 9.875172729229969582e-01
9.371317425122706046e-01 9.996851257896616216e-02
9.434212172942321173e-01 -4.030846334752968829e-02
9.497106920761936300e-01 4.401278839836769152e-01
9.560001668581552536e-01 1.341083567054741854e+00
9.622896416401167663e-01 -2.363907148774078149e-01
9.685791164220782790e-01 4.264360655373886644e-01
9.748685912040397916e-01 7.880850298343952121e-01
9.811580659860014153e-01 1.819641691357707813e+00
9.874475407679629280e-01 4.239358992178225982e-01
9.937370155499244406e-01 1.113935682699903840e+00
1.000026490331886064e+00 1.790537259079486021e-01
1.006315965113847577e+00 1.749599409888643153e+00
1.012605439895809090e+00 3.081766664822947477e-01
1.018894914677770602e+00 8.127663461245533405e-01
1.025184389459732115e+00 1.242257098141317906e+00
1.031473864241693850e+00 1.513258423277996645e+00
1.037763339023655362e+00 8.368462225554281764e-01
1.044052813805616875e+00 6.695854918720138826e-01
1.050342288587578388e+00 5.095152927081130212e-01
1.056631763369539900e+00 1.670874373849006833e+00
1.062921238151501413e+00 7.567615471260444870e-01
1.069210712933463148e+00 1.449077296603052289e+00
1.075500187715424660e+00 1.234287248531463099e+00
1.081789662497386173e+00 1.357210960155810442e+00
1.088079137279347686e+00 2.505075652417782628e+00
1.094368612061309198e+00 7.444405767370994020e-01
1.100658086843270711e+00 2.358817426431125686e+00
1.106947561625232446e+00 7.361578359811902228e-01
1.113237036407193958e+00 1.203050457069930301e+00
1.119526511189155471e+00 2.245879672977951991e+00
1.125815985971116984e+00 1.795027485693804437e+00
1.132105460753078496e+00 9.782736066363677541e-01
1.138394935535040009e+00 1.937641678827501934e+00
1.144684410317001522e+00 2.141538726898397194e+00
1.150973885098963256e+00 2.802481213304030661e+00
1.157263359880924769e+00 2.829276314405710480e+00
1.163552834662886282e+00 2.887568700601041982e+00
1.169842309444847794e+00 2.157690829005190825e+00
1.176131784226809307e+00 2.643148183920779104e+00
1.182421259008770820e+00 1.896485155524801236e+00
1.188710733790732554e+00 2.030988439144772784e+00
1.195000208572694067e+00 2.430293060686335327e+00
1.201289683354655580e+00 1.801964688112182467e+00
1.207579158136617092e+00 1.248803053585488598e+00
1.213868632918578605e+00 1.172678743302201454e+00
1.220158107700540118e+00 1.216157869030692673e+00
1.226447582482501630e+00 2.024059516506644396e+00
1.232737057264463365e+00 2.170444615085107110e+00
1.239026532046424878e+00 1.558181820772159387e+00
1.245316006828386390e+00 2.273649494716559527e+00
1.251605481610347903e+00 2.862232762058975588e+00
1.257894956392309416e+00 2.979546092297439053e+00
1.264184431174270928e+00 2.411745803708959190e+00
1.270473905956232663e+00 2.568486159376053735e+00
1.276763380738194176e+00 3.100745746641332179e+00
1.283052855520155688e+00 2.873618177226456183e+00
1.289342330302117201e+00 2.527943618947586568e+00
1.295631805084078714e+00 3.014217331770415953e+00
1.301921279866040226e+00 1.901835151876880792e+00
1.308210754648001739e+00 2.697897520192399590e+00
1.314500229429963474e+00 2.822902278440930779e+00
1.320789704211924986e+00 2.679694830978039732e+00
1.327079178993886499e+00 1.702885898788208285e+00
1.333368653775848012e+00 3.086837774791053590e+00
1.339658128557809524e+00 2.178339689220255337e+00
1.345947603339771037e+00 2.347729371720038039e+00
1.352237078121732772e+00 2.792656903472804153e+00
1.358526552903694284e+00 2.553469324947101882e+00
1.364816027685655797e+00 2.916337498696532027e+00
1.371105502467617310e+00 1.430798553963520625e+00
1.377394977249578822e+00 2.192292080721129466e+00
1.383684452031540335e+00 1.125062031537317875e+00
1.389973926813502070e+00 1.283534451730016235e+00
1.396263401595463582e+00 1.696923335182842996e+00
1.402552876377425095e+00 2.599945506671885731e+00
1.408842351159386608e+00 1.748983904694241476e+00
1.415131825941348120e+00 2.543125093204657183e+00
1.421421300723309633e+00 1.357238970584490723e+00
1.427710775505271146e+00 2.630960543388317863e+00
1.434000250287232880e+00 2.295825466865937248e+00
1.440289725069194393e+00 1.847565632692857784e+00
1.446579199851155906e+00 8.691935254687905843e-01
1.452868674633117418e+00 8.064778098045688459e-01
1.459158149415078931e+00 2.467447029984665807e+00
1.465447624197040444e+00 1.799178619899259868e+00
1.471737098979002178e+00 2.383868334038413472e+00
1.478026573760963691e+00 2.343193982792629804e+00
1.484316048542925204e+00 1.346617676480950765e+00
1.490605523324886716e+00 5.281667975499739764e-01
1.496894998106848229e+00 7.860084764999428764e-01
1.503184472888809742e+00 2.100586780936206210e+00
1.509473947670771476e+00 2.173796414038134284e+00
1.515763422452732989e+00 3.474538528767306955e-01
1.522052897234694502e+00 1.362854181791935959e+00
1.528342372016656014e+00 6.918418003163000485e-01
1.534631846798617527e+00 8.425694020233064352e-01
1.540921321580579040e+00 5.074405777308627075e-02
1.547210796362540552e+00 7.079769243424199887e-01
1.553500271144502287e+00 -4.685232789289411892e-02
1.559789745926463800e+00 1.266146964433386923e+00
1.566079220708425312e+00 5.357093792680929223e-01
1.572368695490386825e+00 1.375836809468733990e-01
1.578658170272348338e+00 -8.168939068905933798e-02
1.584947645054309850e+00 -1.919790338056838186e-01
1.591237119836271585e+00 9.149249028433583675e-01
1.597526594618233098e+00 3.394891117512370271e-01
1.603816069400194610e+00 -4.475131930191422747e-02
1.610105544182156123e+00 3.958738764396132481e-01
1.616395018964117636e+00 1.251909294029411202e+00
1.622684493746079148e+00 -5.819860246830639294e-01
1.628973968528040661e+00 9.196482784054312853e-01
1.635263443310002396e+00 2.067808711030956204e-01
1.641552918091963909e+00 1.228323609986549103e-01
1.647842392873925421e+00 -8.384627825670711854e-01
1.654131867655886934e+00 1.569821981702703706e-01
1.660421342437848446e+00 -8.147096010753223094e-01
1.666710817219809959e+00 9.198920527961176319e-01
1.673000292001771694e+00 8.533637659337338643e-01
1.679289766783733207e+00 5.644858778045083181e-01
1.685579241565694719e+00 7.066608841769872473e-01
1.691868716347656232e+00 -1.041185668532434550e+00
1.698158191129617745e+00 -3.511734907504120429e-01
1.704447665911579257e+00 -1.044259512089075415e+00
1.710737140693540770e+00 -8.833986209107715926e-01
1.717026615475502505e+00 -6.243672837395264352e-01
1.723316090257464017e+00 -4.085738349555010362e-01
1.729605565039425530e+00 -1.064088850638000849e-01
1.735895039821387043e+00 -7.251545964168282232e-02
1.742184514603348555e+00 2.510042121843605312e-01
1.748473989385310068e+00 -1.332302738791952601e+00
1.754763464167271803e+00 1.305572432114874282e-01
1.761052938949233315e+00 1.449689094543784584e-01
1.767342413731194828e+00 -6.629698561049395256e-01
1.773631888513156341e+00 -1.148641106550323254e+00
1.779921363295117853e+00 -8.012503447044418969e-01
1.786210838077079366e+00 -1.719461304760082410e+00
1.792500312859041101e+00 -1.117150121360649173e+00
1.798789787641002613e+00 -1.044301592424049074e+00
1.805079262422964126e+00 -1.516660675292597071e+00
1.811368737204925639e+00 -1.506065534912247816e+00
1.817658211986887151e+00 -1.304735215804322612e+00
1.823947686768848664e+00 -2.355125490011378275e-03
1.830237161550810177e+00 -1.828149894531690078e+00
1.836526636332771911e+00 -8.500236838722976529e-01
1.842816111114733424e+00 -1.261359164844104930e+00
1.849105585896694937e+00 -1.911318072628545472e+00
1.855395060678656449e+00 -1.838207103547974786e+00
1.861684535460617962e+00 -7.186918426969193252e-01
1.867974010242579475e+00 -1.795048907131864713e+00
1.874263485024541209e+00 -4.306609167580643938e-01
1.880552959806502722e+00 -3.555805124100464010e-01
1.886842434588464235e+00 -1.194152705941195602e+00
1.893131909370425747e+00 -1.134517742318493339e+00
1.899421384152387260e+00 -8.600191175259868093e-01
1.905710858934348773e+00 -2.011056272143564971e+00
1.912000333716310507e+00 -8.312002181013711244e-02
1.918289808498272020e+00 -1.665532294996236340e+00
1.924579283280233533e+00 -1.183150216480023387e+00
1.930868758062195045e+00 -1.407782496361547508e+00
1.937158232844156558e+00 -1.303666673400317277e+00
1.943447707626118071e+00 -1.711244839633646597e+00
1.949737182408079583e+00 -1.965383984326214417e+00
1.956026657190041318e+00 -1.158008544833183384e+00
1.962316131972002831e+00 -1.457220730443292256e+00
1.968605606753964343e+00 1.131869741648028338e-03
1.974895081535925856e+00 -1.041977904844246350e+00
1.981184556317887369e+00 -1.385533733444274551e+00
1.987474031099848881e+00 -1.437792800391771264e+00
1.993763505881810616e+00 -1.544831260683927399e+00
2.000052980663772129e+00 -2.437959755725516153e-02
2.006342455445733641e+00 -3.734460916679827047e-01
2.012631930227695154e+00 -1.211532185785692217e+00
2.018921405009656667e+00 -1.437132524165913861e+00
2.025210879791618179e+00 -4.362556133216499710e-01
2.031500354573579692e+00 8.704613698471463934e-02
2.037789829355541205e+00 -2.441462092249964133e-01
2.044079304137502717e+00 -8.011333937884452805e-01
2.050368778919464230e+00 1.534092951086942769e-01
2.056658253701426187e+00 4.518219131093466068e-01
2.062947728483387699e+00 -5.592110886773673517e-01
2.069237203265349212e+00 5.489604893235791039e-01
2.075526678047310725e+00 -9.523022418516300380e-01
2.081816152829272237e+00 -3.509292072526259965e-02
2.088105627611233750e+00 -1.088183043433119446e+00
2.094395102393195263e+00 8.154242729148299951e-01
2.100684577175156775e+00 -7.169832061390648548e-01
2.106974051957118288e+00 -6.946327613410355761e-01
2.113263526739079801e+00 1.955299895419682077e-02
2.119553001521041313e+00 8.982831179678067990e-01
2.125842476303002826e+00 -7.177321913265740649e-01
2.132131951084964339e+00 1.028707558550888468e+00
2.138421425866926295e+00 1.101502418934710237e+00
2.144710900648887808e+00 -6.124685024746634454e-02
2.151000375430849321e+00 5.421290080290337432e-01
2.157289850212810833e+00 1.015062675448000329e+00
2.163579324994772346e+00 5.841773106498544532e-01
2.169868799776733859e+00 1.199282225829257698e+00
2.176158274558695371e+00 1.339784800727924274e+00
2.182447749340656884e+00 -7.202839364780866394e-02
2.188737224122618397e+00 1.707564602848542279e+00
2.195026698904579909e+00 1.206772489948364779e-01
2.201316173686541422e+00 8.126395627874516414e-01
2.207605648468502935e+00 1.926876387366342591e+00
2.213895123250464891e+00 1.720119231415283556e+00
2.220184598032426404e+00 1.345046504897112749e+00
2.226474072814387917e+00 6.895405315367388877e-01
2.232763547596349429e+00 1.727878971504155592e+00
2.239053022378310942e+00 8.579593018471347587e-01
2.245342497160272455e+00 1.195358796321819739e+00
2.251631971942233967e+00 1.382283111434804201e+00
2.257921446724195480e+00 1.685866151814779501e+00
2.264210921506156993e+00 1.825940500430359048e+00
2.270500396288118505e+00 9.199404393315504525e-01
2.276789871070080018e+00 1.849673812344750257e+00
2.283079345852041531e+00 1.042182820437947965e+00
2.289368820634003043e+00 2.677637324914908579e+00
2.295658295415965000e+00 1.669011568784285915e+00
2.301947770197926513e+00 1.587433746546252245e+00
2.308237244979888025e+00 1.509836603544187916e+00
2.314526719761849538e+00 2.039782859463906917e+00
2.320816194543811051e+00 1.931355483759915392e+00
2.327105669325772563e+00 1.166695848801914570e+00
2.333395144107734076e+00 2.885320407994045766e+00
2.339684618889695589e+00 1.920701191056559454e+00
2.345974093671657101e+00 2.722494382760473286e+00
2.352263568453618614e+00 1.921138345570196249e+00
2.358553043235580127e+00 2.166676998878255933e+00
2.364842518017541639e+00 3.029623998091232728e+00
2.371131992799503152e+00 2.179265826937949679e+00
2.377421467581465109e+00 2.099377123792937727e+00
2.383710942363426621e+00 1.915948000128446793e+00
2.390000417145388134e+00 3.159361688210751140e+00
2.396289891927349647e+00 2.180255485845076446e+00
2.402579366709311159e+00 2.948646029915065192e+00
2.408868841491272672e+00 2.881123163255832065e+00
2.415158316273234185e+00 2.329032636428264524e+00
2.421447791055195697e+00 2.768861613238611241e+00
2.427737265837157210e+00 3.624270163651709176e+00
2.434026740619118723e+00 2.366232906917765888e+00
2.440316215401080235e+00 1.975215725969758473e+00
2.446605690183041748e+00 2.718576183570999838e+00
2.452895164965003261e+00 2.485844599426191515e+00
2.459184639746965217e+00 3.548136756383144519e+00
2.465474114528926730e+00 3.156791839844271585e+00
2.471763589310888243e+00 2.259347263553922236e+00
2.478053064092849755e+00 3.597555480477347523e+00
2.484342538874811268e+00 2.578390625926675561e+00
2.490632013656772781e+00 2.145353102831927039e+00
2.496921488438734293e+00 3.509809976618460059e+00
2.503210963220695806e+00 2.784121910873326389e+00
2.509500438002657319e+00 3.076530644046343355e+00
2.515789912784618831e+00 3.891966322956034396e+00
2.522079387566580344e+00 2.515899745739731408e+00
2.528368862348541857e+00 2.657592095236344321e+00
2.534658337130503369e+00 2.692123382955174726e+00
2.540947811912465326e+00 3.754033929907081735e+00
2.547237286694426839e+00 3.114339127943508423e+00
2.553526761476388351e+00 3.204241194172362306e+00
2.559816236258349864e+00 2.855273781459849225e+00
2.566105711040311377e+00 3.319722801119701749e+00
2.572395185822272889e+00 3.064101558981339402e+00
2.578684660604234402e+00 3.580743526695009393e+00
2.584974135386195915e+00 3.748779578190944761e+00
2.591263610168157427e+00 2.464806788775190771e+00
2.597553084950118940e+00 2.214105706194789303e+00
2.603842559732080453e+00 2.587325994306310051e+00
2.610132034514041965e+00 1.729525124957154159e+00
2.616421509296003478e+00 2.719007262197639552e+00
2.622710984077965435e+00 1.970166405517958408e+00
2.629000458859926947e+00 1.728954666016346842e+00
2.635289933641888460e+00 2.993371126794691861e+00
2.641579408423849973e+00 3.131460253070078359e+00
2.647868883205811485e+00 2.280961032744866834e+00
2.654158357987772998e+00 3.455781720353707342e+00
2.660447832769734511e+00 2.429196634175485148e+00
2.666737307551696023e+00 1.806855829428923643e+00
2.673026782333657536e+00 2.100467217377873119e+00
2.679316257115619049e+00 2.470936180142730088e+00
2.685605731897580561e+00 1.782086011759694610e+00
2.691895206679542074e+00 1.342185409426153608e+00
2.698184681461504031e+00 2.907413729289142879e+00
2.704474156243465544e+00 2.124178142823585524e+00
2.710763631025427056e+00 1.325260724091645637e+00
2.717053105807388569e+00 2.512318761793177480e+00
2.723342580589350082e+00 1.731751723572340529e+00
2.729632055371311594e+00 1.729199321043575654e+00
2.735921530153273107e+00 2.510221164997360255e+00
2.742211004935234619e+00 1.475454047649280120e+00
2.748500479717196132e+00 7.570330091915992154e-01
2.754789954499157645e+00 1.770653766777471994e+00
2.761079429281119157e+00 7.987788274009696154e-01
2.767368904063080670e+00 8.003782322788659531e-01
2.773658378845042183e+00 2.144623246121169835e+00
2.779947853627004140e+00 1.173673034832815265e+00
2.786237328408965652e+00 7.399537357939596216e-01
2.792526803190927165e+00 1.018781806781361210e+00
2.798816277972888678e+00 1.303245753120733319e+00
2.805105752754850190e+00 4.321453266385612002e-01
2.811395227536811703e+00 1.404359532534304122e+00
2.817684702318773216e+00 1.058079666002549102e+00
2.823974177100734728e+00 9.169975068275912911e-01
2.830263651882696241e+00 1.928812835712378382e+00
2.836553126664657754e+00 1.785161193898612497e+00
2.842842601446619266e+00 2.908981183312642216e-02
2.849132076228580779e+00 3.143117374102253891e-01
2.855421551010542291e+00 4.204623902239357225e-03
2.861711025792504248e+00 9.904607188922384120e-01
2.868000500574465761e+00 2.736627212082216043e-01
2.874289975356427274e+00 1.038048034229239747e-01
2.880579450138388786e+00 1.240697370695286850e+00
2.886868924920350299e+00 -1.871103885967381197e-01
2.893158399702311812e+00 -5.809244678852359955e-01
2.899447874484273324e+00 6.406987212290788936e-01
2.905737349266234837e+00 1.079125688959244656e+00
2.912026824048196350e+00 -3.243144348534361399e-01
2.918316298830157862e+00 -7.829002272491021319e-01
2.924605773612119375e+00 7.847005205980256415e-01
2.930895248394080888e+00 -1.242515036046218935e-01
2.937184723176042400e+00 -2.340015975570952644e-01
2.943474197958004357e+00 -8.134393461343392140e-02
2.949763672739965870e+00 -4.786494412635600160e-01
2.956053147521927382e+00 4.658953472702842546e-02
2.962342622303888895e+00 -7.124301638695018646e-02
2.968632097085850408e+00 1.399400603386644626e-01
2.974921571867811920e+00 7.491002138649078823e-01
2.981211046649773433e+00 -1.119797437775330584e+00
2.987500521431734946e+00 4.280395452779652832e-01
2.993789996213696458e+00 8.316762105264774441e-02
3.000079470995657971e+00 -3.221921034625112590e-01
3.006368945777619484e+00 -7.671008766029532300e-01
3.012658420559580996e+00 -8.982662374507466296e-01
3.018947895341542953e+00 -1.940022942381542936e-01
3.025237370123504466e+00 -1.452101313256097370e+00
3.031526844905465978e+00 4.055229741038346436e-01
3.037816319687427491e+00 -8.771502148279757272e-01
3.044105794469389004e+00 3.508680035919009566e-01
3.050395269251350516e+00 -6.365122372115803451e-01
3.056684744033312029e+00 -5.871270659169500750e-01
3.062974218815273542e+00 -1.177027190801806622e+00
3.069263693597235054e+00 -5.677515021475436630e-01
3.075553168379196567e+00 -9.095952044546595783e-01
3.081842643161158080e+00 -6.266611628844738213e-01
3.088132117943119592e+00 1.205123056651409286e-01
3.094421592725081105e+00 -2.243014128752129910e-01
3.100711067507043062e+00 -7.481962706949381037e-01
3.107000542289004574e+00 -2.114897939986406517e-01
3.113290017070966087e+00 -4.387462188149868769e-01
3.119579491852927600e+00 -1.568508832012607934e+00
3.125868966634889112e+00 -2.349431689785774768e-01
3.132158441416850625e+00 -6.385735311999944930e-01
3.138447916198812138e+00 1.969988670929392338e-01
3.144737390980773650e+00 1.695368764589599841e-01
3.151026865762735163e+00 -1.047428412711923551e+00
3.157316340544696676e+00 -1.660805151289702630e+00
3.163605815326658188e+00 -1.271160809774345424e+00
3.169895290108619701e+00 -3.756878482888976745e-01
3.176184764890581214e+00 -9.210720849548375000e-01
3.182474239672543170e+00 -1.320711192355352726e-01
3.188763714454504683e+00 -4.611248736477113752e-02
3.195053189236466196e+00 -6.554437446123679845e-01
3.201342664018427708e+00 3.562410330595335850e-01
3.207632138800389221e+00 3.647242619604975644e-01
3.213921613582350734e+00 -1.168906841172161482e-01
3.220211088364312246e+00 2.082508692945486128e-01
3.226500563146273759e+00 -8.298646483785165895e-01
3.232790037928235272e+00 -9.608686920611992921e-01
3.239079512710196784e+00 -8.567708606074315725e-01
3.245368987492158297e+00 7.248843377578495506e-02
3.251658462274119810e+00 -2.508045459195102911e-01
3.257947937056081322e+00 -1.225348856565441791e+00
3.264237411838043279e+00 1.988009843034874713e-01
3.270526886620004792e+00 3.951165386468875607e-01
3.276816361401966304e+00 -3.370816517232495535e-01
3.283105836183927817e+00 -4.684344196008225492e-01
3.289395310965889330e+00 -5.085259333722287334e-01
3.295684785747850842e+00 6.059461867174986693e-03
3.301974260529812355e+00 -9.433054292838431998e-01
3.308263735311773868e+00 -1.031527683433690390e+00
3.314553210093735380e+00 6.211444357741895406e-01
3.320842684875696893e+00 7.968659843452694513e-01
3.327132159657658406e+00 -8.281421785730044283e-01
3.333421634439619918e+00 7.663673032427116283e-01
3.339711109221581431e+00 7.066542023677985229e-01
3.346000584003543388e+00 -3.395416876097250292e-01
3.352290058785504900e+00 -4.237316879528469915e-01
3.358579533567466413e+00 1.258575683576203641e+00
3.364869008349427926e+00 -2.142121097045497358e-01
3.371158483131389438e+00 -3.577997083044061055e-01
3.377447957913350951e+00 6.251759221159383095e-01
3.383737432695312464e+00 -6.402633789086642491e-02
3.390026907477273976e+00 2.394052960184887002e-01
3.396316382259235489e+00 4.418566785937231844e-01
3.402605857041197002e+00 1.326879714772758234e+00
3.408895331823158514e+00 1.969295238540719195e-01
3.415184806605120027e+00 1.211130398092017835e+00
3.421474281387081540e+00 8.241251350670109055e-03
3.427763756169043496e+00 1.289998921609269766e+00
3.434053230951005009e+00 1.642822000330265153e+00
3.440342705732966522e+00 1.768704437479877267e+00
3.446632180514928034e+00 4.765219350547237331e-01
3.452921655296889547e+00 1.470507287467136992e+00
3.459211130078851060e+00 1.981744940894681006e+00
3.465500604860812572e+00 1.423673880150698179e-01
3.471790079642774085e+00 1.846628015684019797e+00
3.478079554424735598e+00 2.042970366971989638e+00
3.484369029206697110e+00 1.340323733596897382e+00
3.490658503988658623e+00 8.055779889091271295e-01
3.496947978770620136e+00 9.651817079123556908e-01
3.503237453552582092e+00 7.874825876245608036e-01
3.509526928334543605e+00 1.108468882914465770e+00
3.515816403116505118e+00 1.073858578355087801e+00
3.522105877898466630e+00 1.428330560628938484e+00
3.528395352680428143e+00 8.595719756436737136e-01
3.534684827462389656e+00 1.084231873051552775e+00
3.540974302244351168e+00 1.828210931434461006e+00
3.547263777026312681e+00 1.963514177856416243e+00
3.553553251808274194e+00 2.289749621818259140e+00
3.559842726590235706e+00 1.050980563969225123e+00
3.566132201372197219e+00 1.399859310644000487e+00
3.572421676154158732e+00 2.197832170167940191e+00
3.578711150936120244e+00 2.741127763784093396e+00
3.585000625718082201e+00 2.294495960723327510e+00
3.591290100500043714e+00 1.105212556279663305e+00
3.597579575282005226e+00 2.163880011968335015e+00
3.603869050063966739e+00 1.882684475545987057e+00
3.610158524845928252e+00 1.278471001796823714e+00
3.616447999627889764e+00 1.360509015661978571e+00
3.622737474409851277e+00 2.057434511482806982e+00
3.629026949191812790e+00 2.429569953571229846e+00
3.635316423973774302e+00 2.339537809965984483e+00
3.641605898755735815e+00 2.801081909375622736e+00
3.647895373537697328e+00 1.664290900088615244e+00
3.654184848319658840e+00 1.542917431972939735e+00
3.660474323101620353e+00 1.509508778087042646e+00
3.666763797883582310e+00 1.637847809218257789e+00
3.673053272665543822e+00 2.944123565441039148e+00
3.679342747447505335e+00 2.389627756382522783e+00
3.685632222229466848e+00 2.380302362067386213e+00
3.691921697011428360e+00 1.578086893512185895e+00
3.698211171793389873e+00 1.679319943264125259e+00
3.704500646575351386e+00 3.083415433468062794e+00
3.710790121357312898e+00 2.286032598989407916e+00
3.717079596139274411e+00 1.503595793342248799e+00
3.723369070921235924e+00 2.648318918634715580e+00
3.729658545703197436e+00 2.925930233568317274e+00
3.735948020485158949e+00 1.879726099359375624e+00
3.742237495267120462e+00 2.157743090878794234e+00
3.748526970049082419e+00 2.484962214186130502e+00
3.754816444831043931e+00 1.881153939761133653e+00
3.761105919613005444e+00 1.571155171823974017e+00
3.767395394394966956e+00 2.199124953800196458e+00
3.773684869176928469e+00 2.548689154324169870e+00
3.779974343958889982e+00 2.783035770680528209e+00
3.786263818740851494e+00 1.630546297249266585e+00
3.792553293522813007e+00 1.841741403072384431e+00
3.798842768304774520e+00 2.257716298525108023e+00
3.805132243086736032e+00 2.527708528420610001e+00
3.811421717868697545e+00 1.500328160089795082e+00
3.817711192650659058e+00 1.161945485592229543e+00
3.824000667432621015e+00 1.633864880445079715e+00
3.830290142214582527e+00 1.534277083483128745e+00
3.836579616996544040e+00 2.263542124397714961e+00
3.842869091778505553e+00 1.541567258624700676e+00
3.849158566560467065e+00 2.421927652518332863e+00
3.855448041342428578e+00 2.281171278967939031e+00
3.861737516124390091e+00 1.108099022731221073e+00
3.868026990906351603e+00 2.442585015897734468e+00
3.874316465688313116e+00 1.912797424960348103e+00
3.880605940470274628e+00 2.145325921986655615e+00
3.886895415252236141e+00 1.690817597888664814e+00
3.893184890034197654e+00 2.283524308154917914e+00
3.899474364816159166e+00 1.709070824485261042e+00
3.905763839598121123e+00 1.404321856086272913e+00
3.912053314380082636e+00 2.595486308889765059e+00
3.918342789162044149e+00 2.549691655512861921e+00
3.924632263944005661e+00 1.142415673591012037e+00
3.930921738725967174e+00 8.404561905218875806e-01
3.937211213507928687e+00 2.546747867845468249e+00
3.943500688289890199e+00 1.012190231012517039e+00
3.949790163071851712e+00 9.992408162490836743e-01
3.956079637853813225e+00 1.626817475843668648e+00
3.962369112635774737e+00 1.589775315197307970e+00
3.968658587417736250e+00 1.800720368417318529e+00
3.974948062199697763e+00 2.259437235721530435e+00
3.981237536981659275e+00 1.326140840577388236e+00
3.987527011763621232e+00 1.899236621875667552e+00
3.993816486545582745e+00 1.313855835654185622e+00
4.000105961327544257e+00 2.267923183952170074e+00
4.006395436109505326e+00 5.971038519398705890e-01
4.012684910891467283e+00 1.438965527161650160e+00
4.018974385673428351e+00 2.129082267798843020e+00
4.025263860455390308e+00 1.736538734119084548e+00
4.031553335237352265e+00 1.846889798860545717e+00
4.037842810019313333e+00 1.072229000580519509e+00
4.044132284801275290e+00 1.946354889485422124e-01
4.050421759583236359e+00 1.348010017804405658e+00
4.056711234365198315e+00 1.585452824167534525e+00
4.063000709147159384e+00 1.616659573651763604e-01
4.069290183929121341e+00 1.774166580783122837e+00
4.075579658711082409e+00 4.390136135186702981e-01
4.081869133493044366e+00 1.915118383147840220e-03
4.088158608275005435e+00 1.209727963737661227e-02
4.094448083056967391e+00 5.016431446395031024e-02
4.100737557838928460e+00 1.529460632863087088e+00
4.107027032620890417e+00 6.671751400312417868e-01
4.113316507402852373e+00 5.185389449622859193e-01
4.119605982184813442e+00 5.396527931444504711e-01
4.125895456966775399e+00 1.527463129584705204e-01
4.132184931748736467e+00 1.100765982408477228e+00
4.138474406530698424e+00 1.150974347463118885e+00
4.144763881312659493e+00 -6.872450219173376063e-03
4.151053356094621449e+00 -5.301191982267539071e-02
4.157342830876582518e+00 1.370856630243032281e+00
4.163632305658544475e+00 1.023563500467781218e-01
4.169921780440505543e+00 3.349790763498877721e-02
4.176211255222467500e+00 4.538364837890131454e-01
4.182500730004428569e+00 -4.028002226560348786e-01
4.188790204786390525e+00 -2.003689277491313980e-01
4.195079679568352482e+00 9.654404721031601966e-01
4.201369154350313551e+00 9.490816576286659201e-01
4.207658629132275507e+00 1.980459117599355778e-01
4.213948103914236576e+00 -3.842214296320485278e-01
4.220237578696198533e+00 8.772081798758479820e-02
4.226527053478159601e+00 1.042477724784917292e+00
4.232816528260121558e+00 6.980037718504680244e-01
4.239106003042082627e+00 8.701223069632146867e-01
4.245395477824044583e+00 1.227257592051630430e+00
4.251684952606005652e+00 4.760705507044837859e-02
4.257974427387967609e+00 8.118790314591437518e-01
4.264263902169928677e+00 1.067208268637851454e+00
4.270553376951890634e+00 9.811000341052216189e-01
4.276842851733852591e+00 4.262033595918156559e-01
4.283132326515813659e+00 -1.188602028323448856e-01
4.289421801297775616e+00 -2.149256897431868207e-01
4.295711276079736685e+00 -3.714342510702373090e-02
4.302000750861698641e+00 1.101498043930292825e+00
4.308290225643659710e+00 8.247605226383079025e-01
4.314579700425621667e+00 9.194308887004060127e-01
4.320869175207582735e+00 7.884489326225291306e-01
4.327158649989544692e+00 1.011452148343185087e+00
4.333448124771505761e+00 -3.771108701139054276e-01
4.339737599553467717e+00 6.451683310265537985e-01
4.346027074335428786e+00 -1.002288279668028803e-02
4.352316549117390743e+00 1.023397302320709468e+00
4.358606023899352699e+00 8.826357154869327593e-01
4.364895498681313768e+00 1.195652856861135760e+00
4.371184973463275725e+00 -2.651977128798055361e-04
4.377474448245236793e+00 7.060705681056532734e-01
4.383763923027198750e+00 -4.704141250233155880e-01
4.390053397809159819e+00 1.241686935336828501e+00
4.396342872591121775e+00 8.258069326657326847e-01
4.402632347373082844e+00 -5.482675315908178693e-01
4.408921822155044801e+00 4.079089714661414678e-01
4.415211296937005869e+00 -4.031863626825997748e-01
4.421500771718967826e+00 8.757314700935406870e-01
4.427790246500929783e+00 5.428978108042423756e-01
4.434079721282890851e+00 1.819093174020210979e-01
4.440369196064852808e+00 9.007492957258316224e-01
4.446658670846813877e+00 1.300280983836888948e+00
4.452948145628775833e+00 1.385748956079741356e+00
4.459237620410736902e+00 1.082012719436050485e+00
4.465527095192698859e+00 1.386654212285821419e+00
4.471816569974659927e+00 1.016108363720557239e+00
4.478106044756621884e+00 -2.382226747855160642e-01
4.484395519538582953e+00 2.061311399359964103e-01
4.490684994320544909e+00 1.735264174287937111e-02
4.496974469102505978e+00 6.808690975627631481e-01
4.503263943884467935e+00 1.331934842813542463e-01
4.509553418666429891e+00 1.560527778465657933e+00
4.515842893448390960e+00 1.201593937065621009e+00
4.522132368230352917e+00 7.520255654676948343e-01
4.528421843012313985e+00 5.960618105244650522e-01
4.534711317794275942e+00 5.595456436650979581e-01
4.541000792576237011e+00 9.986784549999826455e-01
4.547290267358198967e+00 8.990916542015061630e-01
4.553579742140160036e+00 -1.761241183120894616e-01
4.559869216922121993e+00 1.092730267966250057e+00
4.566158691704083061e+00 1.593336711419136353e+00
4.572448166486045018e+00 1.376193816952980153e+00
4.578737641268006087e+00 -2.026189129590593163e-01
4.585027116049968043e+00 1.605459085508621708e+00
4.591316590831930000e+00 1.296568258038484522e+00
4.597606065613891069e+00 5.428351847712719058e-01
4.603895540395853025e+00 7.796293105848276506e-01
4.610185015177814094e+00 1.208829499986771472e+00
4.616474489959776051e+00 1.546239022882125891e+00
4.622763964741737119e+00 -2.716453733790080705e-02
4.629053439523699076e+00 1.059708086634695512e+00
4.635342914305660145e+00 4.470246033169212874e-01
4.641632389087622101e+00 -6.397040808248732890e-02
4.647921863869583170e+00 -2.453984304897897095e-01
4.654211338651545127e+00 1.142965959397096443e+00
4.660500813433506195e+00 4.301701527214387144e-01
4.666790288215468152e+00 3.300709650506459258e-01
4.673079762997430109e+00 1.002386452744116863e+00
4.679369237779391177e+00 3.314015287792156927e-01
4.685658712561353134e+00 -2.159240416228785930e-02
4.691948187343314203e+00 3.134899221579905415e-01
4.698237662125276159e+00 1.154802731930605619e-01
4.704527136907237228e+00 2.053228606856718486e-01
4.710816611689199185e+00 -9.688810780749065876e-02
4.717106086471160253e+00 1.490518350069133913e+00
4.723395561253122210e+00 1.601381773738758119e+00
4.729685036035083279e+00 1.697593130413766360e+00
4.735974510817045235e+00 1.477462432305075346e+00
4.742263985599006304e+00 4.656579852497426120e-01
4.748553460380968261e+00 -2.667910097065923636e-01
4.754842935162930218e+00 1.106383140381380192e+00
4.761132409944891286e+00 1.409979600170784719e+00
4.767421884726853243e+00 -1.315958386176880879e-01
4.773711359508814311e+00 1.558826365845103590e+00
4.780000834290776268e+00 4.299416123320733973e-01
4.786290309072737337e+00 1.612947816968119286e+00
4.792579783854699293e+00 1.542102999009141939e+00
4.798869258636660362e+00 4.862636163650352339e-02
4.805158733418622319e+00 4.651100475786212884e-02
4.811448208200583387e+00 -3.146453550978201008e-03
4.817737682982545344e+00 4.927322635722274913e-01
4.824027157764506413e+00 1.315004868638920410e+00
4.830316632546468369e+00 1.219580699392450063e+00
4.836606107328430326e+00 1.077149799325287205e+00
4.842895582110391395e+00 -1.916703682773878148e-01
4.849185056892353352e+00 2.331611639993388385e-01
4.855474531674314420e+00 8.720814147964867091e-01
4.861764006456276377e+00 3.048107377647592542e-01
4.868053481238237445e+00 5.373267113050985699e-01
4.874342956020199402e+00 2.745093345056647260e-01
4.880632430802160471e+00 3.516209223803596351e-01
4.886921905584122428e+00 -3.090412144303656961e-01
4.893211380366083496e+00 1.414911530079485003e+00
4.899500855148045453e+00 1.359316442112190160e+00
4.905790329930006521e+00 9.285578245596936009e-01
4.912079804711968478e+00 1.027398580201723366e+00
4.918369279493930435e+00 1.175879756920244823e+00
4.924658754275891503e+00 3.455710843954156175e-01
4.930948229057853460e+00 -3.017889742439801015e-01
4.937237703839814529e+00 -2.547772879106804389e-01
4.943527178621776486e+00 -2.826372032091839515e-01
4.949816653403737554e+00 7.884834289922770800e-02
4.956106128185699511e+00 9.750704979981228426e-02
4.962395602967660579e+00 -2.522736054231897729e-01
4.968685077749622536e+00 -4.887398225120070938e-01
4.974974552531583605e+00 1.259758043549612072e+00
4.981264027313545562e+00 1.145101670007539818e+00
4.987553502095506630e+00 9.376017916624658222e-01
4.993842976877468587e+00 -3.992528133939377000e-02
5.000132451659430544e+00 -2.644699239916190603e-01
5.006421926441391612e+00 1.126853401482688088e-01
5.012711401223353569e+00 3.616386115578497096e-01
5.019000876005314637e+00 -8.101734439781882458e-02
5.025290350787276594e+00 3.006672112437218658e-01
5.031579825569237663e+00 -5.960670209622247473e-01
5.037869300351199620e+00 8.179543699288827074e-01
5.044158775133160688e+00 8.275235174091998269e-01
5.050448249915122645e+00 -1.960673460265520696e-01
5.056737724697083713e+00 -6.519808326161510292e-01
5.063027199479045670e+00 5.649933451323283506e-01
5.069316674261006739e+00 1.004585665113999715e+00
5.075606149042968696e+00 -3.405648426667877704e-01
5.081895623824930652e+00 5.706988841256497302e-01
5.088185098606891721e+00 -6.552027025685601691e-01
5.094474573388853678e+00 -7.989556649334922378e-01
5.100764048170814746e+00 3.368004850049315380e-01
5.107053522952776703e+00 1.015147155523066003e+00
5.113342997734737772e+00 5.265166467021342722e-01
5.119632472516699728e+00 4.878239704490208162e-01
5.125921947298660797e+00 3.592986808747425931e-01
5.132211422080622754e+00 9.176729106412231385e-01
5.138500896862583822e+00 1.538048504593443333e-01
5.144790371644545779e+00 4.262234590275238988e-01
5.151079846426506847e+00 4.702385372037343192e-01
5.157369321208468804e+00 1.019976435311153562e+00
5.163658795990430761e+00 9.105344353603319618e-01
5.169948270772391830e+00 3.567080692281722198e-01
5.176237745554353786e+00 -2.745716759917665728e-01
5.182527220336314855e+00 -6.011368722687766564e-01
5.188816695118276812e+00 -2.973559921456790933e-01
5.195106169900237880e+00 1.723288032571742567e-01
5.201395644682199837e+00 -1.010093030477392517e-01
5.207685119464160906e+00 1.121137429237511807e+00
5.213974594246122862e+00 8.059237764054678621e-01
5.220264069028083931e+00 3.047283240973541751e-01
5.226553543810045888e+00 1.137263499707834580e-01
5.232843018592006956e+00 2.021081982424224321e-01
5.239132493373968913e+00 6.831072542231424460e-01
5.245421968155930870e+00 6.155595752332656545e-01
5.251711442937891938e+00 7.118963961967781362e-01
5.258000917719853895e+00 3.120806677100069759e-01
5.264290392501814964e+00 9.276964824151567868e-02
5.270579867283776920e+00 1.112442475244813433e+00
5.276869342065737989e+00 9.239570144861162238e-01
5.283158816847699946e+00 -4.289711863460189400e-01
5.289448291629661014e+00 1.013666740382266340e-01
5.295737766411622971e+00 4.029330515106461785e-01
5.302027241193584040e+00 9.401014151004830621e-01
5.308316715975545996e+00 -3.111292839549061329e-01
5.314606190757507953e+00 2.839844781039170818e-01
5.320895665539469022e+00 2.192233430779996217e-01
5.327185140321430978e+00 4.647075897561923075e-01
5.333474615103392047e+00 2.190448163144055882e-01
5.339764089885354004e+00 3.019436001443645545e-01
5.346053564667315072e+00 1.237603343940341105e+00
5.352343039449277029e+00 -1.151535411278942767e-01
5.358632514231238098e+00 -1.075270528150172877e-01
5.364921989013200054e+00 1.194659037901009802e+00
5.371211463795161123e+00 1.640998526451697970e-01
5.377500938577123080e+00 7.503985277054586733e-01
5.383790413359084148e+00 6.513934519738608930e-01
5.390079888141046105e+00 1.316384191187431885e+00
5.396369362923008062e+00 6.065229833344311094e-01
5.402658837704969130e+00 1.078500836414963304e+00
5.408948312486931087e+00 8.179076064317778449e-01
5.415237787268892156e+00 1.852590805823779219e+00
5.421527262050854112e+00 1.054248835520524175e+00
5.427816736832815181e+00 1.522400771897778782e+00
5.434106211614777138e+00 1.230774105239448524e+00
5.440395686396738206e+00 1.114474009761317719e+00
5.446685161178700163e+00 1.179608248987241703e+00
5.452974635960661232e+00 2.336010528477538983e-01
5.459264110742623188e+00 1.076408893912566889e+00
5.465553585524584257e+00 1.167169194446139535e+00
5.471843060306546214e+00 1.488426050432533065e+00
5.478132535088508170e+00 2.057667824894033881e-01
5.484422009870469239e+00 1.674204327531424674e+00
5.490711484652431196e+00 6.932278320022772222e-01
5.497000959434392264e+00 5.048295728573688468e-01
5.503290434216354221e+00 6.255975597782266195e-01
5.509579908998315290e+00 2.248304533800452809e+00
5.515869383780277246e+00 1.540696563197017532e+00
5.522158858562238315e+00 1.458296850698414193e+00
5.528448333344200272e+00 2.365000254716113304e+00
5.534737808126161340e+00 1.450786645294138033e+00
5.541027282908123297e+00 1.457736389140567024e+00
5.547316757690084366e+00 5.368666589586708060e-01
5.553606232472046322e+00 1.423187058862333210e+00
5.559895707254008279e+00 2.463845086583472455e+00
5.566185182035969348e+00 1.697308565689074733e+00
5.572474656817931304e+00 1.147658274379499410e+00
5.578764131599892373e+00 9.931344533157224763e-01
5.585053606381854330e+00 1.492928535982586791e+00
5.591343081163815398e+00 1.289057983643542737e+00
5.597632555945777355e+00 1.261145426541252057e+00
5.603922030727738424e+00 1.442292303719747038e+00
5.610211505509700380e+00 2.160251955192072248e+00
5.616500980291661449e+00 1.207428713391806241e+00
5.622790455073623406e+00 2.673987298866973283e+00
5.629079929855584474e+00 1.939081875676630595e+00
5.635369404637546431e+00 1.992508135307078820e+00
5.641658879419508388e+00 1.382402190165348932e+00
5.647948354201469456e+00 2.329492179132025775e+00
5.654237828983431413e+00 2.719256506542055085e+00
5.660527303765392482e+00 2.291782392610163033e+00
5.666816778547354438e+00 1.567179988500019938e+00
5.673106253329315507e+00 2.654771927114051522e+00
5.679395728111277464e+00 2.214092843827596191e+00
5.685685202893238532e+00 1.745310156444163985e+00
5.691974677675200489e+00 1.783764203336600573e+00
5.698264152457161558e+00 1.918593211077698424e+00
5.704553627239123514e+00 1.950176108809909659e+00
5.710843102021084583e+00 8.483505330324989657e-01
5.717132576803046540e+00 1.402592656418257366e+00
5.723422051585008496e+00 2.122820952149543139e+00
5.729711526366969565e+00 2.043951995522158338e+00
5.736001001148931522e+00 2.522396925184707150e+00
5.742290475930892590e+00 9.356854890316876894e-01
5.748579950712854547e+00 8.254688310327973344e-01
5.754869425494815616e+00 1.694460167823976793e+00
5.761158900276777572e+00 1.325324190128211566e+00
5.767448375058738641e+00 1.224385438561373496e+00
5.773737849840700598e+00 1.821201612090562971e+00
5.780027324622661666e+00 1.615622503602492266e+00
5.786316799404623623e+00 1.837713806515754777e+00
5.792606274186584692e+00 1.092775928924133222e+00
5.798895748968546648e+00 1.633218871659127824e+00
5.805185223750508605e+00 1.725547029332608728e+00
5.811474698532469674e+00 6.545454461307820271e-01
5.817764173314431631e+00 1.492905955521531158e+00
5.824053648096392699e+00 7.330942323413272010e-01
5.830343122878354656e+00 2.056862622156950149e+00
5.836632597660315724e+00 9.821403115964972841e-01
5.842922072442277681e+00 2.230459540924034645e+00
5.849211547224238750e+00 1.768659308117512374e+00
5.855501022006200706e+00 2.136046625698245549e+00
5.861790496788161775e+00 2.039707729767025413e+00
5.868079971570123732e+00 1.735629209289134778e+00
5.874369446352084800e+00 2.012080448605002125e+00
5.880658921134046757e+00 5.437490208407471659e-01
5.886948395916008714e+00 9.068944044952798045e-01
5.893237870697969782e+00 8.616786754598371179e-01
5.899527345479931739e+00 1.831637503912282749e+00
5.905816820261892808e+00 1.480462090463946279e+00
5.912106295043854765e+00 2.068925733852966520e-01
5.918395769825815833e+00 1.487173866695358004e+00
5.924685244607777790e+00 4.389944133637510570e-01
5.930974719389738858e+00 1.789704444191682953e+00
5.937264194171700815e+00 9.016717715409380274e-01
5.943553668953661884e+00 9.771749473600713776e-01
5.949843143735623840e+00 6.933619622991153975e-01
5.956132618517584909e+00 1.435878372046273777e+00
5.962422093299546866e+00 1.486760310920678396e+00
5.968711568081508823e+00 -2.622299757425585742e-01
5.975001042863469891e+00 -3.259945977680578366e-02
5.981290517645431848e+00 1.043215374358353875e+00
5.987579992427392916e+00 6.830638187691762120e-02
5.993869467209354873e+00 -3.589934744894358598e-01
6.000158941991315942e+00 8.400166277824345773e-01
6.006448416773277899e+00 -1.309177817371931507e-01
6.012737891555238967e+00 -3.984053978431867371e-01
6.019027366337200924e+00 5.232958687978939150e-01
6.025316841119161992e+00 3.122669556108370603e-01
6.031606315901123949e+00 9.313219574134636858e-01
6.037895790683085906e+00 1.328031568358802872e-01
6.044185265465046974e+00 -1.150187076134749908e-01
6.050474740247008931e+00 -3.229251246774598183e-01
6.056764215028970000e+00 -6.028271775728137882e-01
6.063053689810931957e+00 1.163405724424237953e-01
6.069343164592893025e+00 4.974807410152999321e-01
6.075632639374854982e+00 -2.029316822206126414e-01
6.081922114156816050e+00 -1.597909626207838496e-01
6.088211588938778007e+00 4.324453223604876051e-01
6.094501063720739076e+00 9.266405670511090875e-02
6.100790538502701033e+00 9.733037688032131207e-02
6.107080013284662101e+00 -1.251102619932822568e+00
6.113369488066624058e+00 -1.380155090064735912e+00
6.119658962848586015e+00 4.480444756809021101e-02
6.125948437630547083e+00 -1.031528684079900948e-01
6.132237912412509040e+00 -4.123358957689280402e-01
6.138527387194470109e+00 -1.193789102610761654e+00
6.144816861976432065e+00 -1.456647125998648873e+00
6.151106336758393134e+00 -1.713919832155540224e+00
6.157395811540355091e+00 -9.381972585108759866e-01
6.163685286322316159e+00 -3.534193579283539943e-01
6.169974761104278116e+00 -4.178024794412373843e-01
6.176264235886239184e+00 -1.699892081128296706e+00
6.182553710668201141e+00 -5.857492306806368898e-01
6.188843185450162210e+00 -2.351295399018193955e-01
6.195132660232124167e+00 -1.582796752710091681e-02
6.201422135014086123e+00 -1.522334264722391195e+00
6.207711609796047192e+00 -6.995662095325605456e-01
6.214001084578009149e+00 -1.822698104904307392e+00
6.220290559359970217e+00 -1.635521743866738875e+00
6.226580034141932174e+00 -4.296486812656832299e-01
6.232869508923893243e+00 -8.419089177027694326e-01
6.239158983705855199e+00 -1.470674188006529493e+00
6.245448458487816268e+00 -1.777304756049486123e+00
6.251737933269778225e+00 -1.917293241922530811e+00
6.258027408051739293e+00 -9.096992080624783927e-01
6.264316882833701250e+00 -1.495087557457773109e+00
6.270606357615662318e+00 -8.741278605477764696e-01
6.276895832397624275e+00 -1.815515435029366742e+00
6.283185307179586232e+00 -1.450591086810295804e+00
