0.000000000000000000e+00 1.360406755428838377e+00
6.289474781961547356e-03 1.393517961661278282e+00
1.257894956392309471e-02 1.367648637359449193e+00
1.886842434588464207e-02 -4.287022317809668914e-01
2.515789912784618942e-02 1.421521600707326138e+00
3.144737390980773678e-02 -3.826415575791518031e-01
3.773684869176928414e-02 5.773769406839588392e-01
4.402632347373083149e-02 3.425797919574755657e-01
5.031579825569237885e-02 -1.358158832298550500e-02
5.660527303765392620e-02 -1.435862153201915570e-01
6.289474781961547356e-02 3.467007277884885941e-01
6.918422260157702786e-02 1.329424117131245531e+00
7.547369738353856827e-02 1.123542288836059111e+00
8.176317216550010869e-02 1.166122391778330991e+00
8.805264694746166299e-02 1.096807016114859312e+00
9.434212172942321728e-02 1.232634222942081026e+00
1.006315965113847577e-01 1.245044539598187949e+00
1.069210712933462981e-01 1.489625259950203562e-01
1.132105460753078524e-01 4.940651844539575288e-01
1.195000208572694067e-01 9.208007497389609775e-01
1.257894956392309471e-01 1.130244445118008922e+00
1.320789704211924875e-01 -1.083247356936235528e-01
1.383684452031540557e-01 1.478726125301321082e+00
1.446579199851155961e-01 8.437393281429126368e-01
1.509473947670771365e-01 1.169022293036757976e+00
1.572368695490386770e-01 7.793159233421531606e-01
1.635263443310002174e-01 5.098014738509848431e-02
1.698158191129617856e-01 1.521981714713388278e+00
1.761052938949233260e-01 1.284006531695952802e+00
1.823947686768848664e-01 5.043366083928759735e-01
1.886842434588464346e-01 8.582944244601008466e-01
1.949737182408079750e-01 1.501668634040195682e+00
2.012631930227695154e-01 2.586255959054289399e-01
2.075526678047310558e-01 8.883037560403039823e-02
2.138421425866925962e-01 1.010263344363097726e+00
2.201316173686541644e-01 1.222912728347469669e+00
2.264210921506157048e-01 9.045442064929537507e-01
2.327105669325772452e-01 -2.369867232257663048e-01
2.390000417145388134e-01 -1.674793410107950908e-01
2.452895164965003538e-01 -1.904867998976580434e-01
2.515789912784618942e-01 4.619971104630833381e-01
2.578684660604234624e-01 -9.480848640095296265e-03
2.641579408423849751e-01 1.194106958052084444e+00
2.704474156243465433e-01 1.204260256260788475e+00
2.767368904063081114e-01 9.531255708639567725e-01
2.830263651882696241e-01 5.041745516011039152e-01
2.893158399702311923e-01 8.507017260201117370e-01
2.956053147521927049e-01 1.474888790913611469e+00
3.018947895341542731e-01 -3.633421591296761011e-01
3.081842643161158413e-01 1.086933555500868120e+00
3.144737390980773539e-01 1.235117653175295871e+00
3.207632138800389221e-01 2.061765839835260072e-01
3.270526886620004348e-01 1.388128495097499915e+00
3.333421634439620029e-01 1.996574784523358348e-01
3.396316382259235711e-01 1.506015772152564658e-01
3.459211130078850838e-01 1.157160233245768666e-02
3.522105877898466519e-01 6.966989830139043161e-01
3.585000625718082201e-01 6.698857978674331859e-01
3.647895373537697328e-01 8.528523897184037139e-01
3.710790121357313009e-01 9.312994994518100089e-01
3.773684869176928691e-01 8.499259521457891431e-01
3.836579616996543818e-01 6.941676007301610385e-01
3.899474364816159500e-01 3.928480913059033686e-01
3.962369112635774626e-01 -4.899611479401697611e-01
4.025263860455390308e-01 7.636832459094416992e-01
4.088158608275005990e-01 1.231081216396192168e+00
4.151053356094621116e-01 4.608005507534629341e-01
4.213948103914236798e-01 -1.860992564854990761e-02
4.276842851733851925e-01 -2.150174703384041264e-01
4.339737599553467606e-01 2.148348906860975127e-01
4.402632347373083288e-01 2.819663943540913209e-01
4.465527095192698415e-01 1.072498805846144654e+00
4.528421843012314096e-01 5.327420265648792341e-01
4.591316590831929778e-01 1.004931707861528078e+00
4.654211338651544905e-01 -6.197262902173756860e-01
4.717106086471160586e-01 -1.343428701982388729e-01
4.780000834290776268e-01 -5.222511745149218676e-01
4.842895582110391395e-01 -5.909053129876887800e-01
4.905790329930007077e-01 -4.829491591718424459e-01
4.968685077749622203e-01 -2.131039859092156430e-01
5.031579825569237885e-01 -3.169639856932837674e-02
5.094474573388853011e-01 -9.977993829729936426e-01
5.157369321208469248e-01 -6.006423659285227146e-01
5.220264069028084375e-01 6.902299499809672056e-02
5.283158816847699502e-01 -8.662669156531819237e-01
5.346053564667315738e-01 8.456782820570918346e-02
5.408948312486930865e-01 -5.311142436858220517e-01
5.471843060306545992e-01 7.392765905309579555e-01
5.534737808126162228e-01 5.552339689877641149e-01
5.597632555945777355e-01 -1.087350751783477953e-01
5.660527303765392482e-01 -2.781822129047495373e-02
5.723422051585007608e-01 5.949214652911829493e-01
5.786316799404623845e-01 7.834225964123959773e-01
5.849211547224238972e-01 1.016790756879994984e-01
5.912106295043854098e-01 -7.333589846552395208e-01
5.975001042863470335e-01 2.919067047533456805e-01
6.037895790683085462e-01 -7.030159089475711554e-01
6.100790538502700588e-01 7.757251513311880231e-02
6.163685286322316825e-01 -2.097276486777210902e-01
6.226580034141931952e-01 -2.928836499755786971e-01
6.289474781961547079e-01 3.261419070400628506e-01
6.352369529781163315e-01 4.181234229235808453e-01
6.415264277600778442e-01 -8.371406793451787731e-01
6.478159025420393569e-01 6.523274341824409905e-01
6.541053773240008695e-01 1.866757316020477564e-01
6.603948521059624932e-01 -3.707717088512161308e-01
6.666843268879240059e-01 5.130108378780620093e-01
6.729738016698855185e-01 -1.754992110690687390e-01
6.792632764518471422e-01 -5.949543039108988740e-01
6.855527512338086549e-01 -7.265942097017219492e-01
6.918422260157701675e-01 4.381149966876816126e-01
6.981317007977317912e-01 4.203617415567524329e-01
7.044211755796933039e-01 -1.176509992108445202e+00
7.107106503616548165e-01 -1.515014407450130385e-01
7.170001251436164402e-01 -1.163651584346773182e+00
7.232895999255779529e-01 -4.338910121578405388e-01
7.295790747075394655e-01 -2.729479134188959044e-01
7.358685494895010892e-01 -1.096462116162802536e+00
7.421580242714626019e-01 -9.431388182787325825e-02
7.484474990534241146e-01 -1.452103279323568863e-01
7.547369738353857382e-01 -4.217163195653121921e-01
7.610264486173472509e-01 -5.258133042079249364e-01
7.673159233993087636e-01 2.938466639986947460e-01
7.736053981812702762e-01 -1.227293290672999415e-01
7.798948729632318999e-01 -2.099549616124849472e-01
7.861843477451934126e-01 3.247862138959192180e-01
7.924738225271549252e-01 -8.246121147697798026e-01
7.987632973091165489e-01 6.751585405704441101e-01
8.050527720910780616e-01 -2.036536073343393483e-01
8.113422468730395742e-01 -3.740896062880061379e-01
8.176317216550011979e-01 8.682258159984308499e-01
8.239211964369627106e-01 -7.581157572280454726e-01
8.302106712189242232e-01 -4.167278970141896632e-01
8.365001460008858469e-01 1.967180570742075307e-01
8.427896207828473596e-01 7.732797894389087379e-02
8.490790955648088723e-01 3.509959073688539988e-02
8.553685703467703849e-01 4.337217072508419147e-01
8.616580451287320086e-01 -4.644557450019779488e-01
8.679475199106935213e-01 3.253551901495048693e-01
8.742369946926550339e-01 9.188526249649247024e-01
8.805264694746166576e-01 -2.206144998374743871e-01
8.868159442565781703e-01 1.035608770825514613e+00
8.931054190385396829e-01 4.142650151515867574e-01
8.993948938205013066e-01 -2.029360770294176275e-01
9.056843686024628193e-01 7.127637686632906089e-01
9.119738433844243319e-01 7.128729084265168492e-01
9.182633181663859556e-01 3.857410516188879424e-01
9.245527929483474683e-01 1.073728764940447000e+00
9.308422677303089809e-01 6.574331435233501386e-01
9.371317425122706046e-01 8.431396303223295252e-01
9.434212172942321173e-01 4.183274999561494845e-01
9.497106920761936300e-01 -2.902232814517013426e-01
9.560001668581552536e-01 3.002806252704091072e-01
9.622896416401167663e-01 1.326207432422812804e+00
9.685791164220782790e-01 1.422137784778493952e+00
9.748685912040397916e-01 1.343687593711771822e+00
9.811580659860014153e-01 -1.757557282514279895e-02
9.874475407679629280e-01 1.256021527417597650e+00
9.937370155499244406e-01 1.699784794558515610e+00
1.000026490331886064e+00 1.483920580412128598e-01
1.006315965113847577e+00 1.191518021649512260e+00
1.012605439895809090e+00 1.282782864043034321e+00
1.018894914677770602e+00 6.943091144178241692e-01
1.025184389459732115e+00 7.701728907564886484e-01
1.031473864241693850e+00 9.491599389872018566e-01
1.037763339023655362e+00 2.129625372748864987e+00
1.044052813805616875e+00 5.436366909662220248e-01
1.050342288587578388e+00 8.560641168262537182e-01
1.056631763369539900e+00 5.235381628264778042e-01
1.062921238151501413e+00 1.495903487010795896e+00
1.069210712933463148e+00 1.173548550594516682e+00
1.075500187715424660e+00 6.295472763496936519e-01
1.081789662497386173e+00 1.571435401709680546e+00
1.088079137279347686e+00 1.170043403206793009e+00
1.094368612061309198e+00 1.638867933938946475e+00
1.100658086843270711e+00 1.223382646954960684e+00
1.106947561625232446e+00 8.258285520470611818e-01
1.113237036407193958e+00 1.190759090824299760e+00
1.119526511189155471e+00 2.357125501347792529e+00
1.125815985971116984e+00 2.070001200269460107e+00
1.132105460753078496e+00 2.162474918569400550e+00
1.138394935535040009e+00 2.701632956022316456e+00
1.144684410317001522e+00 1.068908867969840193e+00
1.150973885098963256e+00 1.747597132804798781e+00
1.157263359880924769e+00 1.087669472027136708e+00
1.163552834662886282e+00 1.756705195041737833e+00
1.169842309444847794e+00 1.769612882897945383e+00
1.176131784226809307e+00 1.200774772824087844e+00
1.182421259008770820e+00 2.345494435128144151e+00
1.188710733790732554e+00 2.640968032548931976e+00
1.195000208572694067e+00 1.874914648589772526e+00
1.201289683354655580e+00 1.206093992090883305e+00
1.207579158136617092e+00 2.495810335070237418e+00
1.213868632918578605e+00 3.043698292617175838e+00
1.220158107700540118e+00 2.689566164790483604e+00
1.226447582482501630e+00 1.128343644122422162e+00
1.232737057264463365e+00 3.058848205798720965e+00
1.239026532046424878e+00 1.572030063448686121e+00
1.245316006828386390e+00 1.408170751881229865e+00
1.251605481610347903e+00 2.247424091882429753e+00
1.257894956392309416e+00 2.271077682080137716e+00
1.264184431174270928e+00 2.611741361713405318e+00
1.270473905956232663e+00 2.217742628690368534e+00
1.276763380738194176e+00 2.409771564451291592e+00
1.283052855520155688e+00 2.143690836338726147e+00
1.289342330302117201e+00 2.184050250322476572e+00
1.295631805084078714e+00 2.149137814457194207e+00
1.301921279866040226e+00 1.543263347163967181e+00
1.308210754648001739e+00 1.634247754657894403e+00
1.314500229429963474e+00 2.987083983063763881e+00
1.320789704211924986e+00 1.591210338506071409e+00
1.327079178993886499e+00 1.224936437471025652e+00
1.333368653775848012e+00 2.519266535116248207e+00
1.339658128557809524e+00 2.880162572670090793e+00
1.345947603339771037e+00 1.258047835686370020e+00
1.352237078121732772e+00 1.766938031989199631e+00
1.358526552903694284e+00 2.102248627442181661e+00
1.364816027685655797e+00 2.501780413905518419e+00
1.371105502467617310e+00 1.990104795140106075e+00
1.377394977249578822e+00 1.887366905114861604e+00
1.383684452031540335e+00 1.306231265432446387e+00
1.389973926813502070e+00 1.030421584175501115e+00
1.396263401595463582e+00 1.668685853324684665e+00
1.402552876377425095e+00 2.233037820622593816e+00
1.408842351159386608e+00 2.452794428122684778e+00
1.415131825941348120e+00 1.760986016318450753e+00
1.421421300723309633e+00 1.505982119527781160e+00
1.427710775505271146e+00 2.128807799761563313e+00
1.434000250287232880e+00 2.608763458290447534e+00
1.440289725069194393e+00 8.063337242308685759e-01
1.446579199851155906e+00 1.270667021228391702e+00
1.452868674633117418e+00 2.344040039299622347e+00
1.459158149415078931e+00 2.190088062642452371e+00
1.465447624197040444e+00 1.354436896176182348e+00
1.471737098979002178e+00 9.151768827137654050e-01
1.478026573760963691e+00 6.961424658259715015e-01
1.484316048542925204e+00 8.811015336782836993e-01
1.490605523324886716e+00 2.200089940897226537e+00
1.496894998106848229e+00 7.813146028779345276e-01
1.503184472888809742e+00 1.581875117487864246e+00
1.509473947670771476e+00 1.545584451014149652e+00
1.515763422452732989e+00 1.059338565308849400e+00
1.522052897234694502e+00 8.301180541587225292e-01
1.528342372016656014e+00 1.661231130439962511e+00
1.534631846798617527e+00 1.885212365377760158e+00
1.540921321580579040e+00 5.535225431056052248e-01
1.547210796362540552e+00 8.826403791529316978e-01
1.553500271144502287e+00 4.525703056103546618e-01
1.559789745926463800e+00 1.682261825431887070e+00
1.566079220708425312e+00 1.405113627579967828e+00
1.572368695490386825e+00 1.689019228458319866e+00
1.578658170272348338e+00 8.093414595326068328e-01
1.584947645054309850e+00 5.923609806339634742e-01
1.591237119836271585e+00 6.640404734341582849e-01
1.597526594618233098e+00 1.287085809348295529e+00
1.603816069400194610e+00 1.009006440364245361e+00
1.610105544182156123e+00 1.325396579143033327e+00
1.616395018964117636e+00 2.752709797058896513e-01
1.622684493746079148e+00 1.141804348052001927e+00
1.628973968528040661e+00 3.778331408614482578e-01
1.635263443310002396e+00 -3.637538730762466255e-01
1.641552918091963909e+00 1.092836566739663784e+00
1.647842392873925421e+00 -5.881616544274574920e-01
1.654131867655886934e+00 3.481593717213955497e-01
1.660421342437848446e+00 6.609016862479155652e-01
1.666710817219809959e+00 -2.655930636205889872e-01
1.673000292001771694e+00 -8.698935147803670276e-01
1.679289766783733207e+00 -8.256551200636470522e-01
1.685579241565694719e+00 -1.143196287973453851e+00
1.691868716347656232e+00 -3.803616326619922994e-01
1.698158191129617745e+00 -1.922838758995617514e-01
1.704447665911579257e+00 -2.833775455251346109e-01
1.710737140693540770e+00 -1.547952123706037852e-01
1.717026615475502505e+00 -3.465259634256558918e-01
1.723316090257464017e+00 -1.304946083536606682e-01
1.729605565039425530e+00 1.791585034753830907e-01
1.735895039821387043e+00 -8.590328123152306539e-01
1.742184514603348555e+00 -1.457586195476455515e+00
1.748473989385310068e+00 -2.826235198441366947e-01
1.754763464167271803e+00 -9.367216753176255128e-01
1.761052938949233315e+00 2.316061520099250703e-01
1.767342413731194828e+00 -9.450255310441888490e-01
1.773631888513156341e+00 -3.327391394363203858e-01
1.779921363295117853e+00 4.968968608996471303e-02
1.786210838077079366e+00 -8.169577882650582712e-01
1.792500312859041101e+00 -1.623637147863408181e+00
1.798789787641002613e+00 -1.502980054845740820e+00
1.805079262422964126e+00 -1.436281473957293553e+00
1.811368737204925639e+00 -3.980369651143158549e-01
1.817658211986887151e+00 -1.783032733272127857e+00
1.823947686768848664e+00 -1.186762504753104963e-01
1.830237161550810177e+00 -9.343778054549358725e-01
1.836526636332771911e+00 -1.121049744291564565e+00
1.842816111114733424e+00 -6.401772758247696871e-01
1.849105585896694937e+00 -1.907208163580874194e+00
1.855395060678656449e+00 -1.076847719717191731e+00
1.861684535460617962e+00 -1.003140175000567069e+00
1.867974010242579475e+00 -1.029511512055868661e+00
1.874263485024541209e+00 -1.986317180437395136e+00
1.880552959806502722e+00 -3.715749682584790214e-01
1.886842434588464235e+00 -9.327571394131484173e-01
1.893131909370425747e+00 -2.817642330278438134e-01
1.899421384152387260e+00 -6.627003744479280645e-01
1.905710858934348773e+00 -1.673689790402016042e+00
1.912000333716310507e+00 -1.515580022078470090e+00
1.918289808498272020e+00 -1.749777874960656066e+00
1.924579283280233533e+00 -1.542724205810153792e+00
1.930868758062195045e+00 -1.770337817407943160e+00
1.937158232844156558e+00 -1.820521382035929170e+00
1.943447707626118071e+00 -9.529635505241842441e-01
1.949737182408079583e+00 -7.369821794493922607e-01
1.956026657190041318e+00 -7.184210399339836517e-01
1.962316131972002831e+00 -6.917813934377767815e-01
1.968605606753964343e+00 -9.365413775108093475e-01
1.974895081535925856e+00 -5.089392605587270690e-01
1.981184556317887369e+00 -1.784966223479653280e+00
1.987474031099848881e+00 -6.029497378774804073e-01
1.993763505881810616e+00 -8.528589266021253668e-01
2.000052980663772129e+00 -1.219228992753522478e+00
2.006342455445733641e+00 -1.173873009689153868e+00
2.012631930227695154e+00 -8.569403353998643613e-01
2.018921405009656667e+00 1.702822043444778277e-01
2.025210879791618179e+00 -7.811525157855867540e-01
2.031500354573579692e+00 1.561730512006962446e-01
2.037789829355541205e+00 -1.256385151332735317e+00
2.044079304137502717e+00 -4.290682036598814086e-02
2.050368778919464230e+00 -4.996039491910753139e-01
2.056658253701426187e+00 1.561894311431661908e-01
2.062947728483387699e+00 2.819963245212273595e-01
2.069237203265349212e+00 -8.498376251162333972e-01
2.075526678047310725e+00 1.233487727811430901e-01
2.081816152829272237e+00 7.459138121382369313e-02
2.088105627611233750e+00 -5.710931101394933762e-01
2.094395102393195263e+00 5.055573407151219278e-01
2.100684577175156775e+00 7.870534238545017214e-01
2.106974051957118288e+00 2.594604351142987264e-01
2.113263526739079801e+00 -8.780719331880205702e-01
2.119553001521041313e+00 -8.649137045965471504e-01
2.125842476303002826e+00 5.849493856235364886e-01
2.132131951084964339e+00 -5.693041809943191200e-01
2.138421425866926295e+00 6.235030895036088872e-01
2.144710900648887808e+00 -3.051102424641773947e-01
2.151000375430849321e+00 1.367705248358012105e+00
2.157289850212810833e+00 -1.307390846118485772e-01
2.163579324994772346e+00 -4.540659974837089607e-01
2.169868799776733859e+00 1.549226433594643071e+00
2.176158274558695371e+00 1.110431267982767478e+00
2.182447749340656884e+00 1.144695453297823295e+00
2.188737224122618397e+00 2.162941895058828612e-02
2.195026698904579909e+00 2.487948473510308844e-01
2.201316173686541422e+00 7.281925579381659519e-02
2.207605648468502935e+00 1.019112165556059324e+00
2.213895123250464891e+00 1.514322876396494655e+00
2.220184598032426404e+00 1.862835995509440901e-01
2.226474072814387917e+00 1.737940994603709877e+00
2.232763547596349429e+00 1.361623652712591337e+00
2.239053022378310942e+00 8.834643361073530876e-01
2.245342497160272455e+00 2.352193484267266044e+00
2.251631971942233967e+00 4.949240863852988892e-01
2.257921446724195480e+00 2.153644044224840570e+00
2.264210921506156993e+00 5.897706885800608756e-01
2.270500396288118505e+00 1.642945607561743904e+00
2.276789871070080018e+00 2.525498586794962197e+00
2.283079345852041531e+00 1.792658718260126349e+00
2.289368820634003043e+00 1.886212283439352433e+00
2.295658295415965000e+00 1.200696299021969393e+00
2.301947770197926513e+00 2.020626599211519991e+00
2.308237244979888025e+00 1.795430174108225252e+00
2.314526719761849538e+00 2.769812699604485395e+00
2.320816194543811051e+00 1.268017310897147754e+00
2.327105669325772563e+00 2.454969052727389744e+00
2.333395144107734076e+00 1.512394379993528437e+00
2.339684618889695589e+00 2.390860030580079787e+00
2.345974093671657101e+00 2.437955197316444611e+00
2.352263568453618614e+00 2.648783088364903726e+00
2.358553043235580127e+00 1.738918586756445617e+00
2.364842518017541639e+00 2.754779136187919697e+00
2.371131992799503152e+00 1.749953298423725379e+00
2.377421467581465109e+00 2.075312841307761502e+00
2.383710942363426621e+00 1.888874802310434697e+00
2.390000417145388134e+00 1.961871394878337282e+00
2.396289891927349647e+00 1.714151432379345641e+00
2.402579366709311159e+00 2.151825434445473917e+00
2.408868841491272672e+00 3.501343137651518944e+00
2.415158316273234185e+00 2.248520170394684214e+00
2.421447791055195697e+00 2.599624186130403469e+00
2.427737265837157210e+00 2.785961011818051780e+00
2.434026740619118723e+00 2.068365232589558733e+00
2.440316215401080235e+00 3.343728200964233732e+00
2.446605690183041748e+00 3.211717315517484295e+00
2.452895164965003261e+00 2.570221772286365614e+00
2.459184639746965217e+00 2.613672386112476431e+00
2.465474114528926730e+00 3.096819731661153874e+00
2.471763589310888243e+00 3.125043109544029640e+00
2.478053064092849755e+00 2.369141856269606716e+00
2.484342538874811268e+00 3.359927035576881327e+00
2.490632013656772781e+00 3.545355939704383008e+00
2.496921488438734293e+00 3.203725603514886444e+00
2.503210963220695806e+00 2.704319077532477245e+00
2.509500438002657319e+00 3.912902349282814107e+00
2.515789912784618831e+00 3.005793696270674165e+00
2.522079387566580344e+00 3.224201263918591742e+00
2.528368862348541857e+00 2.420364817687634229e+00
2.534658337130503369e+00 2.418175751828701259e+00
2.540947811912465326e+00 2.657762013158793568e+00
2.547237286694426839e+00 3.827719051254589111e+00
2.553526761476388351e+00 2.874183425116906498e+00
2.559816236258349864e+00 2.661541425706012820e+00
2.566105711040311377e+00 2.311217501730172152e+00
2.572395185822272889e+00 2.695618913492074498e+00
2.578684660604234402e+00 2.737038521013685610e+00
2.584974135386195915e+00 1.846374080465990719e+00
2.591263610168157427e+00 2.748531177536170489e+00
2.597553084950118940e+00 2.646408683211643798e+00
2.603842559732080453e+00 3.476408029190471538e+00
2.610132034514041965e+00 2.225806101335531473e+00
2.616421509296003478e+00 3.552184398652618036e+00
2.622710984077965435e+00 2.532940999442393704e+00
2.629000458859926947e+00 3.246653429186581619e+00
2.635289933641888460e+00 2.946029118123922874e+00
2.641579408423849973e+00 1.647305002461120216e+00
2.647868883205811485e+00 3.478390666751836502e+00
2.654158357987772998e+00 1.597419904302740834e+00
2.660447832769734511e+00 1.854360612591416713e+00
2.666737307551696023e+00 2.118117903566700377e+00
2.673026782333657536e+00 2.724003866673636587e+00
2.679316257115619049e+00 2.649339628085742859e+00
2.685605731897580561e+00 2.183983233645146349e+00
2.691895206679542074e+00 1.466795296092308520e+00
2.698184681461504031e+00 2.636248809163396878e+00
2.704474156243465544e+00 1.717750535313467442e+00
2.710763631025427056e+00 2.953466440406359972e+00
2.717053105807388569e+00 2.018343016100272891e+00
2.723342580589350082e+00 2.781662633609715662e+00
2.729632055371311594e+00 9.481002930781791127e-01
2.735921530153273107e+00 2.063470629943996215e+00
2.742211004935234619e+00 2.130899488189335944e+00
2.748500479717196132e+00 2.381490702662625747e+00
2.754789954499157645e+00 1.958752419393578137e+00
2.761079429281119157e+00 2.021893002340096945e+00
2.767368904063080670e+00 2.165615433571033588e+00
2.773658378845042183e+00 7.899240769987496691e-01
2.779947853627004140e+00 7.908745647866292083e-01
2.786237328408965652e+00 1.157393245158916395e+00
2.792526803190927165e+00 1.153885955598655144e+00
2.798816277972888678e+00 1.243424304343378584e+00
2.805105752754850190e+00 1.853973578695025992e+00
2.811395227536811703e+00 1.154946134088038256e+00
2.817684702318773216e+00 2.051103461350584301e+00
2.823974177100734728e+00 9.586793668011388547e-01
2.830263651882696241e+00 7.586860002353608134e-01
2.836553126664657754e+00 4.758624409122639287e-01
2.842842601446619266e+00 1.263779051195460745e+00
2.849132076228580779e+00 -1.973330626163777857e-01
2.855421551010542291e+00 3.325809939095294987e-01
2.861711025792504248e+00 9.345426914913435024e-02
2.868000500574465761e+00 -2.006876473613517509e-01
2.874289975356427274e+00 -2.329589492673409534e-01
2.880579450138388786e+00 -3.493736120355995789e-01
2.886868924920350299e+00 3.448092989312417922e-01
2.893158399702311812e+00 6.847167266688328757e-01
2.899447874484273324e+00 5.559589014385122319e-01
2.905737349266234837e+00 1.230328234278037947e+00
2.912026824048196350e+00 3.750344979128483747e-01
2.918316298830157862e+00 5.005191232464194506e-01
2.924605773612119375e+00 -3.867005246491538317e-01
2.930895248394080888e+00 -8.693748335043931519e-01
2.937184723176042400e+00 4.284041516716721176e-01
2.943474197958004357e+00 -4.708737335271040436e-02
2.949763672739965870e+00 5.926912707191791529e-01
2.956053147521927382e+00 4.689683722501931662e-01
2.962342622303888895e+00 8.706554926722520626e-02
2.968632097085850408e+00 -7.297181649267616699e-01
2.974921571867811920e+00 -9.939556307400660984e-01
2.981211046649773433e+00 -1.185261685141665300e+00
2.987500521431734946e+00 -8.765204991083082042e-01
2.993789996213696458e+00 1.926971241799668721e-01
3.000079470995657971e+00 -4.222347113432387555e-01
3.006368945777619484e+00 -2.456932891425012144e-02
3.012658420559580996e+00 -5.309973429783176879e-01
3.018947895341542953e+00 -5.094849735521183032e-01
3.025237370123504466e+00 -1.766319771268103356e-01
3.031526844905465978e+00 -1.532889356171273310e+00
3.037816319687427491e+00 -1.197465713546543631e+00
3.044105794469389004e+00 -9.446972700457150207e-01
3.050395269251350516e+00 -1.718335528755101649e-01
3.056684744033312029e+00 -7.152444033796057088e-01
3.062974218815273542e+00 -6.013219113580645647e-01
3.069263693597235054e+00 1.753763907771332953e-02
3.075553168379196567e+00 -1.060364653563976356e+00
3.081842643161158080e+00 2.382455138402441719e-01
3.088132117943119592e+00 -8.966628770394080572e-01
3.094421592725081105e+00 -8.898296064908679526e-01
3.100711067507043062e+00 2.130167763251258339e-01
3.107000542289004574e+00 -2.551983383723217536e-01
3.113290017070966087e+00 -1.313715336732066419e+00
3.119579491852927600e+00 -5.488163893569708573e-01
3.125868966634889112e+00 1.182033950834180391e-01
3.132158441416850625e+00 -9.298639053909114605e-01
3.138447916198812138e+00 -8.071759477143087835e-01
3.144737390980773650e+00 -1.270686445662444486e+00
3.151026865762735163e+00 -1.935998601485959814e-01
3.157316340544696676e+00 -1.241129798770272741e+00
3.163605815326658188e+00 -4.401616095581588617e-01
3.169895290108619701e+00 -9.867856425476426718e-01
3.176184764890581214e+00 -7.103416269468918465e-01
3.182474239672543170e+00 -8.753244045776054083e-01
3.188763714454504683e+00 -1.393934550021983743e+00
3.195053189236466196e+00 -1.205084532833120781e+00
3.201342664018427708e+00 1.924762827259514086e-01
3.207632138800389221e+00 -1.402636851638540127e+00
3.213921613582350734e+00 -1.316105513164069984e+00
3.220211088364312246e+00 -2.104937029055498066e-02
3.226500563146273759e+00 -7.203509009194744017e-01
3.232790037928235272e+00 2.279625777966087785e-01
3.239079512710196784e+00 -1.115394615448323412e+00
3.245368987492158297e+00 1.546868126656777420e-01
3.251658462274119810e+00 -1.305348029164587587e+00
3.257947937056081322e+00 -3.943717258768519862e-01
3.264237411838043279e+00 -4.465605900719571419e-01
3.270526886620004792e+00 -2.296457145189403359e-01
3.276816361401966304e+00 4.298921281792571492e-01
3.283105836183927817e+00 -7.402063051121834381e-01
3.289395310965889330e+00 3.761063087538440985e-01
3.295684785747850842e+00 -1.461122707480202454e-01
3.301974260529812355e+00 5.043382653612267230e-01
3.308263735311773868e+00 8.841216198017396444e-01
3.314553210093735380e+00 -2.732243331214356807e-01
3.320842684875696893e+00 7.952374102665462630e-01
3.327132159657658406e+00 -6.786966805133777259e-01
3.333421634439619918e+00 1.063894436541220623e+00
3.339711109221581431e+00 6.718004520086673370e-02
3.346000584003543388e+00 5.086712140649487512e-01
3.352290058785504900e+00 6.305797691100245572e-02
3.358579533567466413e+00 -3.343304515346376959e-01
3.364869008349427926e+00 9.503538394006345591e-01
3.371158483131389438e+00 4.111004066169932081e-03
3.377447957913350951e+00 -4.828882131575809034e-01
3.383737432695312464e+00 7.204999009524982734e-01
3.390026907477273976e+00 -1.538342366330893718e-01
3.396316382259235489e+00 2.935658694298199367e-01
3.402605857041197002e+00 4.905604962405967218e-01
3.408895331823158514e+00 -6.929542085422402131e-03
3.415184806605120027e+00 1.344196405288899054e+00
3.421474281387081540e+00 1.394243213129466863e+00
3.427763756169043496e+00 1.019823365319581399e+00
3.434053230951005009e+00 2.681473374233307450e-01
3.440342705732966522e+00 1.113125952941728780e+00
3.446632180514928034e+00 1.950957231913007794e-01
3.452921655296889547e+00 1.180888233950168342e-01
3.459211130078851060e+00 1.526799613363311492e+00
3.465500604860812572e+00 1.913471928069198968e+00
3.471790079642774085e+00 1.367510976942465595e+00
3.478079554424735598e+00 1.432021527777960879e+00
3.484369029206697110e+00 8.879583394767263105e-01
3.490658503988658623e+00 9.875058873574650287e-01
3.496947978770620136e+00 5.118558075203805124e-01
3.503237453552582092e+00 1.056326885653746883e+00
3.509526928334543605e+00 1.230318218121201346e+00
3.515816403116505118e+00 6.812606611703146964e-01
3.522105877898466630e+00 2.111488692940165279e+00
3.528395352680428143e+00 5.578262028717779764e-01
3.534684827462389656e+00 1.865995778167488073e+00
3.540974302244351168e+00 1.977396972852867085e+00
3.547263777026312681e+00 9.845429030384149627e-01
3.553553251808274194e+00 1.988055169297399782e+00
3.559842726590235706e+00 1.880882463925741543e+00
3.566132201372197219e+00 1.307884716919969659e+00
3.572421676154158732e+00 2.027411516585160278e+00
3.578711150936120244e+00 8.565120143169500100e-01
3.585000625718082201e+00 1.960227028310816966e+00
3.591290100500043714e+00 2.347106619472882905e+00
3.597579575282005226e+00 8.645494803054883937e-01
3.603869050063966739e+00 2.882403602906204121e+00
3.610158524845928252e+00 1.257458033734088598e+00
3.616447999627889764e+00 1.828075155349190517e+00
3.622737474409851277e+00 1.788963825849920308e+00
3.629026949191812790e+00 2.827135961922309537e+00
3.635316423973774302e+00 2.107997617197880036e+00
3.641605898755735815e+00 1.240360863806996283e+00
3.647895373537697328e+00 2.607451771583842337e+00
3.654184848319658840e+00 1.447565845708677301e+00
3.660474323101620353e+00 1.958750753481478091e+00
3.666763797883582310e+00 2.957699569939225004e+00
3.673053272665543822e+00 2.601805060210037102e+00
3.679342747447505335e+00 1.139512666090613413e+00
3.685632222229466848e+00 2.410596991542431233e+00
3.691921697011428360e+00 2.387087595583897048e+00
3.698211171793389873e+00 2.176058067639250027e+00
3.704500646575351386e+00 1.443967255155904850e+00
3.710790121357312898e+00 1.618499198942068062e+00
3.717079596139274411e+00 2.987597636689967473e+00
3.723369070921235924e+00 2.850652201613503856e+00
3.729658545703197436e+00 1.346338308756918511e+00
3.735948020485158949e+00 1.587408069803325494e+00
3.742237495267120462e+00 1.937227860512445776e+00
3.748526970049082419e+00 2.855931275938885072e+00
3.754816444831043931e+00 1.150494923429928873e+00
3.761105919613005444e+00 1.606230805684207397e+00
3.767395394394966956e+00 2.921371721719215664e+00
3.773684869176928469e+00 1.380121170429926769e+00
3.779974343958889982e+00 1.813391589287155936e+00
3.786263818740851494e+00 1.737669315964896599e+00
3.792553293522813007e+00 2.892613170958650226e+00
3.798842768304774520e+00 1.509596751795233116e+00
3.805132243086736032e+00 1.858710131152831346e+00
3.811421717868697545e+00 2.863570514113932930e+00
3.817711192650659058e+00 1.882459029892069813e+00
3.824000667432621015e+00 2.779753055822431485e+00
3.830290142214582527e+00 2.042966874968580093e+00
3.836579616996544040e+00 1.194828649238727447e+00
3.842869091778505553e+00 2.024723273893519693e+00
3.849158566560467065e+00 2.609243755952445287e+00
3.855448041342428578e+00 1.349904094214012806e+00
3.861737516124390091e+00 1.275649005981576156e+00
3.868026990906351603e+00 9.805750305180047643e-01
3.874316465688313116e+00 1.207486441097900265e+00
3.880605940470274628e+00 1.663113019077556931e+00
3.886895415252236141e+00 1.434874583993525743e+00
3.893184890034197654e+00 1.008661444556127051e+00
3.899474364816159166e+00 1.296889309263412393e+00
3.905763839598121123e+00 2.079241938501573905e+00
3.912053314380082636e+00 2.410430355692510407e+00
3.918342789162044149e+00 1.505203430250374730e+00
3.924632263944005661e+00 2.017558446245753867e+00
3.930921738725967174e+00 7.778386775359357186e-01
3.937211213507928687e+00 1.524334157213240726e+00
3.943500688289890199e+00 2.114637164170690475e+00
3.949790163071851712e+00 1.380981487417516362e+00
3.956079637853813225e+00 2.431892177598448335e+00
3.962369112635774737e+00 1.495359285668687033e+00
3.968658587417736250e+00 1.967827783838039579e+00
3.974948062199697763e+00 1.522629300352688286e+00
3.981237536981659275e+00 1.577133755052370967e+00
3.987527011763621232e+00 2.249942781531948821e+00
3.993816486545582745e+00 1.778577279718053017e+00
4.000105961327544257e+00 1.271288471563296607e+00
4.006395436109505326e+00 5.668590252084380054e-01
4.012684910891467283e+00 2.748573983912024898e-01
4.018974385673428351e+00 1.825809895252911819e+00
4.025263860455390308e+00 1.963204991650354891e+00
4.031553335237352265e+00 1.299369170528438699e+00
4.037842810019313333e+00 1.144943286471076654e-01
4.044132284801275290e+00 1.383856274327954772e+00
4.050421759583236359e+00 2.751502059096613273e-01
4.056711234365198315e+00 8.211848967603327942e-01
4.063000709147159384e+00 4.121669744890232301e-01
4.069290183929121341e+00 1.632929946341832861e-01
4.075579658711082409e+00 1.261510687871224556e-01
4.081869133493044366e+00 2.990681934108208040e-01
4.088158608275005435e+00 1.157287921939458730e+00
4.094448083056967391e+00 1.754693251957019973e+00
4.100737557838928460e+00 1.342895783920963204e+00
4.107027032620890417e+00 1.129681020912480238e-01
4.113316507402852373e+00 6.517218230955517111e-01
4.119605982184813442e+00 1.322892324595714708e+00
4.125895456966775399e+00 1.174080302113169605e-01
4.132184931748736467e+00 -2.033107982000522118e-01
4.138474406530698424e+00 7.225779277671739997e-01
4.144763881312659493e+00 5.355485406374026480e-01
4.151053356094621449e+00 -2.652712819455141924e-01
4.157342830876582518e+00 6.280217750308350055e-01
4.163632305658544475e+00 3.650521950787513070e-01
4.169921780440505543e+00 6.105005568284469497e-01
4.176211255222467500e+00 6.857715468177751905e-01
4.182500730004428569e+00 3.971316972090860320e-01
4.188790204786390525e+00 3.464697684806405942e-01
4.195079679568352482e+00 -2.215968133228816139e-01
4.201369154350313551e+00 4.632748180145628281e-01
4.207658629132275507e+00 7.683812627756390068e-01
4.213948103914236576e+00 -8.951192045135947239e-02
4.220237578696198533e+00 -1.090339613730060275e-01
4.226527053478159601e+00 7.137422722025532629e-02
4.232816528260121558e+00 -5.311342705421281396e-01
4.239106003042082627e+00 3.935333131044773669e-01
4.245395477824044583e+00 3.007456378484807402e-01
4.251684952606005652e+00 7.225377151886758220e-02
4.257974427387967609e+00 1.205530654485002406e+00
4.264263902169928677e+00 7.750908417886746005e-01
4.270553376951890634e+00 7.903791565856419510e-01
4.276842851733852591e+00 -4.829606282397916894e-01
4.283132326515813659e+00 -6.123608405849201297e-02
4.289421801297775616e+00 2.062631922921984717e-01
4.295711276079736685e+00 1.158949517541239205e+00
4.302000750861698641e+00 1.264235264318007257e+00
4.308290225643659710e+00 8.710703041663079293e-01
4.314579700425621667e+00 -1.484971911768584452e-02
4.320869175207582735e+00 7.381342174140514967e-02
4.327158649989544692e+00 7.144661724208060116e-01
4.333448124771505761e+00 4.600266603273603927e-01
4.339737599553467717e+00 6.109850264230104466e-01
4.346027074335428786e+00 1.136719888213223673e+00
4.352316549117390743e+00 -2.479133232329255865e-01
4.358606023899352699e+00 2.342436267255493254e-01
4.364895498681313768e+00 3.452245100526657451e-01
4.371184973463275725e+00 1.222783286838084127e+00
4.377474448245236793e+00 1.227849460217277366e-01
4.383763923027198750e+00 -5.678306252391560616e-01
4.390053397809159819e+00 3.124467717385607246e-01
4.396342872591121775e+00 5.048413272905369897e-01
4.402632347373082844e+00 -5.307221111541335912e-01
4.408921822155044801e+00 1.326421112167576855e+00
4.415211296937005869e+00 9.479000318868997521e-01
4.421500771718967826e+00 -5.575661976882134718e-01
4.427790246500929783e+00 1.174911417375455791e+00
4.434079721282890851e+00 6.906752462587278929e-01
4.440369196064852808e+00 3.398819051048271866e-01
4.446658670846813877e+00 1.031715977980917298e+00
4.452948145628775833e+00 1.196671239377788964e-01
4.459237620410736902e+00 6.849311791446515141e-01
4.465527095192698859e+00 1.059861715871622589e+00
4.471816569974659927e+00 1.076558811834940066e+00
4.478106044756621884e+00 4.596434249855112508e-01
4.484395519538582953e+00 1.173938402906979928e-01
4.490684994320544909e+00 -3.457451416867662330e-01
4.496974469102505978e+00 -1.455664981763100663e-01
4.503263943884467935e+00 4.269575613776153133e-01
4.509553418666429891e+00 -8.440099787902938244e-02
4.515842893448390960e+00 -3.650168825281380203e-01
4.522132368230352917e+00 6.215096634977053114e-01
4.528421843012313985e+00 7.140438389011964926e-01
4.534711317794275942e+00 -1.793639790787108224e-01
4.541000792576237011e+00 3.415537368297975052e-01
4.547290267358198967e+00 7.623899489811147845e-02
4.553579742140160036e+00 7.508630087263583608e-01
4.559869216922121993e+00 4.331072184728257390e-02
4.566158691704083061e+00 9.001987098599502080e-01
4.572448166486045018e+00 1.039871938039189647e+00
4.578737641268006087e+00 8.295828961081991304e-01
4.585027116049968043e+00 7.302031899928517200e-01
4.591316590831930000e+00 1.202470305504148129e+00
4.597606065613891069e+00 -2.300100669816119714e-01
4.603895540395853025e+00 1.115184145474402921e+00
4.610185015177814094e+00 8.114925102599961360e-01
4.616474489959776051e+00 4.718522771329700105e-01
4.622763964741737119e+00 1.706052883609712856e+00
4.629053439523699076e+00 5.959744630244845354e-01
4.635342914305660145e+00 1.645747919955470540e+00
4.641632389087622101e+00 1.258782815983715331e+00
4.647921863869583170e+00 1.512546283493748422e+00
4.654211338651545127e+00 2.362408337210533116e-01
4.660500813433506195e+00 1.097077211077715608e+00
4.666790288215468152e+00 4.815307197499454350e-01
4.673079762997430109e+00 7.788004339639696960e-01
4.679369237779391177e+00 1.341523289717758027e+00
4.685658712561353134e+00 1.473078473222990459e+00
4.691948187343314203e+00 1.481268259876452165e+00
4.698237662125276159e+00 1.351945864290643728e-01
4.704527136907237228e+00 1.509545188018172501e+00
4.710816611689199185e+00 1.748812127768863744e+00
4.717106086471160253e+00 1.641848695292933979e-01
4.723395561253122210e+00 7.684862481407088719e-01
4.729685036035083279e+00 -2.642079099634581096e-02
4.735974510817045235e+00 1.531132972233218315e+00
4.742263985599006304e+00 -6.702374268687411041e-02
4.748553460380968261e+00 -1.454486166729442309e-01
4.754842935162930218e+00 8.997786457372143332e-01
4.761132409944891286e+00 6.513469340991517864e-01
4.767421884726853243e+00 1.506934121499606816e+00
4.773711359508814311e+00 -2.801158185663263356e-01
4.780000834290776268e+00 1.318736526586646196e+00
4.786290309072737337e+00 6.798933973290164356e-01
4.792579783854699293e+00 3.964810644411861928e-01
4.798869258636660362e+00 1.781231359993902807e-01
4.805158733418622319e+00 -1.760873689326193925e-01
4.811448208200583387e+00 6.341181149661960781e-01
4.817737682982545344e+00 -1.696100154673828020e-01
4.824027157764506413e+00 2.199702504726047669e-02
4.830316632546468369e+00 -1.614454081906768201e-01
4.836606107328430326e+00 -2.845664554868428953e-01
4.842895582110391395e+00 1.776906675845159045e-01
4.849185056892353352e+00 -1.529900540247882690e-01
4.855474531674314420e+00 3.320106497420424185e-01
4.861764006456276377e+00 3.523907376233363364e-01
4.868053481238237445e+00 4.627646659119313277e-01
4.874342956020199402e+00 1.370906402281356407e+00
4.880632430802160471e+00 7.697993659858279880e-01
4.886921905584122428e+00 8.480959563992088723e-01
4.893211380366083496e+00 1.482702440896167095e+00
4.899500855148045453e+00 7.186633447078288883e-01
4.905790329930006521e+00 9.128131829456226365e-01
4.912079804711968478e+00 1.471462972385012113e+00
4.918369279493930435e+00 9.463177207615636188e-01
4.924658754275891503e+00 6.358183819114462398e-01
4.930948229057853460e+00 5.490058437179945461e-01
4.937237703839814529e+00 1.334062190770680001e+00
4.943527178621776486e+00 4.137761684075169644e-01
4.949816653403737554e+00 1.125232407343545793e+00
4.956106128185699511e+00 1.535759363615807338e-01
4.962395602967660579e+00 1.027414783819205590e+00
4.968685077749622536e+00 6.459362867702600486e-02
4.974974552531583605e+00 6.922952775172350748e-01
4.981264027313545562e+00 4.082383253421908442e-01
4.987553502095506630e+00 -6.237086070414933348e-01
4.993842976877468587e+00 1.217449586883970092e+00
5.000132451659430544e+00 7.259964784009422800e-01
5.006421926441391612e+00 2.990269562692693395e-01
5.012711401223353569e+00 -6.404854952178781202e-01
5.019000876005314637e+00 -1.319288242600284988e-01
5.025290350787276594e+00 4.436513613035335535e-01
5.031579825569237663e+00 -3.509382100800193527e-01
5.037869300351199620e+00 -3.782821784477963245e-01
5.044158775133160688e+00 2.195682569077869184e-01
5.050448249915122645e+00 2.398757124395409779e-01
5.056737724697083713e+00 -3.613975027469197299e-01
5.063027199479045670e+00 9.613586197897272534e-02
5.069316674261006739e+00 -1.512245929513946763e-01
5.075606149042968696e+00 -5.239130804451019863e-01
5.081895623824930652e+00 -7.754652673544009112e-01
5.088185098606891721e+00 7.611548558530353281e-01
5.094474573388853678e+00 -6.090299069689394384e-01
5.100764048170814746e+00 -5.346816880761644519e-01
5.107053522952776703e+00 -6.533775215217541010e-02
5.113342997734737772e+00 -1.685089829094879033e-01
5.119632472516699728e+00 -7.575891734942841182e-01
5.125921947298660797e+00 7.211062992091902268e-01
5.132211422080622754e+00 8.448428350461461012e-01
5.138500896862583822e+00 1.014337275175827502e+00
5.144790371644545779e+00 -8.100776067617091458e-01
5.151079846426506847e+00 9.162469137114737094e-01
5.157369321208468804e+00 -2.840803400964377889e-01
5.163658795990430761e+00 -3.865316524372415241e-01
5.169948270772391830e+00 -2.460542137525923989e-01
5.176237745554353786e+00 8.111854702266353412e-01
5.182527220336314855e+00 7.199367490580563800e-01
5.188816695118276812e+00 4.890289172061700329e-01
5.195106169900237880e+00 3.904514514611724385e-01
5.201395644682199837e+00 -2.798985744235129580e-01
5.207685119464160906e+00 -5.894129552315209297e-01
5.213974594246122862e+00 7.343677002665696119e-01
5.220264069028083931e+00 4.837353619655515580e-01
5.226553543810045888e+00 9.066869020183372374e-01
5.232843018592006956e+00 6.793734473942900642e-01
5.239132493373968913e+00 -1.495083064832722908e-01
5.245421968155930870e+00 9.066085403311878732e-01
5.251711442937891938e+00 5.356748220492757451e-01
5.258000917719853895e+00 2.834855908679432268e-01
5.264290392501814964e+00 1.329593983332451268e+00
5.270579867283776920e+00 2.332916059275549348e-01
5.276869342065737989e+00 3.305802124843901790e-01
5.283158816847699946e+00 7.635263882826276438e-01
5.289448291629661014e+00 7.061925811676812437e-01
5.295737766411622971e+00 5.323085780990848281e-01
5.302027241193584040e+00 1.293484344013863030e+00
5.308316715975545996e+00 -2.573693396028641223e-01
5.314606190757507953e+00 -4.366263033312692277e-01
5.320895665539469022e+00 -5.702463699710780265e-02
5.327185140321430978e+00 4.460792480574049534e-02
5.333474615103392047e+00 1.083287720906942253e+00
5.339764089885354004e+00 7.389632837742605709e-01
5.346053564667315072e+00 7.897703497008532469e-01
5.352343039449277029e+00 9.653619431081730262e-01
5.358632514231238098e+00 1.341991928560874126e+00
5.364921989013200054e+00 1.503648003418861734e+00
5.371211463795161123e+00 1.723800006475468827e+00
5.377500938577123080e+00 1.463117919652797472e+00
5.383790413359084148e+00 1.189827029705020855e+00
5.390079888141046105e+00 2.154161656497771693e-02
5.396369362923008062e+00 1.872693214881192558e-01
5.402658837704969130e+00 4.735088428910674829e-01
5.408948312486931087e+00 2.152545534358802914e-01
5.415237787268892156e+00 2.525221873238668313e-01
5.421527262050854112e+00 1.630956455371315172e+00
5.427816736832815181e+00 1.484935090662722335e+00
5.434106211614777138e+00 8.073379747423706787e-01
5.440395686396738206e+00 1.748606481653448785e+00
5.446685161178700163e+00 1.630084724246430472e+00
5.452974635960661232e+00 7.309553461358555548e-01
5.459264110742623188e+00 1.473989055803995640e+00
5.465553585524584257e+00 2.017297318001358697e+00
5.471843060306546214e+00 1.422591832285696523e+00
5.478132535088508170e+00 1.741169137303510972e+00
5.484422009870469239e+00 1.796103955088354187e+00
5.490711484652431196e+00 5.088432732106605849e-01
5.497000959434392264e+00 1.380401631044636535e+00
5.503290434216354221e+00 1.907469848512540311e+00
5.509579908998315290e+00 2.314121386421670312e+00
5.515869383780277246e+00 7.126373727152700566e-01
5.522158858562238315e+00 1.535385208559075787e+00
5.528448333344200272e+00 7.009439292356205442e-01
5.534737808126161340e+00 1.143833222486414503e+00
5.541027282908123297e+00 5.963500904421912274e-01
5.547316757690084366e+00 1.380719818907323759e+00
5.553606232472046322e+00 2.372871502427976953e+00
5.559895707254008279e+00 7.136253300742789740e-01
5.566185182035969348e+00 2.079006576098206160e+00
5.572474656817931304e+00 1.109405394191925076e+00
5.578764131599892373e+00 1.981451453186780842e+00
5.585053606381854330e+00 2.333202284413854244e+00
5.591343081163815398e+00 1.688856432468767377e+00
5.597632555945777355e+00 2.400000476260012228e+00
5.603922030727738424e+00 2.441764060472531028e+00
5.610211505509700380e+00 1.205277998792617433e+00
5.616500980291661449e+00 2.146385489893499532e+00
5.622790455073623406e+00 8.438689113427135791e-01
5.629079929855584474e+00 2.379838692903033515e+00
5.635369404637546431e+00 2.564181426053355750e+00
5.641658879419508388e+00 1.184934416723717243e+00
5.647948354201469456e+00 2.240224855740744481e+00
5.654237828983431413e+00 1.764719244363773143e+00
5.660527303765392482e+00 1.549481260069048849e+00
5.666816778547354438e+00 2.358571140805057365e+00
5.673106253329315507e+00 1.201301586985582759e+00
5.679395728111277464e+00 9.421565632958872616e-01
5.685685202893238532e+00 1.791645076635790756e+00
5.691974677675200489e+00 1.446067209174370038e+00
5.698264152457161558e+00 8.305430152639007302e-01
5.704553627239123514e+00 2.131053357158485539e+00
5.710843102021084583e+00 1.650351820559410099e+00
5.717132576803046540e+00 1.839627982573987630e+00
5.723422051585008496e+00 1.832549153860025593e+00
5.729711526366969565e+00 1.151719018230854319e+00
5.736001001148931522e+00 1.855782403086297272e+00
5.742290475930892590e+00 1.037462780506154703e+00
5.748579950712854547e+00 1.500121258848531536e+00
5.754869425494815616e+00 2.166835068485807980e+00
5.761158900276777572e+00 1.105208170785708877e+00
5.767448375058738641e+00 8.866189778013058298e-01
5.773737849840700598e+00 6.547504222081900194e-01
5.780027324622661666e+00 2.175277451718323096e+00
5.786316799404623623e+00 1.150841404439558513e+00
5.792606274186584692e+00 1.070227074426225222e+00
5.798895748968546648e+00 6.651927760725701022e-01
5.805185223750508605e+00 1.521466209819362092e+00
5.811474698532469674e+00 1.986668025233280233e+00
5.817764173314431631e+00 2.216408032067615164e+00
5.824053648096392699e+00 5.084485670380227695e-01
5.830343122878354656e+00 2.202165696870510558e+00
5.836632597660315724e+00 2.008699009876000918e+00
5.842922072442277681e+00 1.238434747037690853e+00
5.849211547224238750e+00 8.418231983923846196e-01
5.855501022006200706e+00 1.811310293937593130e+00
5.861790496788161775e+00 6.288311997692352939e-01
5.868079971570123732e+00 2.677230088682847620e-01
5.874369446352084800e+00 1.264005967657905627e+00
5.880658921134046757e+00 1.820125848951978265e+00
5.886948395916008714e+00 2.030203927942529685e+00
5.893237870697969782e+00 3.501802389105908020e-01
5.899527345479931739e+00 1.222096632312155151e+00
5.905816820261892808e+00 2.972885772074106980e-01
5.912106295043854765e+00 1.168500253985192749e+00
5.918395769825815833e+00 5.531700507075765216e-01
5.924685244607777790e+00 9.253234127133236342e-01
5.930974719389738858e+00 8.753830588326261264e-01
5.937264194171700815e+00 3.802110456848967202e-01
5.943553668953661884e+00 1.149075711236978492e+00
5.949843143735623840e+00 7.022000536175101448e-01
5.956132618517584909e+00 7.149598256874628577e-02
5.962422093299546866e+00 7.638366400438134640e-01
5.968711568081508823e+00 7.736625956396836479e-02
5.975001042863469891e+00 1.323674915070996994e+00
5.981290517645431848e+00 -5.676669641527027910e-01
5.987579992427392916e+00 3.822542886000428464e-01
5.993869467209354873e+00 -4.977507491931776329e-02
6.000158941991315942e+00 8.711182557285759298e-01
6.006448416773277899e+00 1.160583385887663299e+00
6.012737891555238967e+00 -3.511465769293995454e-01
6.019027366337200924e+00 -7.964863428549600055e-01
6.025316841119161992e+00 5.175375294416513228e-01
6.031606315901123949e+00 3.088785476313642420e-01
6.037895790683085906e+00 -1.999015275823594617e-01
6.044185265465046974e+00 3.098747081259300984e-01
6.050474740247008931e+00 8.244465372123404023e-01
6.056764215028970000e+00 -8.145257771398584090e-02
6.063053689810931957e+00 -3.335425072311568595e-01
6.069343164592893025e+00 -2.125951195723616571e-01
6.075632639374854982e+00 -1.010501762782900492e+00
6.081922114156816050e+00 -2.145975361864396191e-01
6.088211588938778007e+00 2.837942013606491454e-01
6.094501063720739076e+00 2.750926257348065285e-01
6.100790538502701033e+00 -8.598858901466153171e-01
6.107080013284662101e+00 2.328124284048953552e-01
6.113369488066624058e+00 -6.249739141565342493e-01
6.119658962848586015e+00 -1.128998826325922078e+00
6.125948437630547083e+00 -1.029858647605730759e+00
6.132237912412509040e+00 -3.703092812852304405e-03
6.138527387194470109e+00 -1.710160019086435002e+00
6.144816861976432065e+00 -1.570192401549447059e+00
6.151106336758393134e+00 -3.112289130450012209e-01
6.157395811540355091e+00 -8.472957005802295161e-01
6.163685286322316159e+00 -1.614765927135804358e+00
6.169974761104278116e+00 -1.275065058811476915e+00
6.176264235886239184e+00 -1.019640422017187742e+00
6.182553710668201141e+00 -2.209431298072168648e-01
6.188843185450162210e+00 -1.930074756144438242e+00
6.195132660232124167e+00 -1.271339352177944804e-01
6.201422135014086123e+00 -4.613591833526229369e-01
6.207711609796047192e+00 -8.774722049582279748e-01
6.214001084578009149e+00 -2.220988192447790333e-01
6.220290559359970217e+00 -8.785909907803526320e-01
6.226580034141932174e+00 -2.367654306102919826e-01
6.232869508923893243e+00 -1.158282208942595481e+00
6.239158983705855199e+00 -4.589686254287828060e-01
6.245448458487816268e+00 -6.933813792531244857e-01
6.251737933269778225e+00 -1.259660038842067342e+00
6.258027408051739293e+00 -8.049405980880868228e-01
6.264316882833701250e+00 -1.945583117625062641e+00
6.270606357615662318e+00 -7.978473959735956633e-01
6.276895832397624275e+00 -2.689995923550232426e-01
6.283185307179586232e+00 -2.506806165742518910e-01
