0.000000000000000000e+00 2.916371660818746214e-01
6.289474781961547356e-03 1.539270983633155843e-01
1.257894956392309471e-02 6.421017692998050030e-01
1.886842434588464207e-02 -1.578567149132322767e-01
2.515789912784618942e-02 8.184718913791284578e-01
3.144737390980773678e-02 -7.706331754564349490e-02
3.773684869176928414e-02 8.781990702776338864e-01
4.402632347373083149e-02 6.481433301049397411e-01
5.031579825569237885e-02 5.205649153434535048e-01
5.660527303765392620e-02 6.929859265882977182e-01
6.289474781961547356e-02 -2.483801216405856493e-01
6.918422260157702786e-02 7.554735393531084586e-01
7.547369738353856827e-02 9.358106218529806952e-01
8.176317216550010869e-02 4.016438233737844032e-01
8.805264694746166299e-02 -3.261738831405636696e-01
9.434212172942321728e-02 6.819669434901436400e-01
1.006315965113847577e-01 1.223742159800286666e+00
1.069210712933462981e-01 1.204317480826179843e+00
1.132105460753078524e-01 5.458479869613952484e-02
1.195000208572694067e-01 4.430569490814736944e-01
1.257894956392309471e-01 3.796785391671004262e-01
1.320789704211924875e-01 1.571476381993286875e+00
1.383684452031540557e-01 -1.497125839464650277e-01
1.446579199851155961e-01 8.010431757582821000e-01
1.509473947670771365e-01 2.459556246045961347e-01
1.572368695490386770e-01 4.434939755627993474e-01
1.635263443310002174e-01 4.835001942650934970e-01
1.698158191129617856e-01 -1.254973420667083728e-01
1.761052938949233260e-01 -1.594621090387537965e-01
1.823947686768848664e-01 -3.331058917749496473e-02
1.886842434588464346e-01 1.584835774564462563e-01
1.949737182408079750e-01 1.553243380319987432e+00
2.012631930227695154e-01 1.447275040894365206e-01
2.075526678047310558e-01 1.317356703901316983e+00
2.138421425866925962e-01 1.129875105663498136e+00
2.201316173686541644e-01 -2.490451405729374734e-01
2.264210921506157048e-01 1.436226848769770026e+00
2.327105669325772452e-01 1.463462191988837979e+00
2.390000417145388134e-01 8.724934322825270705e-01
2.452895164965003538e-01 1.617356539034263463e+00
2.515789912784618942e-01 3.815285900628573312e-01
2.578684660604234624e-01 1.583531739509390412e+00
2.641579408423849751e-01 6.922883468201573853e-01
2.704474156243465433e-01 -3.325431440177051279e-02
2.767368904063081114e-01 9.882147723108061221e-01
2.830263651882696241e-01 8.120341547182577946e-01
2.893158399702311923e-01 1.466496616052630930e+00
2.956053147521927049e-01 1.202334329529107126e+00
3.018947895341542731e-01 7.961749250855003623e-01
3.081842643161158413e-01 1.231522235601771431e+00
3.144737390980773539e-01 9.586325251775973388e-01
3.207632138800389221e-01 3.284192007777074762e-01
3.270526886620004348e-01 1.358548017514244588e+00
3.333421634439620029e-01 4.368123454414837292e-01
3.396316382259235711e-01 7.508157265017199045e-01
3.459211130078850838e-01 1.022117555418252666e+00
3.522105877898466519e-01 9.258425371850584895e-01
3.585000625718082201e-01 -1.735517762099346717e-01
3.647895373537697328e-01 -3.527723981334984771e-02
3.710790121357313009e-01 5.402251610230770495e-01
3.773684869176928691e-01 -5.326160175759273585e-01
3.836579616996543818e-01 1.200554141572875100e+00
3.899474364816159500e-01 1.044260603356470529e-01
3.962369112635774626e-01 1.148939154447639277e+00
4.025263860455390308e-01 1.284245165373872233e+00
4.088158608275005990e-01 2.706924685153991872e-01
4.151053356094621116e-01 -4.734332021772469368e-01
4.213948103914236798e-01 9.229214251609207942e-02
4.276842851733851925e-01 5.376118283728936742e-02
4.339737599553467606e-01 2.834298820252252327e-01
4.402632347373083288e-01 9.059069257409912979e-02
4.465527095192698415e-01 1.548974386695276539e-01
4.528421843012314096e-01 -5.089455954506691970e-01
4.591316590831929778e-01 1.042875340824394481e+00
4.654211338651544905e-01 -2.093518502546598548e-01
4.717106086471160586e-01 -2.761012125202685352e-01
4.780000834290776268e-01 1.012173084429248249e+00
4.842895582110391395e-01 -9.225003393878544733e-01
4.905790329930007077e-01 -8.060720744711840080e-01
4.968685077749622203e-01 -9.598317810442269504e-01
5.031579825569237885e-01 2.732210098405623011e-01
5.094474573388853011e-01 6.664122101110045993e-01
5.157369321208469248e-01 -1.461576795604178081e-01
5.220264069028084375e-01 7.633895941318027401e-01
5.283158816847699502e-01 3.227822202736323476e-01
5.346053564667315738e-01 -9.343003961316556083e-01
5.408948312486930865e-01 6.678965283261488750e-01
5.471843060306545992e-01 3.892240563782114471e-01
5.534737808126162228e-01 1.111360572691502124e-01
5.597632555945777355e-01 -5.969698801378116038e-01
5.660527303765392482e-01 -4.374345140587487801e-01
5.723422051585007608e-01 4.943433445042608732e-01
5.786316799404623845e-01 -8.571091942953756870e-02
5.849211547224238972e-01 -1.396899141360121721e-01
5.912106295043854098e-01 -2.220315459047175199e-01
5.975001042863470335e-01 -7.262168583648329623e-01
6.037895790683085462e-01 7.412658697917104966e-01
6.100790538502700588e-01 6.910792986136495841e-01
6.163685286322316825e-01 -6.802122981638991650e-01
6.226580034141931952e-01 -6.425629051534378355e-01
6.289474781961547079e-01 4.157159132231780241e-02
6.352369529781163315e-01 3.287848546129230609e-01
6.415264277600778442e-01 -9.083262896309809431e-01
6.478159025420393569e-01 -1.060448319187768051e+00
6.541053773240008695e-01 2.091508227166127831e-02
6.603948521059624932e-01 8.559620627496666856e-02
6.666843268879240059e-01 -9.470162949709148847e-01
6.729738016698855185e-01 -7.338818571254885903e-01
6.792632764518471422e-01 -1.098712854131583816e+00
6.855527512338086549e-01 1.696684778537238536e-02
6.918422260157701675e-01 -4.983350577774716683e-01
6.981317007977317912e-01 7.107823336702949746e-01
7.044211755796933039e-01 2.082972445155129027e-01
7.107106503616548165e-01 -6.011739632498607211e-01
7.170001251436164402e-01 -4.114126052683213519e-01
7.232895999255779529e-01 -1.529306168182478221e-01
7.295790747075394655e-01 4.446636896956606133e-01
7.358685494895010892e-01 -1.038330190445223566e+00
7.421580242714626019e-01 -9.998959652081276239e-01
7.484474990534241146e-01 -1.008044692511764762e+00
7.547369738353857382e-01 -6.302076262477740443e-02
7.610264486173472509e-01 2.112617166143586633e-01
7.673159233993087636e-01 -4.985971190734654890e-01
7.736053981812702762e-01 3.699979793864021094e-01
7.798948729632318999e-01 7.778743109634591590e-01
7.861843477451934126e-01 -6.824262842259114503e-01
7.924738225271549252e-01 1.255315466561683913e-01
7.987632973091165489e-01 7.453455653010834236e-01
8.050527720910780616e-01 -8.343665016679773228e-01
8.113422468730395742e-01 6.130696124647954104e-01
8.176317216550011979e-01 5.560067742634666743e-01
8.239211964369627106e-01 9.398018190524266569e-01
8.302106712189242232e-01 1.018270063988886198e+00
8.365001460008858469e-01 3.521172350649477423e-01
8.427896207828473596e-01 -9.030291822245400946e-01
8.490790955648088723e-01 -5.406301031160956061e-01
8.553685703467703849e-01 9.074644979444648207e-01
8.616580451287320086e-01 -6.239584276525045325e-01
8.679475199106935213e-01 2.468259541044557359e-01
8.742369946926550339e-01 2.355266513929210603e-01
8.805264694746166576e-01 8.744697749169823009e-01
8.868159442565781703e-01 -5.192371112048610460e-01
8.931054190385396829e-01 2.961805019968666297e-01
8.993948938205013066e-01 1.155783719716788394e+00
9.056843686024628193e-01 7.221858881437015487e-01
9.119738433844243319e-01 -2.021906283382970404e-01
9.182633181663859556e-01 9.373531550583313887e-01
9.245527929483474683e-01 1.012612980426601306e+00
9.308422677303089809e-01 5.631416153227971622e-01
9.371317425122706046e-01 4.542565796337937889e-01
9.434212172942321173e-01 4.867781205007819523e-01
9.497106920761936300e-01 1.439688331468376714e-01
9.560001668581552536e-01 1.036600697540359661e+00
9.622896416401167663e-01 7.089061374780198932e-01
9.685791164220782790e-01 1.486836748527980978e+00
9.748685912040397916e-01 1.115510012927426242e+00
9.811580659860014153e-01 1.287129103078044956e+00
9.874475407679629280e-01 1.615022789337379860e+00
9.937370155499244406e-01 1.471554337429846093e+00
1.000026490331886064e+00 4.786491843917184963e-01
1.006315965113847577e+00 8.792043786866157173e-01
1.012605439895809090e+00 1.017914358932165531e+00
1.018894914677770602e+00 1.738821266036824964e+00
1.025184389459732115e+00 1.927109154202237828e+00
1.031473864241693850e+00 6.458982995637849722e-01
1.037763339023655362e+00 1.842393064871424180e+00
1.044052813805616875e+00 1.040891911377672674e+00
1.050342288587578388e+00 1.791364180709937859e+00
1.056631763369539900e+00 1.734912335467262423e+00
1.062921238151501413e+00 1.840520962402442784e+00
1.069210712933463148e+00 1.744121209665548733e+00
1.075500187715424660e+00 9.954288095311818463e-01
1.081789662497386173e+00 7.620692424475139504e-01
1.088079137279347686e+00 1.269715652286848018e+00
1.094368612061309198e+00 8.377908160004354787e-01
1.100658086843270711e+00 2.533174890640607746e+00
1.106947561625232446e+00 1.177634298858754924e+00
1.113237036407193958e+00 1.466423236897820948e+00
1.119526511189155471e+00 1.874712567961577925e+00
1.125815985971116984e+00 7.346577842024979432e-01
1.132105460753078496e+00 2.384568325627789420e+00
1.138394935535040009e+00 1.692180485630500719e+00
1.144684410317001522e+00 1.972933554280983603e+00
1.150973885098963256e+00 1.727992218725698192e+00
1.157263359880924769e+00 1.065652907541846606e+00
1.163552834662886282e+00 1.950102302661615328e+00
1.169842309444847794e+00 1.035640767196497336e+00
1.176131784226809307e+00 1.126253420014691642e+00
1.182421259008770820e+00 2.589212131735267874e+00
1.188710733790732554e+00 1.745357995354903657e+00
1.195000208572694067e+00 2.811110828450150478e+00
1.201289683354655580e+00 1.812369407675560318e+00
1.207579158136617092e+00 2.700121172723729757e+00
1.213868632918578605e+00 2.114476869917636837e+00
1.220158107700540118e+00 1.477894097558035691e+00
1.226447582482501630e+00 2.798694324663493660e+00
1.232737057264463365e+00 2.400605549493684876e+00
1.239026532046424878e+00 3.082961940523436084e+00
1.245316006828386390e+00 2.969234130553866535e+00
1.251605481610347903e+00 2.722729329238220863e+00
1.257894956392309416e+00 2.188630967279878270e+00
1.264184431174270928e+00 1.166505301576946652e+00
1.270473905956232663e+00 2.445568089724157623e+00
1.276763380738194176e+00 2.402740595828573245e+00
1.283052855520155688e+00 1.526266305593175554e+00
1.289342330302117201e+00 2.298883714144570156e+00
1.295631805084078714e+00 1.551610632496204678e+00
1.301921279866040226e+00 2.101728624968016490e+00
1.308210754648001739e+00 2.023567209001756240e+00
1.314500229429963474e+00 2.423963528842397075e+00
1.320789704211924986e+00 3.019818682539897825e+00
1.327079178993886499e+00 2.353357573059806640e+00
1.333368653775848012e+00 1.847650974808412006e+00
1.339658128557809524e+00 2.388772262212635500e+00
1.345947603339771037e+00 2.316727754747102797e+00
1.352237078121732772e+00 1.778916314610352822e+00
1.358526552903694284e+00 1.557135064802906754e+00
1.364816027685655797e+00 1.900638960275478295e+00
1.371105502467617310e+00 1.846843888337852846e+00
1.377394977249578822e+00 1.673418890461113806e+00
1.383684452031540335e+00 1.238751973927526784e+00
1.389973926813502070e+00 2.855386186892211242e+00
1.396263401595463582e+00 1.430936462873538151e+00
1.402552876377425095e+00 2.470131915167905312e+00
1.408842351159386608e+00 2.734964981787403993e+00
1.415131825941348120e+00 1.747208801777088594e+00
1.421421300723309633e+00 9.818676333650475652e-01
1.427710775505271146e+00 1.238499144899628757e+00
1.434000250287232880e+00 1.125291199144160759e+00
1.440289725069194393e+00 1.936778903821507303e+00
1.446579199851155906e+00 2.081600136207399920e+00
1.452868674633117418e+00 2.537045281145627662e+00
1.459158149415078931e+00 1.157646705634603590e+00
1.465447624197040444e+00 1.004267200894071177e+00
1.471737098979002178e+00 2.225958919338045128e+00
1.478026573760963691e+00 1.121060016161077755e+00
1.484316048542925204e+00 2.362394491374525618e+00
1.490605523324886716e+00 1.043091467549170703e+00
1.496894998106848229e+00 6.251963653460315129e-01
1.503184472888809742e+00 2.155053191492147135e+00
1.509473947670771476e+00 2.244569301055349797e+00
1.515763422452732989e+00 1.493322914192265038e+00
1.522052897234694502e+00 9.579807345529487428e-01
1.528342372016656014e+00 1.689256498881625435e+00
1.534631846798617527e+00 1.613358689462321971e-01
1.540921321580579040e+00 1.249055707082778133e+00
1.547210796362540552e+00 -2.150166006346063141e-02
1.553500271144502287e+00 1.733170112110213879e+00
1.559789745926463800e+00 1.798351620235502546e+00
1.566079220708425312e+00 7.056094587368584303e-01
1.572368695490386825e+00 4.121684767032368635e-02
1.578658170272348338e+00 -1.391607097470565213e-01
1.584947645054309850e+00 -1.891646366008248314e-03
1.591237119836271585e+00 8.258915411906346815e-01
1.597526594618233098e+00 3.044498603057738673e-01
1.603816069400194610e+00 5.657093566123072570e-01
1.610105544182156123e+00 2.355117133366597670e-01
1.616395018964117636e+00 9.696299432451960243e-02
1.622684493746079148e+00 3.195571933354033334e-01
1.628973968528040661e+00 5.900088784762248517e-01
1.635263443310002396e+00 -2.505952327186125039e-01
1.641552918091963909e+00 9.618294949753808387e-01
1.647842392873925421e+00 7.432208013658148094e-01
1.654131867655886934e+00 -5.726928677787259669e-01
1.660421342437848446e+00 2.866977213219015219e-01
1.666710817219809959e+00 -7.678805606294614172e-02
1.673000292001771694e+00 -1.673709156703981904e-01
1.679289766783733207e+00 -2.271142015301439443e-01
1.685579241565694719e+00 4.848278204884661768e-01
1.691868716347656232e+00 -8.173959748951000748e-01
1.698158191129617745e+00 -1.287688454230937474e+00
1.704447665911579257e+00 5.529181047979814245e-01
1.710737140693540770e+00 -8.964291246366882238e-01
1.717026615475502505e+00 1.357572811718690264e-01
1.723316090257464017e+00 -1.383469133349673141e+00
1.729605565039425530e+00 2.259471933577552605e-01
1.735895039821387043e+00 -2.145220559551361816e-01
1.742184514603348555e+00 -9.959928031514257984e-01
1.748473989385310068e+00 -1.617764048950883549e+00
1.754763464167271803e+00 -8.999319241162424543e-01
1.761052938949233315e+00 -1.018817723558786970e+00
1.767342413731194828e+00 -1.434351275289029948e+00
1.773631888513156341e+00 -1.632075158209741028e+00
1.779921363295117853e+00 -6.663361607921416407e-01
1.786210838077079366e+00 -9.921123611030020495e-01
1.792500312859041101e+00 -9.519279442053614204e-01
1.798789787641002613e+00 -1.383555103965314226e+00
1.805079262422964126e+00 -1.215912885235071350e+00
1.811368737204925639e+00 -1.103047468384759089e-01
1.817658211986887151e+00 -7.153239829706592445e-02
1.823947686768848664e+00 -1.234248184839111584e+00
1.830237161550810177e+00 -2.442686402223928077e-01
1.836526636332771911e+00 -2.413945520907330167e-01
1.842816111114733424e+00 -1.381329072796881885e+00
1.849105585896694937e+00 -3.856082709326895674e-01
1.855395060678656449e+00 -5.243857139816330282e-01
1.861684535460617962e+00 -2.828974507490786827e-01
1.867974010242579475e+00 -4.527806722173559617e-01
1.874263485024541209e+00 -1.513098667466132863e-01
1.880552959806502722e+00 -4.984156263551478006e-01
1.886842434588464235e+00 -1.511161962573250861e+00
1.893131909370425747e+00 -1.726136574736821361e+00
1.899421384152387260e+00 -1.514854364559209188e+00
1.905710858934348773e+00 -7.247590862254302824e-01
1.912000333716310507e+00 -1.476524565989889792e+00
1.918289808498272020e+00 -1.092613199200357155e+00
1.924579283280233533e+00 -3.719953753343785419e-01
1.930868758062195045e+00 -1.952859341271831584e+00
1.937158232844156558e+00 -1.496512627503297166e+00
1.943447707626118071e+00 -1.695817315432699424e+00
1.949737182408079583e+00 -1.364571775521148833e+00
1.956026657190041318e+00 -1.400954325765028541e+00
1.962316131972002831e+00 -1.395680785081361730e+00
1.968605606753964343e+00 -1.190291177139096046e+00
1.974895081535925856e+00 -3.257417997378575514e-01
1.981184556317887369e+00 -1.122274643980053943e+00
1.987474031099848881e+00 -2.320324716421393596e-01
1.993763505881810616e+00 -1.106045589599871981e+00
2.000052980663772129e+00 -7.929212951546962262e-01
2.006342455445733641e+00 -1.254283105988729607e+00
2.012631930227695154e+00 1.607693505978038395e-01
2.018921405009656667e+00 2.122130978284457736e-01
2.025210879791618179e+00 -1.397666745659385423e+00
2.031500354573579692e+00 -1.277486768999152922e+00
2.037789829355541205e+00 -9.487559166131041000e-01
2.044079304137502717e+00 -1.495121009599908124e+00
2.050368778919464230e+00 3.534405872885704181e-01
2.056658253701426187e+00 -1.121219322417196906e+00
2.062947728483387699e+00 5.608835812742505311e-01
2.069237203265349212e+00 1.486436824577721527e-01
2.075526678047310725e+00 -1.130935447966724405e+00
2.081816152829272237e+00 4.943663773233717418e-01
2.088105627611233750e+00 -9.158190613870331731e-01
2.094395102393195263e+00 -1.792800143713522143e-01
2.100684577175156775e+00 1.134838190976577010e-01
2.106974051957118288e+00 3.445130131098016468e-01
2.113263526739079801e+00 -1.867282628185503723e-01
2.119553001521041313e+00 9.345904134340963232e-01
2.125842476303002826e+00 -3.723129896326621280e-01
2.132131951084964339e+00 -5.086842798980326652e-01
2.138421425866926295e+00 4.771573101033756981e-01
2.144710900648887808e+00 3.370073988833999223e-02
2.151000375430849321e+00 -1.758210088075924382e-01
2.157289850212810833e+00 -4.758953956673315222e-01
2.163579324994772346e+00 8.081906984620274015e-02
2.169868799776733859e+00 -3.639804399610100383e-01
2.176158274558695371e+00 1.008649988662222441e-01
2.182447749340656884e+00 5.809223363394756534e-01
2.188737224122618397e+00 6.470996132127551093e-01
2.195026698904579909e+00 8.204323959831918422e-01
2.201316173686541422e+00 9.315709550783122239e-01
2.207605648468502935e+00 1.453558649802895841e+00
2.213895123250464891e+00 1.192490680401279146e+00
2.220184598032426404e+00 1.061941700817514267e+00
2.226474072814387917e+00 9.708327437043366981e-01
2.232763547596349429e+00 1.930287138992114349e+00
2.239053022378310942e+00 1.494035405650839143e+00
2.245342497160272455e+00 1.370784447075317880e+00
2.251631971942233967e+00 5.234777259678162764e-01
2.257921446724195480e+00 1.292236142747284600e+00
2.264210921506156993e+00 6.071640210781199531e-01
2.270500396288118505e+00 2.404629010422699054e+00
2.276789871070080018e+00 2.222517787212110907e+00
2.283079345852041531e+00 2.377345036966709735e+00
2.289368820634003043e+00 2.547690792340505439e+00
2.295658295415965000e+00 2.453738418327295001e+00
2.301947770197926513e+00 2.447034456553839110e+00
2.308237244979888025e+00 2.106718275800464113e+00
2.314526719761849538e+00 2.678794915297466606e+00
2.320816194543811051e+00 1.693561540216328209e+00
2.327105669325772563e+00 1.309362428352728314e+00
2.333395144107734076e+00 2.456135415883093920e+00
2.339684618889695589e+00 2.022567520635183413e+00
2.345974093671657101e+00 2.081506468796625597e+00
2.352263568453618614e+00 1.428391297225491741e+00
2.358553043235580127e+00 1.507455745353081689e+00
2.364842518017541639e+00 2.350119797084381901e+00
2.371131992799503152e+00 2.739790513597601063e+00
2.377421467581465109e+00 2.874322006868541557e+00
2.383710942363426621e+00 2.255333397413073815e+00
2.390000417145388134e+00 2.481421405116411627e+00
2.396289891927349647e+00 3.456827146439580112e+00
2.402579366709311159e+00 2.499186621908941142e+00
2.408868841491272672e+00 3.120028017882305882e+00
2.415158316273234185e+00 1.881430772161526210e+00
2.421447791055195697e+00 1.833930445898885875e+00
2.427737265837157210e+00 1.959158020679518053e+00
2.434026740619118723e+00 2.534693411760647663e+00
2.440316215401080235e+00 3.471539749697291732e+00
2.446605690183041748e+00 2.968412497211318168e+00
2.452895164965003261e+00 2.598462263795327409e+00
2.459184639746965217e+00 2.019531994048230583e+00
2.465474114528926730e+00 2.445899588983542206e+00
2.471763589310888243e+00 2.303576921069595329e+00
2.478053064092849755e+00 2.982525932155680959e+00
2.484342538874811268e+00 2.642719283564438193e+00
2.490632013656772781e+00 3.016374063349517520e+00
2.496921488438734293e+00 2.697043574696147417e+00
2.503210963220695806e+00 2.024320630047085068e+00
2.509500438002657319e+00 3.652673655724719026e+00
2.515789912784618831e+00 2.931854841581056803e+00
2.522079387566580344e+00 2.081224543522757209e+00
2.528368862348541857e+00 2.836463785031297924e+00
2.534658337130503369e+00 3.186707280358325178e+00
2.540947811912465326e+00 3.852383541505583597e+00
2.547237286694426839e+00 3.879120023829925934e+00
2.553526761476388351e+00 3.015115578014450737e+00
2.559816236258349864e+00 3.054891767166055594e+00
2.566105711040311377e+00 2.086138542704331744e+00
2.572395185822272889e+00 3.622017968835009150e+00
2.578684660604234402e+00 2.523258754046842078e+00
2.584974135386195915e+00 2.860252959848332388e+00
2.591263610168157427e+00 3.393679177963308646e+00
2.597553084950118940e+00 2.234617696056998337e+00
2.603842559732080453e+00 2.927615168544068780e+00
2.610132034514041965e+00 3.272876152292494289e+00
2.616421509296003478e+00 1.817031098652530874e+00
2.622710984077965435e+00 2.020357377624031781e+00
2.629000458859926947e+00 3.317985446206822786e+00
2.635289933641888460e+00 2.183261821330614527e+00
2.641579408423849973e+00 2.903809320355109413e+00
2.647868883205811485e+00 1.693526526858890602e+00
2.654158357987772998e+00 1.499405790249090265e+00
2.660447832769734511e+00 2.267959173599293443e+00
2.666737307551696023e+00 2.849811006822616122e+00
2.673026782333657536e+00 3.241407208233312076e+00
2.679316257115619049e+00 3.216961222949475285e+00
2.685605731897580561e+00 2.063190189858424617e+00
2.691895206679542074e+00 2.194847461807835742e+00
2.698184681461504031e+00 1.739352643464690873e+00
2.704474156243465544e+00 2.739760132954078387e+00
2.710763631025427056e+00 2.309552457062584274e+00
2.717053105807388569e+00 2.710241626529782621e+00
2.723342580589350082e+00 2.831356877320554410e+00
2.729632055371311594e+00 2.812875366378026598e+00
2.735921530153273107e+00 1.822469691948993997e+00
2.742211004935234619e+00 1.590713459621931669e+00
2.748500479717196132e+00 1.472214066477307348e+00
2.754789954499157645e+00 2.433921398722934892e+00
2.761079429281119157e+00 1.673611088192792362e+00
2.767368904063080670e+00 1.346815779664588542e+00
2.773658378845042183e+00 1.733413996444268523e+00
2.779947853627004140e+00 1.232062960634340509e+00
2.786237328408965652e+00 1.890297288544381837e+00
2.792526803190927165e+00 4.430939213619332073e-01
2.798816277972888678e+00 1.287245117446555343e+00
2.805105752754850190e+00 1.198913560203350048e+00
2.811395227536811703e+00 6.837122745395496359e-01
2.817684702318773216e+00 7.582173121155880713e-01
2.823974177100734728e+00 1.938503561783908591e+00
2.830263651882696241e+00 9.143246698180664822e-01
2.836553126664657754e+00 8.895803912203462671e-01
2.842842601446619266e+00 9.808736911089170896e-01
2.849132076228580779e+00 1.444015860374938010e+00
2.855421551010542291e+00 2.514311114507912781e-01
2.861711025792504248e+00 1.613044317022256813e+00
2.868000500574465761e+00 1.883733862726790220e-01
2.874289975356427274e+00 4.043893509804301623e-01
2.880579450138388786e+00 1.324454832836874374e+00
2.886868924920350299e+00 -2.723350111011481056e-01
2.893158399702311812e+00 2.274194169123876508e-01
2.899447874484273324e+00 -6.499535771092179726e-01
2.905737349266234837e+00 7.613334187311570078e-01
2.912026824048196350e+00 -3.107525639294452802e-01
2.918316298830157862e+00 9.401761842139155778e-01
2.924605773612119375e+00 4.067272570531409448e-01
2.930895248394080888e+00 3.991836839352538302e-01
2.937184723176042400e+00 5.807794335458691393e-01
2.943474197958004357e+00 -1.945565694133442047e-01
2.949763672739965870e+00 -5.349000600038340547e-01
2.956053147521927382e+00 5.880481180366896599e-01
2.962342622303888895e+00 -4.286729538746270052e-02
2.968632097085850408e+00 -5.780454049201615430e-01
2.974921571867811920e+00 -4.533942083327986428e-01
2.981211046649773433e+00 5.324590009304861482e-01
2.987500521431734946e+00 -7.798006522270644059e-01
2.993789996213696458e+00 -1.238170085655305286e+00
3.000079470995657971e+00 2.447833424932495117e-01
3.006368945777619484e+00 4.916311544485034712e-01
3.012658420559580996e+00 -2.596797032086739510e-01
3.018947895341542953e+00 -9.318757627422589174e-01
3.025237370123504466e+00 3.587783296740756356e-01
3.031526844905465978e+00 -3.264730070795538452e-01
3.037816319687427491e+00 1.029216702211486201e-01
3.044105794469389004e+00 -3.119861680140607607e-01
3.050395269251350516e+00 -1.105536697302428761e+00
3.056684744033312029e+00 -6.931761430250089617e-01
3.062974218815273542e+00 -6.622827361207968000e-01
3.069263693597235054e+00 -7.728273939337788612e-01
3.075553168379196567e+00 -8.677608946391868194e-01
3.081842643161158080e+00 -7.657356315241596878e-01
3.088132117943119592e+00 -2.802319540215949534e-01
3.094421592725081105e+00 -1.036206942684198662e+00
3.100711067507043062e+00 -5.703754692670164328e-01
3.107000542289004574e+00 -1.109562198110554787e+00
3.113290017070966087e+00 -5.728618952626174377e-01
3.119579491852927600e+00 -1.355613147027304510e+00
3.125868966634889112e+00 -3.757331335647187132e-01
3.132158441416850625e+00 -1.711599030354737927e+00
3.138447916198812138e+00 -1.598863262376393424e+00
3.144737390980773650e+00 -3.582721305565730319e-01
3.151026865762735163e+00 -1.612278814527681403e+00
3.157316340544696676e+00 -1.636916225656168677e+00
3.163605815326658188e+00 -6.280610364701892934e-01
3.169895290108619701e+00 1.092320374329720511e-01
3.176184764890581214e+00 -6.783626086302008140e-02
3.182474239672543170e+00 -1.115509045397563570e+00
3.188763714454504683e+00 -2.832867483984331525e-01
3.195053189236466196e+00 -9.083213507043341739e-01
3.201342664018427708e+00 -5.928379685631652851e-01
3.207632138800389221e+00 -1.297374750042708857e+00
3.213921613582350734e+00 -6.365221325263390462e-01
3.220211088364312246e+00 -6.677944630870700227e-01
3.226500563146273759e+00 -7.982203160410428211e-04
3.232790037928235272e+00 -1.273392565386051833e+00
3.239079512710196784e+00 -8.191676381674077856e-01
3.245368987492158297e+00 -6.806139329288383166e-01
3.251658462274119810e+00 3.099248238450580395e-02
3.257947937056081322e+00 -1.238307870237112418e+00
3.264237411838043279e+00 -3.322954203568913023e-01
3.270526886620004792e+00 -7.110938301894125235e-01
3.276816361401966304e+00 -8.914845663628032657e-01
3.283105836183927817e+00 -6.911910484830869894e-01
3.289395310965889330e+00 -4.299765924000360506e-01
3.295684785747850842e+00 3.421116540765740677e-01
3.301974260529812355e+00 3.791479010318337117e-01
3.308263735311773868e+00 6.186688571764475952e-01
3.314553210093735380e+00 -6.992967031609120809e-01
3.320842684875696893e+00 8.703560178779421452e-01
3.327132159657658406e+00 -9.438470737337517624e-01
3.333421634439619918e+00 3.686789837812436410e-01
3.339711109221581431e+00 4.409411214674384683e-01
3.346000584003543388e+00 6.212972223439727770e-02
3.352290058785504900e+00 7.799490274241391852e-01
3.358579533567466413e+00 -3.742030039490740201e-02
3.364869008349427926e+00 -1.652239139289970460e-01
3.371158483131389438e+00 2.597118421384360110e-01
3.377447957913350951e+00 -1.247854166104165330e-01
3.383737432695312464e+00 1.097375757875991287e+00
3.390026907477273976e+00 9.255313563082248063e-01
3.396316382259235489e+00 1.902960279779370434e-01
3.402605857041197002e+00 1.188226396424911568e+00
3.408895331823158514e+00 1.799700885944209849e-01
3.415184806605120027e+00 -6.462418334828556876e-02
3.421474281387081540e+00 1.047335958952842372e+00
3.427763756169043496e+00 7.108883661663047970e-01
3.434053230951005009e+00 1.084079762023465454e+00
3.440342705732966522e+00 -9.791824628937184638e-03
3.446632180514928034e+00 1.859167570950147175e+00
3.452921655296889547e+00 2.531858766161585450e-01
3.459211130078851060e+00 1.545771230672791985e+00
3.465500604860812572e+00 1.080500029082033908e+00
3.471790079642774085e+00 2.091704186957548672e-01
3.478079554424735598e+00 1.595531255147794480e+00
3.484369029206697110e+00 1.214246591573337586e+00
3.490658503988658623e+00 1.555772398456952255e+00
3.496947978770620136e+00 4.992989369649756815e-01
3.503237453552582092e+00 2.023151069809320024e+00
3.509526928334543605e+00 1.906546772559814418e+00
3.515816403116505118e+00 2.006248423132640291e+00
3.522105877898466630e+00 1.877255759883667663e+00
3.528395352680428143e+00 1.685217144015416890e+00
3.534684827462389656e+00 1.858260378730306250e+00
3.540974302244351168e+00 8.743923296395486044e-01
3.547263777026312681e+00 7.150472533149418997e-01
3.553553251808274194e+00 1.112183089486131315e+00
3.559842726590235706e+00 2.435013865872408978e+00
3.566132201372197219e+00 1.459532249239375634e+00
3.572421676154158732e+00 1.906967965818538335e+00
3.578711150936120244e+00 1.667230756010277037e+00
3.585000625718082201e+00 1.059282737673915786e+00
3.591290100500043714e+00 1.960602568591610417e+00
3.597579575282005226e+00 1.648532499222216341e+00
3.603869050063966739e+00 1.724521802076552479e+00
3.610158524845928252e+00 2.065168014227726889e+00
3.616447999627889764e+00 2.431283784017406191e+00
3.622737474409851277e+00 2.181658867775071453e+00
3.629026949191812790e+00 1.007880151475180286e+00
3.635316423973774302e+00 2.960794800672833293e+00
3.641605898755735815e+00 1.725906904833412359e+00
3.647895373537697328e+00 1.038329217717751662e+00
3.654184848319658840e+00 1.829869750050656885e+00
3.660474323101620353e+00 2.772861515706985358e+00
3.666763797883582310e+00 2.771391908967389739e+00
3.673053272665543822e+00 2.484215618778529588e+00
3.679342747447505335e+00 1.234853690446784391e+00
3.685632222229466848e+00 2.037401958102378785e+00
3.691921697011428360e+00 1.681539813189750099e+00
3.698211171793389873e+00 1.408362691636672714e+00
3.704500646575351386e+00 2.193643070476856138e+00
3.710790121357312898e+00 2.435336876506960735e+00
3.717079596139274411e+00 2.966444778637373325e+00
3.723369070921235924e+00 2.499793859333137913e+00
3.729658545703197436e+00 2.396398398461571766e+00
3.735948020485158949e+00 1.275249498655603553e+00
3.742237495267120462e+00 3.130731597802775212e+00
3.748526970049082419e+00 1.523553357371982830e+00
3.754816444831043931e+00 2.183843252482268404e+00
3.761105919613005444e+00 1.645542340062707831e+00
3.767395394394966956e+00 1.615338307124485340e+00
3.773684869176928469e+00 2.385714969460267731e+00
3.779974343958889982e+00 2.209697899864562221e+00
3.786263818740851494e+00 1.884932433056729417e+00
3.792553293522813007e+00 1.146592180377444814e+00
3.798842768304774520e+00 1.975940997731177706e+00
3.805132243086736032e+00 2.618819850868049581e+00
3.811421717868697545e+00 1.121576324689955495e+00
3.817711192650659058e+00 2.858708245118477098e+00
3.824000667432621015e+00 2.459077563175075198e+00
3.830290142214582527e+00 2.441627889650516359e+00
3.836579616996544040e+00 2.749664999280616140e+00
3.842869091778505553e+00 2.769864282947386069e+00
3.849158566560467065e+00 1.962688194482205883e+00
3.855448041342428578e+00 2.502591711226962445e+00
3.861737516124390091e+00 9.962652707187327206e-01
3.868026990906351603e+00 2.755288138652214780e+00
3.874316465688313116e+00 1.757873848846580600e+00
3.880605940470274628e+00 2.091402568997521971e+00
3.886895415252236141e+00 1.866916166687919265e+00
3.893184890034197654e+00 2.400363762555976166e+00
3.899474364816159166e+00 1.024569485544078340e+00
3.905763839598121123e+00 1.738455986521971752e+00
3.912053314380082636e+00 9.580446536722203588e-01
3.918342789162044149e+00 1.039688186534283076e+00
3.924632263944005661e+00 1.833484752024436393e+00
3.930921738725967174e+00 2.567092583771055203e+00
3.937211213507928687e+00 1.927013382839069200e+00
3.943500688289890199e+00 6.089609412133347721e-01
3.949790163071851712e+00 1.057201072654982088e+00
3.956079637853813225e+00 2.453780458307705192e+00
3.962369112635774737e+00 6.377165942569349433e-01
3.968658587417736250e+00 1.908882105562891063e+00
3.974948062199697763e+00 1.011500040717763227e+00
3.981237536981659275e+00 1.024980197478259747e+00
3.987527011763621232e+00 9.520855783612548473e-01
3.993816486545582745e+00 6.673454694669589404e-01
4.000105961327544257e+00 1.779736460774206996e+00
4.006395436109505326e+00 1.224840788641506029e+00
4.012684910891467283e+00 1.895539960720036943e+00
4.018974385673428351e+00 1.809852865886690587e+00
4.025263860455390308e+00 1.306637390631958162e+00
4.031553335237352265e+00 2.102519552625152777e+00
4.037842810019313333e+00 1.604119881809363157e+00
4.044132284801275290e+00 9.449242893921740993e-01
4.050421759583236359e+00 8.999196783544780587e-01
4.056711234365198315e+00 1.583469288531295316e+00
4.063000709147159384e+00 1.541137302578968971e+00
4.069290183929121341e+00 1.266363843667520084e-01
4.075579658711082409e+00 8.342971493720906517e-01
4.081869133493044366e+00 1.759971178725184382e+00
4.088158608275005435e+00 2.474714637185067012e-01
4.094448083056967391e+00 1.738305694094238296e+00
4.100737557838928460e+00 8.105541382485884627e-01
4.107027032620890417e+00 1.484270059760590899e+00
4.113316507402852373e+00 -1.288749677397025006e-01
4.119605982184813442e+00 8.467430200193682976e-01
4.125895456966775399e+00 1.722406641681940132e+00
4.132184931748736467e+00 1.638649123741759306e+00
4.138474406530698424e+00 -2.255509421432022044e-01
4.144763881312659493e+00 4.273980791376882360e-01
4.151053356094621449e+00 7.831311671413848652e-01
4.157342830876582518e+00 -3.070767094309557188e-01
4.163632305658544475e+00 -3.093595271309261818e-01
4.169921780440505543e+00 -2.290081199510206056e-01
4.176211255222467500e+00 -6.153664379640338966e-02
4.182500730004428569e+00 9.370918274947104276e-02
4.188790204786390525e+00 -1.265518956913129767e-01
4.195079679568352482e+00 5.390680212528464743e-01
4.201369154350313551e+00 4.472447235911295449e-01
4.207658629132275507e+00 1.132935657327992063e+00
4.213948103914236576e+00 -8.341171397443525315e-02
4.220237578696198533e+00 9.974908374123621080e-01
4.226527053478159601e+00 -7.448604690672544493e-03
4.232816528260121558e+00 -5.595462020588847230e-01
4.239106003042082627e+00 1.115734844801542724e+00
4.245395477824044583e+00 8.780053076250311506e-01
4.251684952606005652e+00 4.898908738852816303e-01
4.257974427387967609e+00 1.004200249705628378e+00
4.264263902169928677e+00 1.151467461245275770e+00
4.270553376951890634e+00 1.382168826816196683e+00
4.276842851733852591e+00 -5.602811693594568210e-01
4.283132326515813659e+00 3.021381464908399206e-01
4.289421801297775616e+00 1.049963077040586779e+00
4.295711276079736685e+00 1.377843424823315122e-01
4.302000750861698641e+00 1.002520016825341642e+00
4.308290225643659710e+00 -3.429342419052907598e-01
4.314579700425621667e+00 -1.783203799371525511e-01
4.320869175207582735e+00 2.833530016077195901e-01
4.327158649989544692e+00 4.188838779285956049e-01
4.333448124771505761e+00 -4.024061931076412524e-01
4.339737599553467717e+00 6.525079337024008996e-02
4.346027074335428786e+00 4.453939734106976411e-01
4.352316549117390743e+00 -1.566840292290971881e-02
4.358606023899352699e+00 1.247549173175409587e-01
4.364895498681313768e+00 6.088321498557525135e-02
4.371184973463275725e+00 2.168824007060048409e-01
4.377474448245236793e+00 6.340893499860544846e-02
4.383763923027198750e+00 8.801390867010860930e-01
4.390053397809159819e+00 1.203521794086678920e+00
4.396342872591121775e+00 -2.053597435925529346e-01
4.402632347373082844e+00 5.160154432717727335e-01
4.408921822155044801e+00 1.185814668741033806e+00
4.415211296937005869e+00 1.075305199810217882e+00
4.421500771718967826e+00 7.974902933670039440e-01
4.427790246500929783e+00 1.420678955928503795e+00
4.434079721282890851e+00 1.038802087403563057e+00
4.440369196064852808e+00 1.285879782620631406e+00
4.446658670846813877e+00 8.079859690415784890e-01
4.452948145628775833e+00 3.243667986995100172e-01
4.459237620410736902e+00 -5.457671452389356581e-02
4.465527095192698859e+00 1.784629250006030121e-01
4.471816569974659927e+00 7.231373644432393943e-01
4.478106044756621884e+00 4.333601134339959415e-02
4.484395519538582953e+00 7.093277445484689192e-01
4.490684994320544909e+00 -2.462437957565012936e-01
4.496974469102505978e+00 1.292516346549850814e+00
4.503263943884467935e+00 4.134550388717455061e-01
4.509553418666429891e+00 3.918078281425028675e-01
4.515842893448390960e+00 1.091930096121568106e+00
4.522132368230352917e+00 2.451607628056771682e-01
4.528421843012313985e+00 -3.624675045591823075e-01
4.534711317794275942e+00 1.325367223157944085e+00
4.541000792576237011e+00 1.427023187512956426e+00
4.547290267358198967e+00 1.569791430870473681e+00
4.553579742140160036e+00 9.650656085333002565e-01
4.559869216922121993e+00 9.529437757909759998e-01
4.566158691704083061e+00 9.495897497878766913e-01
4.572448166486045018e+00 1.017179449137642910e+00
4.578737641268006087e+00 9.921170135029774295e-01
4.585027116049968043e+00 1.369116864059837457e+00
4.591316590831930000e+00 4.394623405093060486e-01
4.597606065613891069e+00 8.611220055790437256e-01
4.603895540395853025e+00 -9.587809258575219484e-02
4.610185015177814094e+00 1.331740913800889548e+00
4.616474489959776051e+00 1.277455247750613809e+00
4.622763964741737119e+00 -1.843615198565491387e-01
4.629053439523699076e+00 1.650954076187560515e+00
4.635342914305660145e+00 1.635165480598964605e-01
4.641632389087622101e+00 3.298925136821987403e-01
4.647921863869583170e+00 1.158619675401109106e+00
4.654211338651545127e+00 1.445822340734916001e+00
4.660500813433506195e+00 3.131515486317181796e-01
4.666790288215468152e+00 9.495912779725006470e-01
4.673079762997430109e+00 1.126928942307247272e+00
4.679369237779391177e+00 5.269803464010461846e-01
4.685658712561353134e+00 1.372261742269105245e+00
4.691948187343314203e+00 3.677279776722108817e-01
4.698237662125276159e+00 1.112386835003195407e-01
4.704527136907237228e+00 1.458062797205327499e+00
4.710816611689199185e+00 -1.560020534644098456e-01
4.717106086471160253e+00 7.458225679251234697e-02
4.723395561253122210e+00 3.024911093334235468e-01
4.729685036035083279e+00 9.026075831720388187e-01
4.735974510817045235e+00 1.604512762110249291e+00
4.742263985599006304e+00 2.818806026837250012e-01
4.748553460380968261e+00 1.589864864737555950e+00
4.754842935162930218e+00 9.016351040277810203e-01
4.761132409944891286e+00 1.172994843314285607e+00
4.767421884726853243e+00 1.178225828379634521e+00
4.773711359508814311e+00 1.029131183135682193e+00
4.780000834290776268e+00 1.019179513150741956e+00
4.786290309072737337e+00 4.836596801823345171e-01
4.792579783854699293e+00 1.670390369081000692e+00
4.798869258636660362e+00 1.268601195374245538e+00
4.805158733418622319e+00 -2.961576773922398043e-01
4.811448208200583387e+00 1.676221638064401276e-02
4.817737682982545344e+00 -6.621142992283940432e-02
4.824027157764506413e+00 9.989416990360255877e-01
4.830316632546468369e+00 1.461398249534527904e+00
4.836606107328430326e+00 2.730869484909738132e-01
4.842895582110391395e+00 8.770115305403954897e-01
4.849185056892353352e+00 3.344145792611697976e-01
4.855474531674314420e+00 1.455662083092772452e+00
4.861764006456276377e+00 4.507536431484495121e-01
4.868053481238237445e+00 4.901200599638955158e-01
4.874342956020199402e+00 -1.270984719354585346e-01
4.880632430802160471e+00 1.009460448239749564e+00
4.886921905584122428e+00 1.420397354895223341e+00
4.893211380366083496e+00 8.826429870479368667e-01
4.899500855148045453e+00 8.184815646306098369e-02
4.905790329930006521e+00 9.674671260048847143e-01
4.912079804711968478e+00 -3.731732060169561382e-01
4.918369279493930435e+00 -1.620092984149748006e-01
4.924658754275891503e+00 7.625397345025139995e-01
4.930948229057853460e+00 2.209210394045473258e-01
4.937237703839814529e+00 9.497319245517410469e-01
4.943527178621776486e+00 2.078932137563715976e-02
4.949816653403737554e+00 -2.077369225692526911e-02
4.956106128185699511e+00 -2.457929537823839716e-01
4.962395602967660579e+00 3.237152694172240608e-01
4.968685077749622536e+00 6.573573664867450317e-01
4.974974552531583605e+00 7.086931587668818810e-01
4.981264027313545562e+00 -2.638604331442784279e-02
4.987553502095506630e+00 -2.308849885064153673e-01
4.993842976877468587e+00 7.758512254877714120e-02
5.000132451659430544e+00 1.580113912244411889e-01
5.006421926441391612e+00 1.113295548428330228e-01
5.012711401223353569e+00 1.268910044966297779e+00
5.019000876005314637e+00 -4.798899275221857330e-02
5.025290350787276594e+00 1.143556539963046736e+00
5.031579825569237663e+00 6.538607145359727202e-01
5.037869300351199620e+00 2.166250449757229912e-01
5.044158775133160688e+00 6.228361042744113840e-01
5.050448249915122645e+00 5.581811609366797988e-01
5.056737724697083713e+00 -7.408345518915948613e-02
5.063027199479045670e+00 1.102299579281657893e+00
5.069316674261006739e+00 4.989384789395281405e-01
5.075606149042968696e+00 -3.439444753390781262e-01
5.081895623824930652e+00 1.044541613132085933e+00
5.088185098606891721e+00 4.797321617429320950e-01
5.094474573388853678e+00 2.001833092895385358e-01
5.100764048170814746e+00 4.248202144171258077e-01
5.107053522952776703e+00 3.198460463869410297e-01
5.113342997734737772e+00 5.457406300013396550e-01
5.119632472516699728e+00 7.300820484692234213e-01
5.125921947298660797e+00 -1.670187348726740462e-01
5.132211422080622754e+00 2.886311482787846661e-01
5.138500896862583822e+00 2.850970666665875175e-01
5.144790371644545779e+00 -2.131036321278864110e-01
5.151079846426506847e+00 -7.123017961580750956e-01
5.157369321208468804e+00 -1.942683164155327713e-01
5.163658795990430761e+00 2.772741308492576717e-01
5.169948270772391830e+00 -8.027205637679403205e-01
5.176237745554353786e+00 -2.731424377933618919e-01
5.182527220336314855e+00 -1.211386930027886777e-01
5.188816695118276812e+00 2.410093059141079630e-01
5.195106169900237880e+00 7.617158553155859435e-01
5.201395644682199837e+00 -4.107386408682323076e-01
5.207685119464160906e+00 -5.866183886230554867e-01
5.213974594246122862e+00 1.172102447358112087e+00
5.220264069028083931e+00 3.625810976679058051e-01
5.226553543810045888e+00 1.178447155400157875e+00
5.232843018592006956e+00 7.758862171290965559e-01
5.239132493373968913e+00 -5.037097413347371155e-01
5.245421968155930870e+00 1.222058622610108003e+00
5.251711442937891938e+00 3.305513180804040552e-01
5.258000917719853895e+00 5.541388532564670566e-01
5.264290392501814964e+00 -3.951732637483780231e-01
5.270579867283776920e+00 8.287983114488772785e-01
5.276869342065737989e+00 -2.531168811483222036e-01
5.283158816847699946e+00 1.587470186135198080e-02
5.289448291629661014e+00 -5.301445773222865920e-01
5.295737766411622971e+00 -4.680972507883589540e-01
5.302027241193584040e+00 4.875230887506359911e-01
5.308316715975545996e+00 4.114888722182497016e-02
5.314606190757507953e+00 7.449003158210334430e-01
5.320895665539469022e+00 1.354716230422072343e+00
5.327185140321430978e+00 1.221765876233869008e-01
5.333474615103392047e+00 2.449744959090611185e-01
5.339764089885354004e+00 1.555509509379757294e+00
5.346053564667315072e+00 9.797220930397758654e-01
5.352343039449277029e+00 1.375202645342019636e+00
5.358632514231238098e+00 9.932043616261668761e-01
5.364921989013200054e+00 4.067798487436824484e-03
5.371211463795161123e+00 1.443167503262393181e+00
5.377500938577123080e+00 6.461236775309359137e-01
5.383790413359084148e+00 3.082148904902017872e-01
5.390079888141046105e+00 1.092085294310751076e+00
5.396369362923008062e+00 1.495488035115727143e+00
5.402658837704969130e+00 1.735652502497684990e+00
5.408948312486931087e+00 2.017743467665122914e-02
5.415237787268892156e+00 -4.734321938414715047e-02
5.421527262050854112e+00 3.604438603064370472e-01
5.427816736832815181e+00 1.972382976177731839e+00
5.434106211614777138e+00 1.096248207311115053e+00
5.440395686396738206e+00 1.491969188202727503e+00
5.446685161178700163e+00 6.861112826781452512e-01
5.452974635960661232e+00 1.431145530631845686e+00
5.459264110742623188e+00 1.870537060119512596e+00
5.465553585524584257e+00 1.738883191832314656e+00
5.471843060306546214e+00 5.270103121951152936e-01
5.478132535088508170e+00 1.623925299217663598e+00
5.484422009870469239e+00 1.448335927170996129e+00
5.490711484652431196e+00 4.682751672621775496e-01
5.497000959434392264e+00 7.135780836979768171e-01
5.503290434216354221e+00 1.351595486117631362e+00
5.509579908998315290e+00 1.706365955858078820e+00
5.515869383780277246e+00 5.953423637094649168e-01
5.522158858562238315e+00 8.755147315093745330e-01
5.528448333344200272e+00 2.259886855980933529e+00
5.534737808126161340e+00 6.818951671854719399e-01
5.541027282908123297e+00 5.006650986759779709e-01
5.547316757690084366e+00 1.661616140459149404e+00
5.553606232472046322e+00 2.092788379277576993e+00
5.559895707254008279e+00 1.817733374711456129e+00
5.566185182035969348e+00 8.056554937502954372e-01
5.572474656817931304e+00 1.623347562693220780e+00
5.578764131599892373e+00 1.276092724593101746e+00
5.585053606381854330e+00 8.121679093811071670e-01
5.591343081163815398e+00 2.198212100092556742e+00
5.597632555945777355e+00 2.517094453980723845e+00
5.603922030727738424e+00 6.735909288332548872e-01
5.610211505509700380e+00 9.770106141243211084e-01
5.616500980291661449e+00 2.236517276658815057e+00
5.622790455073623406e+00 9.212726973918126117e-01
5.629079929855584474e+00 1.434305567094532829e+00
5.635369404637546431e+00 1.296856761370223543e+00
5.641658879419508388e+00 2.413601302823564332e+00
5.647948354201469456e+00 2.495116727185740402e+00
5.654237828983431413e+00 1.511111866386660507e+00
5.660527303765392482e+00 1.980825998541483113e+00
5.666816778547354438e+00 1.801675208461487987e+00
5.673106253329315507e+00 1.753660928125276630e+00
5.679395728111277464e+00 2.209899809294106454e+00
5.685685202893238532e+00 1.444031105180513919e+00
5.691974677675200489e+00 2.052319977023574271e+00
5.698264152457161558e+00 8.652466072484862325e-01
5.704553627239123514e+00 1.234778373820646369e+00
5.710843102021084583e+00 2.300960655067397553e+00
5.717132576803046540e+00 1.112256790560484099e+00
5.723422051585008496e+00 2.466684401683858496e+00
5.729711526366969565e+00 2.345407282191645848e+00
5.736001001148931522e+00 2.087967806756438893e+00
5.742290475930892590e+00 2.118914480686258983e+00
5.748579950712854547e+00 1.344724750775520894e+00
5.754869425494815616e+00 1.168316637295192084e+00
5.761158900276777572e+00 1.922373480952570102e+00
5.767448375058738641e+00 6.297356087197880647e-01
5.773737849840700598e+00 1.188471490812925246e+00
5.780027324622661666e+00 8.173894051431582763e-01
5.786316799404623623e+00 1.923089548079446764e+00
5.792606274186584692e+00 9.504730315250269346e-01
5.798895748968546648e+00 1.054005902474686618e+00
5.805185223750508605e+00 1.542593978514458231e+00
5.811474698532469674e+00 2.063512130220298335e+00
5.817764173314431631e+00 2.123380571035725861e+00
5.824053648096392699e+00 1.468976063448497849e+00
5.830343122878354656e+00 1.018769119160678915e+00
5.836632597660315724e+00 1.666888993028208921e+00
5.842922072442277681e+00 2.227769586060845519e+00
5.849211547224238750e+00 2.038837691334970614e+00
5.855501022006200706e+00 1.567732287006359027e+00
5.861790496788161775e+00 8.587691957313983160e-01
5.868079971570123732e+00 8.339776418473792141e-01
5.874369446352084800e+00 1.200619252344561350e+00
5.880658921134046757e+00 1.590064011958905343e+00
5.886948395916008714e+00 6.110914954085118200e-01
5.893237870697969782e+00 7.391915586474115951e-01
5.899527345479931739e+00 1.140732877915452637e+00
5.905816820261892808e+00 7.182515896208235828e-02
5.912106295043854765e+00 1.350853023385319540e+00
5.918395769825815833e+00 1.208215086238023650e+00
5.924685244607777790e+00 8.983335241118750591e-01
5.930974719389738858e+00 1.405722734471657409e+00
5.937264194171700815e+00 1.627320568247442534e+00
5.943553668953661884e+00 -1.810652295823456104e-02
5.949843143735623840e+00 -9.581146702040310714e-02
5.956132618517584909e+00 -1.810396436852976243e-01
5.962422093299546866e+00 1.098094454683822274e+00
5.968711568081508823e+00 -1.559151522869928197e-01
5.975001042863469891e+00 3.868676772077894732e-01
5.981290517645431848e+00 8.667689666730868936e-01
5.987579992427392916e+00 4.750165325052255749e-01
5.993869467209354873e+00 -1.853902817426800187e-01
6.000158941991315942e+00 8.617044718292112826e-01
6.006448416773277899e+00 3.736763440256392066e-01
6.012737891555238967e+00 -1.535819284784047944e-01
6.019027366337200924e+00 -1.658920878510325991e-01
6.025316841119161992e+00 1.838314937884863998e-01
6.031606315901123949e+00 4.916143957500651585e-01
6.037895790683085906e+00 -8.420964166986066868e-01
6.044185265465046974e+00 4.694141785249521526e-01
6.050474740247008931e+00 -2.762627270015651781e-01
6.056764215028970000e+00 -5.432910405661648401e-01
6.063053689810931957e+00 -6.685485694807931090e-01
6.069343164592893025e+00 9.307812317457031526e-02
6.075632639374854982e+00 6.484132577815053811e-01
6.081922114156816050e+00 5.179593188103392976e-02
6.088211588938778007e+00 -6.877360063158479697e-01
6.094501063720739076e+00 -3.021603355855149164e-01
6.100790538502701033e+00 -9.739506211118520440e-02
6.107080013284662101e+00 4.506782638104158689e-01
6.113369488066624058e+00 -9.594111730846621722e-01
6.119658962848586015e+00 -1.284308717273602962e+00
6.125948437630547083e+00 -1.135260527073974623e+00
6.132237912412509040e+00 -8.244674751592018236e-01
6.138527387194470109e+00 -1.403703475697993142e+00
6.144816861976432065e+00 -6.933998900811386701e-01
6.151106336758393134e+00 -1.468728811179313976e+00
6.157395811540355091e+00 -5.093506108833587565e-01
6.163685286322316159e+00 -1.281781646438119537e+00
6.169974761104278116e+00 -1.649733979145555862e+00
6.176264235886239184e+00 -1.643428774389351643e+00
6.182553710668201141e+00 -1.021852059851614314e+00
6.188843185450162210e+00 -1.590360857638900338e+00
6.195132660232124167e+00 -1.524155571991961722e+00
6.201422135014086123e+00 -3.022253278955624456e-01
6.207711609796047192e+00 -1.728156216004573364e+00
6.214001084578009149e+00 -9.199034330112128011e-01
6.220290559359970217e+00 -1.938163817095561736e+00
6.226580034141932174e+00 -7.544493383405046494e-01
6.232869508923893243e+00 -7.411288662280750561e-01
6.239158983705855199e+00 -9.835301068422879212e-01
6.245448458487816268e+00 -9.564894646957837754e-01
6.251737933269778225e+00 -2.298099115725547037e-01
6.258027408051739293e+00 -1.792731254688160192e+00
6.264316882833701250e+00 -1.156593303751512591e+00
6.270606357615662318e+00 -3.563494285676021001e-01
6.276895832397624275e+00 -1.440861589624223393e+00
6.283185307179586232e+00 -9.987150230464134637e-01
