0.000000000000000000e+00 -4.150078106520904697e-01
6.289474781961547356e-03 2.887247567644095070e-01
1.257894956392309471e-02 -4.182847497757014033e-01
1.886842434588464207e-02 -1.138348895372539582e-01
2.515789912784618942e-02 1.047541255854351983e+00
3.144737390980773678e-02 -1.557238383371502555e-01
3.773684869176928414e-02 8.304955021781310620e-01
4.402632347373083149e-02 -1.623157731170679074e-01
5.031579825569237885e-02 7.614389231568670091e-01
5.660527303765392620e-02 5.322034349021703692e-01
6.289474781961547356e-02 1.097491942219048999e+00
6.918422260157702786e-02 1.228641692263487961e-02
7.547369738353856827e-02 1.434803350956528889e-01
8.176317216550010869e-02 -3.453797716456504241e-01
8.805264694746166299e-02 7.120238669375228424e-02
9.434212172942321728e-02 1.473069027253976593e+00
1.006315965113847577e-01 7.589727376364070466e-01
1.069210712933462981e-01 1.428859195876921895e+00
1.132105460753078524e-01 -1.441435185306020328e-01
1.195000208572694067e-01 9.277402376436671982e-01
1.257894956392309471e-01 -1.963107790747076753e-01
1.320789704211924875e-01 -5.758720538717898574e-02
1.383684452031540557e-01 7.263327351144210908e-03
1.446579199851155961e-01 3.307949071430797972e-01
1.509473947670771365e-01 9.761665735656746001e-01
1.572368695490386770e-01 -1.213103229952734452e-01
1.635263443310002174e-01 1.218241628878859562e+00
1.698158191129617856e-01 9.407204093843982706e-01
1.761052938949233260e-01 5.134388830830343142e-01
1.823947686768848664e-01 2.615013377029766772e-01
1.886842434588464346e-01 9.855700644106379915e-02
1.949737182408079750e-01 -3.181006015638085382e-01
2.012631930227695154e-01 1.153671908147960168e-01
2.075526678047310558e-01 1.424120222302817762e+00
2.138421425866925962e-01 4.093063157591272372e-01
2.201316173686541644e-01 1.445607077804082818e+00
2.264210921506157048e-01 5.029881015638392183e-01
2.327105669325772452e-01 2.457942694485228952e-01
2.390000417145388134e-01 4.777628283964865386e-01
2.452895164965003538e-01 1.456701873978605732e+00
2.515789912784618942e-01 4.319960759241343595e-01
2.578684660604234624e-01 9.644873760373178229e-01
2.641579408423849751e-01 9.435484592346475852e-01
2.704474156243465433e-01 1.038823099409798667e+00
2.767368904063081114e-01 -2.269106897720012950e-01
2.830263651882696241e-01 1.538086294752681882e-01
2.893158399702311923e-01 5.471735972810174431e-01
2.956053147521927049e-01 -4.337768113351035959e-01
3.018947895341542731e-01 -4.554146312376480821e-01
3.081842643161158413e-01 8.137132268376334743e-01
3.144737390980773539e-01 3.899491935513341723e-01
3.207632138800389221e-01 1.060730013451056664e+00
3.270526886620004348e-01 5.721494159649493927e-01
3.333421634439620029e-01 8.183448155762730325e-01
3.396316382259235711e-01 1.052973379100325069e+00
3.459211130078850838e-01 3.836414800886329690e-01
3.522105877898466519e-01 6.033763098105038303e-02
3.585000625718082201e-01 8.997169610110137272e-01
3.647895373537697328e-01 4.496414382000271104e-01
3.710790121357313009e-01 -2.501167638301760032e-01
3.773684869176928691e-01 1.296342081038643901e+00
3.836579616996543818e-01 3.606033468208199588e-01
3.899474364816159500e-01 5.704534682677104840e-01
3.962369112635774626e-01 3.605557349185979366e-01
4.025263860455390308e-01 4.442515579050770880e-01
4.088158608275005990e-01 1.060004743942539296e+00
4.151053356094621116e-01 1.015694652080646687e+00
4.213948103914236798e-01 2.958051815648810035e-02
4.276842851733851925e-01 6.522162261199314637e-01
4.339737599553467606e-01 -6.639532671681802611e-01
4.402632347373083288e-01 6.182590225234263492e-01
4.465527095192698415e-01 1.626183407836585548e-01
4.528421843012314096e-01 1.028571323273756777e+00
4.591316590831929778e-01 7.697503144213431181e-01
4.654211338651544905e-01 -5.308539596212296097e-01
4.717106086471160586e-01 7.572293656780885174e-01
4.780000834290776268e-01 5.281740495519091638e-01
4.842895582110391395e-01 3.674365216222573727e-01
4.905790329930007077e-01 7.661169581751812174e-01
4.968685077749622203e-01 9.184534691500334525e-02
5.031579825569237885e-01 -3.297342502094231520e-01
5.094474573388853011e-01 2.996140602416261789e-01
5.157369321208469248e-01 -4.086043421547549404e-01
5.220264069028084375e-01 -1.779811753009497011e-01
5.283158816847699502e-01 -1.801955364752159117e-01
5.346053564667315738e-01 -3.208100574257057858e-01
5.408948312486930865e-01 4.697432776972652047e-01
5.471843060306545992e-01 6.187959067597925689e-01
5.534737808126162228e-01 4.148645840746381097e-01
5.597632555945777355e-01 -9.025449282325774814e-01
5.660527303765392482e-01 6.548499664673423926e-01
5.723422051585007608e-01 -7.669613896934701636e-01
5.786316799404623845e-01 3.134518738810947447e-01
5.849211547224238972e-01 -8.829001639051090589e-01
5.912106295043854098e-01 -2.223851958704059495e-01
5.975001042863470335e-01 1.304524712172556722e-01
6.037895790683085462e-01 -7.458620864687515173e-02
6.100790538502700588e-01 -5.989922348350211756e-01
6.163685286322316825e-01 -8.598530396946637566e-01
6.226580034141931952e-01 3.682783798832982569e-01
6.289474781961547079e-01 -4.201869506579216651e-01
6.352369529781163315e-01 -3.341937420165019823e-02
6.415264277600778442e-01 5.993289819667870777e-01
6.478159025420393569e-01 9.284452778672247497e-02
6.541053773240008695e-01 -5.934886298545940519e-01
6.603948521059624932e-01 2.658252324309051673e-01
6.666843268879240059e-01 -1.229663803849638803e-01
6.729738016698855185e-01 -1.188791644309248552e+00
6.792632764518471422e-01 3.014111974866489074e-01
6.855527512338086549e-01 -8.977750241915449791e-01
6.918422260157701675e-01 -3.349886657815639435e-01
6.981317007977317912e-01 3.552666383535880712e-01
7.044211755796933039e-01 -1.924397202662548878e-01
7.107106503616548165e-01 -8.479085078260799602e-01
7.170001251436164402e-01 -3.413255596795294888e-01
7.232895999255779529e-01 -8.718677885004093575e-01
7.295790747075394655e-01 4.169380393719082090e-01
7.358685494895010892e-01 -3.330933678651351038e-01
7.421580242714626019e-01 5.278191627192991842e-01
7.484474990534241146e-01 -8.464719202469777048e-01
7.547369738353857382e-01 -3.093559465329627223e-01
7.610264486173472509e-01 -6.602653195602958824e-02
7.673159233993087636e-01 -1.967285603511805814e-01
7.736053981812702762e-01 -3.084201581234191636e-01
7.798948729632318999e-01 5.677502461565147041e-01
7.861843477451934126e-01 -8.395126869549498494e-01
7.924738225271549252e-01 1.348380415909993246e-01
7.987632973091165489e-01 -1.980337531463018941e-01
8.050527720910780616e-01 2.884534341514899403e-01
8.113422468730395742e-01 -4.726275736737544086e-01
8.176317216550011979e-01 7.460435164743839387e-01
8.239211964369627106e-01 -4.849932360162767520e-01
8.302106712189242232e-01 -2.709253791754415719e-01
8.365001460008858469e-01 9.194667294424314630e-01
8.427896207828473596e-01 8.362081720900064186e-01
8.490790955648088723e-01 -3.765981711932488984e-01
8.553685703467703849e-01 -5.888389061929564239e-01
8.616580451287320086e-01 5.001423401982296735e-01
8.679475199106935213e-01 1.143221493554710699e+00
8.742369946926550339e-01 9.887710153587117023e-01
8.805264694746166576e-01 3.090943536539825232e-01
8.868159442565781703e-01 1.188691271433746532e+00
8.931054190385396829e-01 -3.101673907062680868e-01
8.993948938205013066e-01 3.796105697276586088e-02
9.056843686024628193e-01 8.495497467352459697e-01
9.119738433844243319e-01 -3.370509401412427053e-01
9.182633181663859556e-01 1.236497983964041980e+00
9.245527929483474683e-01 5.146225305335734301e-01
9.308422677303089809e-01 2.772788251525418746e-01
9.371317425122706046e-01 1.266618468752788162e+00
9.434212172942321173e-01 5.480490369569377407e-01
9.497106920761936300e-01 1.084706601153103467e+00
9.560001668581552536e-01 -5.934642190745620383e-02
9.622896416401167663e-01 2.798390303927877909e-02
9.685791164220782790e-01 3.356726461589969457e-01
9.748685912040397916e-01 1.242042735659284247e+00
9.811580659860014153e-01 1.069594221231901621e+00
9.874475407679629280e-01 2.712434028732160218e-01
9.937370155499244406e-01 4.371675365276124214e-01
1.000026490331886064e+00 7.279786472836176081e-01
1.006315965113847577e+00 4.261360922753805180e-01
1.012605439895809090e+00 1.618957582827569519e+00
1.018894914677770602e+00 1.586954376729011740e+00
1.025184389459732115e+00 1.485728453038915653e+00
1.031473864241693850e+00 1.104774891241426804e+00
1.037763339023655362e+00 1.297756746492953361e+00
1.044052813805616875e+00 1.956926894270660799e+00
1.050342288587578388e+00 1.063966644884803303e+00
1.056631763369539900e+00 1.980979128122802635e+00
1.062921238151501413e+00 6.957265589178889265e-01
1.069210712933463148e+00 1.642269476272065321e+00
1.075500187715424660e+00 2.258700379565185656e+00
1.081789662497386173e+00 1.271761933126216659e+00
1.088079137279347686e+00 1.864046002174720051e+00
1.094368612061309198e+00 6.059215780859630307e-01
1.100658086843270711e+00 1.479698004268339417e+00
1.106947561625232446e+00 1.491750588256060661e+00
1.113237036407193958e+00 1.171487678599187676e+00
1.119526511189155471e+00 2.125390491538414750e+00
1.125815985971116984e+00 1.030473864740257151e+00
1.132105460753078496e+00 9.137447811360528416e-01
1.138394935535040009e+00 1.756016399074618706e+00
1.144684410317001522e+00 2.044486369366356193e+00
1.150973885098963256e+00 2.431799435753513539e+00
1.157263359880924769e+00 1.312170313945218547e+00
1.163552834662886282e+00 2.259871694196283087e+00
1.169842309444847794e+00 1.366714808141409776e+00
1.176131784226809307e+00 1.087138360220242461e+00
1.182421259008770820e+00 2.094412762678069750e+00
1.188710733790732554e+00 1.003029213955683563e+00
1.195000208572694067e+00 1.517721302120552229e+00
1.201289683354655580e+00 1.493603051505333346e+00
1.207579158136617092e+00 1.980836131517397458e+00
1.213868632918578605e+00 1.435975162203786404e+00
1.220158107700540118e+00 1.350223953557008638e+00
1.226447582482501630e+00 3.047571094684179194e+00
1.232737057264463365e+00 1.539099275915185805e+00
1.239026532046424878e+00 2.901267597146999222e+00
1.245316006828386390e+00 1.708253389279919210e+00
1.251605481610347903e+00 2.308193295573260251e+00
1.257894956392309416e+00 2.572074993020418532e+00
1.264184431174270928e+00 1.403957639214852726e+00
1.270473905956232663e+00 1.895131034249183610e+00
1.276763380738194176e+00 2.883536491604397956e+00
1.283052855520155688e+00 2.543763035469209122e+00
1.289342330302117201e+00 1.865405646231901970e+00
1.295631805084078714e+00 1.630889291814836106e+00
1.301921279866040226e+00 2.632183644031822922e+00
1.308210754648001739e+00 2.269169324700031076e+00
1.314500229429963474e+00 1.522333959725742591e+00
1.320789704211924986e+00 1.394984918976910793e+00
1.327079178993886499e+00 1.919524955930252741e+00
1.333368653775848012e+00 2.387149612079379146e+00
1.339658128557809524e+00 1.899215955439569781e+00
1.345947603339771037e+00 3.099786619441595281e+00
1.352237078121732772e+00 1.237588155999560957e+00
1.358526552903694284e+00 2.375025824106590910e+00
1.364816027685655797e+00 2.076496725090095641e+00
1.371105502467617310e+00 2.197567653222672668e+00
1.377394977249578822e+00 1.946479303483750645e+00
1.383684452031540335e+00 1.431809713341242407e+00
1.389973926813502070e+00 2.594062433100711829e+00
1.396263401595463582e+00 1.402220827062099717e+00
1.402552876377425095e+00 2.777382095825242203e+00
1.408842351159386608e+00 2.770771116491808961e+00
1.415131825941348120e+00 2.807329101165586316e+00
1.421421300723309633e+00 2.320617440492815930e+00
1.427710775505271146e+00 2.088352237535660461e+00
1.434000250287232880e+00 1.274362057322079078e+00
1.440289725069194393e+00 7.336530394328053539e-01
1.446579199851155906e+00 7.224930531216635643e-01
1.452868674633117418e+00 1.281459934064303585e+00
1.459158149415078931e+00 1.292663971744418383e+00
1.465447624197040444e+00 6.712937609674219930e-01
1.471737098979002178e+00 6.683961530606281620e-01
1.478026573760963691e+00 1.263198589751430845e+00
1.484316048542925204e+00 1.613845095281019271e+00
1.490605523324886716e+00 5.223506175397716333e-01
1.496894998106848229e+00 1.438771372227102496e+00
1.503184472888809742e+00 1.964520841600928991e+00
1.509473947670771476e+00 5.259401000166725737e-01
1.515763422452732989e+00 1.357959131740042569e+00
1.522052897234694502e+00 1.870187171673446391e+00
1.528342372016656014e+00 5.702359017868432467e-01
1.534631846798617527e+00 4.697869657858372294e-01
1.540921321580579040e+00 9.819631713872187806e-01
1.547210796362540552e+00 1.462875100862667532e-01
1.553500271144502287e+00 1.311935856440540560e+00
1.559789745926463800e+00 5.592977868580498169e-02
1.566079220708425312e+00 2.628794627486503721e-01
1.572368695490386825e+00 1.669880848946706298e+00
1.578658170272348338e+00 1.073722739594159536e-01
1.584947645054309850e+00 9.988916766300347527e-01
1.591237119836271585e+00 1.556008113654445246e+00
1.597526594618233098e+00 8.242835163721817793e-01
1.603816069400194610e+00 1.466273617453078604e+00
1.610105544182156123e+00 7.630403102290663764e-01
1.616395018964117636e+00 1.017417108971396811e-01
1.622684493746079148e+00 -4.936292470120706710e-02
1.628973968528040661e+00 9.832349529883445127e-01
1.635263443310002396e+00 -3.491281767291698479e-02
1.641552918091963909e+00 6.217776177679824601e-01
1.647842392873925421e+00 6.049928430906668098e-01
1.654131867655886934e+00 -7.732396743347218493e-01
1.660421342437848446e+00 -9.425909410082098372e-01
1.666710817219809959e+00 2.853111251551727623e-01
1.673000292001771694e+00 -1.776633808618621746e-01
1.679289766783733207e+00 2.286402872160020472e-02
1.685579241565694719e+00 -5.826262978426810513e-01
1.691868716347656232e+00 -8.507116816794133562e-01
1.698158191129617745e+00 -1.239596372046715800e+00
1.704447665911579257e+00 -4.985127635397696988e-01
1.710737140693540770e+00 5.078924473959747221e-01
1.717026615475502505e+00 -1.296004556899427396e+00
1.723316090257464017e+00 -2.799428479866961084e-02
1.729605565039425530e+00 3.540199428630790290e-01
1.735895039821387043e+00 -9.439281724654469130e-02
1.742184514603348555e+00 -1.118460623346047456e+00
1.748473989385310068e+00 -1.371930998344451424e+00
1.754763464167271803e+00 -9.538794658882503441e-01
1.761052938949233315e+00 2.658678589379055435e-01
1.767342413731194828e+00 -1.618875147704817552e+00
1.773631888513156341e+00 -7.572899813674707215e-01
1.779921363295117853e+00 -6.080139093692871199e-03
1.786210838077079366e+00 -4.767863206383780028e-01
1.792500312859041101e+00 -1.053157386858935007e+00
1.798789787641002613e+00 -9.289808002678825449e-01
1.805079262422964126e+00 -1.817883429547070273e+00
1.811368737204925639e+00 -2.940529865168306500e-02
1.817658211986887151e+00 -1.389177813024168096e+00
1.823947686768848664e+00 -6.538593767238867205e-01
1.830237161550810177e+00 -5.035039718062108705e-01
1.836526636332771911e+00 -1.494263342957158569e+00
1.842816111114733424e+00 -8.323739231163376218e-01
1.849105585896694937e+00 -2.003277252101048678e+00
1.855395060678656449e+00 -4.230772847202675102e-01
1.861684535460617962e+00 -2.047121560665214446e+00
1.867974010242579475e+00 -7.919648724188848021e-01
1.874263485024541209e+00 -8.685655837775165811e-01
1.880552959806502722e+00 -9.692945549312879105e-01
1.886842434588464235e+00 -1.584553706029177889e+00
1.893131909370425747e+00 -1.472475059865569813e+00
1.899421384152387260e+00 -1.281485288202533601e+00
1.905710858934348773e+00 -1.640309294171844234e+00
1.912000333716310507e+00 -1.221875282733063006e+00
1.918289808498272020e+00 -1.793841621738781145e+00
1.924579283280233533e+00 -1.515515863978131428e+00
1.930868758062195045e+00 -1.767381509004456674e+00
1.937158232844156558e+00 -1.731129633199399720e+00
1.943447707626118071e+00 -8.368641507582457173e-01
1.949737182408079583e+00 -3.045816667872793815e-01
1.956026657190041318e+00 -9.005909334262733879e-01
1.962316131972002831e+00 -1.059295910618645253e+00
1.968605606753964343e+00 -1.695175924627873698e+00
1.974895081535925856e+00 -1.138222825624110923e+00
1.981184556317887369e+00 -1.499911552166294237e+00
1.987474031099848881e+00 -1.637044084818749967e+00
1.993763505881810616e+00 -1.465384780704202194e+00
2.000052980663772129e+00 -1.371164058310891942e+00
2.006342455445733641e+00 -1.655082974897096992e+00
2.012631930227695154e+00 1.810810497548078768e-01
2.018921405009656667e+00 -5.429214878002170952e-01
2.025210879791618179e+00 -1.508441158892533718e+00
2.031500354573579692e+00 -4.578508170354411710e-01
2.037789829355541205e+00 1.439117590805987223e-01
2.044079304137502717e+00 4.674788719772404733e-01
2.050368778919464230e+00 -8.069696928965537364e-01
2.056658253701426187e+00 -7.997511811511230917e-01
2.062947728483387699e+00 -6.247466213366046350e-01
2.069237203265349212e+00 -8.881844422522804372e-01
2.075526678047310725e+00 -1.093595322296017303e+00
2.081816152829272237e+00 -7.590048383955789735e-01
2.088105627611233750e+00 7.373764370185960093e-01
2.094395102393195263e+00 -1.433208829026058062e-01
2.100684577175156775e+00 7.295615865526672295e-02
2.106974051957118288e+00 9.301268844991102958e-01
2.113263526739079801e+00 -1.786832387783424680e-01
2.119553001521041313e+00 2.463675286231503669e-01
2.125842476303002826e+00 2.338822014104472435e-01
2.132131951084964339e+00 9.585947538078816166e-01
2.138421425866926295e+00 1.149582759924153263e+00
2.144710900648887808e+00 -2.936890658621127415e-01
2.151000375430849321e+00 6.436710900781450473e-01
2.157289850212810833e+00 1.888510090092543336e-01
2.163579324994772346e+00 5.533758783727837915e-01
2.169868799776733859e+00 5.431022590131717731e-01
2.176158274558695371e+00 1.436639909616664212e+00
2.182447749340656884e+00 2.141130582983273856e-01
2.188737224122618397e+00 2.169667440101247791e-01
2.195026698904579909e+00 2.748155194099517473e-01
2.201316173686541422e+00 1.207822623093310455e+00
2.207605648468502935e+00 1.637858445194901869e+00
2.213895123250464891e+00 1.021970554741950865e+00
2.220184598032426404e+00 7.593363363592412485e-01
2.226474072814387917e+00 1.801907416839730214e+00
2.232763547596349429e+00 7.221025221740690059e-01
2.239053022378310942e+00 1.692743333917386961e+00
2.245342497160272455e+00 1.053832328589375367e+00
2.251631971942233967e+00 1.501210402689582057e+00
2.257921446724195480e+00 1.496700892100311098e+00
2.264210921506156993e+00 1.002591502571581250e+00
2.270500396288118505e+00 2.404161932987846306e+00
2.276789871070080018e+00 1.602359582504365498e+00
2.283079345852041531e+00 1.652410771241473286e+00
2.289368820634003043e+00 1.312974446997410283e+00
2.295658295415965000e+00 2.256264652336146703e+00
2.301947770197926513e+00 9.847430508148437012e-01
2.308237244979888025e+00 1.118385036134856181e+00
2.314526719761849538e+00 2.062317045165170448e+00
2.320816194543811051e+00 2.722657280069148644e+00
2.327105669325772563e+00 3.034577472576660995e+00
2.333395144107734076e+00 1.327339674413152038e+00
2.339684618889695589e+00 1.354254074268176122e+00
2.345974093671657101e+00 1.356837576145939472e+00
2.352263568453618614e+00 3.222683475720347079e+00
2.358553043235580127e+00 3.349917974248392660e+00
2.364842518017541639e+00 2.214338070003415204e+00
2.371131992799503152e+00 1.867611534130971362e+00
2.377421467581465109e+00 2.579647126265064649e+00
2.383710942363426621e+00 2.496083533982015545e+00
2.390000417145388134e+00 2.278902684561972869e+00
2.396289891927349647e+00 2.294503448631365572e+00
2.402579366709311159e+00 3.478534956570274339e+00
2.408868841491272672e+00 2.638130653795073943e+00
2.415158316273234185e+00 3.075577753688703897e+00
2.421447791055195697e+00 2.278462595053571960e+00
2.427737265837157210e+00 2.227270192289925177e+00
2.434026740619118723e+00 2.028594235755162067e+00
2.440316215401080235e+00 2.059143634013580915e+00
2.446605690183041748e+00 3.106411561672956623e+00
2.452895164965003261e+00 2.086807433342517726e+00
2.459184639746965217e+00 2.252826552024966844e+00
2.465474114528926730e+00 3.875215265646420271e+00
2.471763589310888243e+00 3.890435046676985920e+00
2.478053064092849755e+00 2.133035161541941171e+00
2.484342538874811268e+00 3.657663945295334340e+00
2.490632013656772781e+00 3.425735233038930794e+00
2.496921488438734293e+00 3.881330148343798303e+00
2.503210963220695806e+00 2.352332943870207860e+00
2.509500438002657319e+00 3.102532119065747995e+00
2.515789912784618831e+00 3.038490944854058462e+00
2.522079387566580344e+00 2.820042598851121518e+00
2.528368862348541857e+00 2.146662101069436446e+00
2.534658337130503369e+00 3.376679653145193694e+00
2.540947811912465326e+00 2.486427629080352197e+00
2.547237286694426839e+00 3.708819391229659423e+00
2.553526761476388351e+00 2.891627424499347399e+00
2.559816236258349864e+00 2.957120887807531684e+00
2.566105711040311377e+00 3.444347517917329071e+00
2.572395185822272889e+00 3.335918232589473398e+00
2.578684660604234402e+00 2.950527194133855780e+00
2.584974135386195915e+00 2.375191858871052553e+00
2.591263610168157427e+00 3.114266217949672289e+00
2.597553084950118940e+00 3.134293581282438623e+00
2.603842559732080453e+00 2.662195332026455752e+00
2.610132034514041965e+00 3.126051579200530561e+00
2.616421509296003478e+00 1.766644911839613474e+00
2.622710984077965435e+00 2.633575243951072231e+00
2.629000458859926947e+00 1.887836665536430480e+00
2.635289933641888460e+00 1.818974149016460373e+00
2.641579408423849973e+00 1.976815282022705178e+00
2.647868883205811485e+00 1.763145734004144760e+00
2.654158357987772998e+00 2.300381855511948626e+00
2.660447832769734511e+00 2.558127067847014047e+00
2.666737307551696023e+00 1.606923967828895572e+00
2.673026782333657536e+00 3.004783064578977481e+00
2.679316257115619049e+00 2.852548751971033081e+00
2.685605731897580561e+00 3.195483546076291148e+00
2.691895206679542074e+00 2.153112308472728387e+00
2.698184681461504031e+00 1.607974844292638261e+00
2.704474156243465544e+00 1.370254962371713736e+00
2.710763631025427056e+00 2.794363031366997596e+00
2.717053105807388569e+00 2.479596910679990884e+00
2.723342580589350082e+00 2.931060115769690277e+00
2.729632055371311594e+00 2.428221782075213664e+00
2.735921530153273107e+00 2.103409922384773090e+00
2.742211004935234619e+00 2.184086977640463001e+00
2.748500479717196132e+00 8.949627602165716178e-01
2.754789954499157645e+00 2.641550350376633105e+00
2.761079429281119157e+00 1.960113179775273995e+00
2.767368904063080670e+00 1.177816968349240989e+00
2.773658378845042183e+00 1.178088237954481476e+00
2.779947853627004140e+00 1.207296796785728432e+00
2.786237328408965652e+00 1.315899318631230219e+00
2.792526803190927165e+00 1.025161210175619120e+00
2.798816277972888678e+00 9.170664869617115578e-01
2.805105752754850190e+00 1.582618624288174569e+00
2.811395227536811703e+00 6.597023103648833597e-01
2.817684702318773216e+00 1.079956473965178132e+00
2.823974177100734728e+00 5.005704207702899033e-01
2.830263651882696241e+00 7.622148752279123141e-01
2.836553126664657754e+00 4.528536516019196490e-02
2.842842601446619266e+00 -8.730810386212506380e-02
2.849132076228580779e+00 2.649472913678439512e-01
2.855421551010542291e+00 -1.331683613460418747e-01
2.861711025792504248e+00 8.538463376563411034e-01
2.868000500574465761e+00 1.436997134599618864e+00
2.874289975356427274e+00 -3.022229792917501268e-01
2.880579450138388786e+00 1.447194715142700039e-01
2.886868924920350299e+00 1.202627545450021707e+00
2.893158399702311812e+00 3.153511252566787437e-02
2.899447874484273324e+00 -6.414693057289859723e-01
2.905737349266234837e+00 -7.413830216040551147e-02
2.912026824048196350e+00 4.805904177335980076e-01
2.918316298830157862e+00 -2.896498591988085902e-01
2.924605773612119375e+00 8.807986688536678654e-01
2.930895248394080888e+00 5.478974548205093331e-01
2.937184723176042400e+00 -6.607298736135593931e-01
2.943474197958004357e+00 -2.811477929437122825e-02
2.949763672739965870e+00 -9.857668659795588706e-01
2.956053147521927382e+00 4.996454081370289568e-01
2.962342622303888895e+00 2.137445267868942622e-02
2.968632097085850408e+00 -9.283814399397807282e-01
2.974921571867811920e+00 -1.069820515263895100e+00
2.981211046649773433e+00 -3.504591825938321303e-01
2.987500521431734946e+00 9.953597151178272817e-02
2.993789996213696458e+00 -7.814496270710418191e-01
3.000079470995657971e+00 4.069041790987293350e-01
3.006368945777619484e+00 -1.022558986676878501e+00
3.012658420559580996e+00 -1.179995011537982474e+00
3.018947895341542953e+00 1.753682884250955532e-01
3.025237370123504466e+00 -2.016846783080923355e-01
3.031526844905465978e+00 -1.195693392412111589e-01
3.037816319687427491e+00 -1.309713414733461256e+00
3.044105794469389004e+00 -1.429680091784133689e+00
3.050395269251350516e+00 1.664285316322469122e-01
3.056684744033312029e+00 -1.077178435653029176e+00
3.062974218815273542e+00 -3.208333137803776047e-01
3.069263693597235054e+00 -1.156771250786174710e+00
3.075553168379196567e+00 -1.546354831589930479e+00
3.081842643161158080e+00 6.216626272315028956e-02
3.088132117943119592e+00 -9.746872355215769890e-01
3.094421592725081105e+00 -1.185571955394012278e+00
3.100711067507043062e+00 -1.271030747645020442e+00
3.107000542289004574e+00 -3.530715006839519887e-01
3.113290017070966087e+00 -5.208687601086896546e-01
3.119579491852927600e+00 -6.429510028094931329e-01
3.125868966634889112e+00 -1.370248984647981283e+00
3.132158441416850625e+00 2.059818845890533101e-01
3.138447916198812138e+00 -1.863974464811133380e-01
3.144737390980773650e+00 -1.986568896287455033e-02
3.151026865762735163e+00 -7.773348440768004242e-01
3.157316340544696676e+00 7.497868429623455455e-02
3.163605815326658188e+00 -3.402492610976013410e-01
3.169895290108619701e+00 -5.333933576900122819e-01
3.176184764890581214e+00 -1.283258227826790554e+00
3.182474239672543170e+00 1.147444990227335371e-01
3.188763714454504683e+00 -3.231791757902113815e-02
3.195053189236466196e+00 -1.204896674998335415e+00
3.201342664018427708e+00 -1.183966275879025698e+00
3.207632138800389221e+00 -9.927065489254558450e-01
3.213921613582350734e+00 -1.230795400448543520e+00
3.220211088364312246e+00 1.593038808677849083e-01
3.226500563146273759e+00 5.215843404508491155e-02
3.232790037928235272e+00 -9.159140825457576796e-01
3.239079512710196784e+00 -9.120773938182809015e-01
3.245368987492158297e+00 -1.023230090069839893e+00
3.251658462274119810e+00 3.125758933562339248e-01
3.257947937056081322e+00 1.218814371843885969e-01
3.264237411838043279e+00 -4.925299837160783678e-01
3.270526886620004792e+00 4.516622314947338346e-02
3.276816361401966304e+00 -9.689600444237747023e-01
3.283105836183927817e+00 -5.391885882840150579e-01
3.289395310965889330e+00 7.886418472605174479e-01
3.295684785747850842e+00 -9.488889606645647401e-01
3.301974260529812355e+00 -7.365758212413937578e-01
3.308263735311773868e+00 -1.475156151232899226e-01
3.314553210093735380e+00 1.588118430876317433e-02
3.320842684875696893e+00 8.407968565609666989e-01
3.327132159657658406e+00 3.038697191536215980e-01
3.333421634439619918e+00 -1.263141428742422523e-01
3.339711109221581431e+00 6.779196251278042373e-01
3.346000584003543388e+00 9.537133103477541951e-01
3.352290058785504900e+00 2.498568612589908700e-01
3.358579533567466413e+00 9.735530902606124304e-01
3.364869008349427926e+00 -6.762830025349897412e-02
3.371158483131389438e+00 9.268095300315447593e-01
3.377447957913350951e+00 -4.682390828609479527e-01
3.383737432695312464e+00 3.122651010307134767e-01
3.390026907477273976e+00 1.016578414423398025e+00
3.396316382259235489e+00 1.169186469752825808e+00
3.402605857041197002e+00 2.826164938389901238e-01
3.408895331823158514e+00 1.218415942332294666e+00
3.415184806605120027e+00 1.276145407653833441e+00
3.421474281387081540e+00 5.353669225532909914e-01
3.427763756169043496e+00 2.977972261088119854e-01
3.434053230951005009e+00 1.869584760568931969e-01
3.440342705732966522e+00 1.359999017769559115e+00
3.446632180514928034e+00 1.326107585067830774e+00
3.452921655296889547e+00 1.860571929691618553e+00
3.459211130078851060e+00 1.711605071356668395e+00
3.465500604860812572e+00 1.005352459561934753e+00
3.471790079642774085e+00 2.739187931640001961e-01
3.478079554424735598e+00 1.190176279561818040e+00
3.484369029206697110e+00 1.409089260834860635e+00
3.490658503988658623e+00 1.385464785996029624e+00
3.496947978770620136e+00 1.320339441925870050e+00
3.503237453552582092e+00 1.812578966452956575e+00
3.509526928334543605e+00 1.932362604245011717e+00
3.515816403116505118e+00 1.513642799350136015e+00
3.522105877898466630e+00 8.281805926548011509e-01
3.528395352680428143e+00 1.504346761488706941e+00
3.534684827462389656e+00 2.041376724527066422e+00
3.540974302244351168e+00 2.167744840542404461e+00
3.547263777026312681e+00 9.533522163083962830e-01
3.553553251808274194e+00 1.737871103749610846e+00
3.559842726590235706e+00 7.619167639004824633e-01
3.566132201372197219e+00 1.497668452582683329e+00
3.572421676154158732e+00 2.062363885955987630e+00
3.578711150936120244e+00 2.461426083874605375e+00
3.585000625718082201e+00 1.178914478860897397e+00
3.591290100500043714e+00 1.803489949676356119e+00
3.597579575282005226e+00 1.458902885040200381e+00
3.603869050063966739e+00 1.637946261058786712e+00
3.610158524845928252e+00 2.477019719921830898e+00
3.616447999627889764e+00 2.010078308358887345e+00
3.622737474409851277e+00 2.104748502294273571e+00
3.629026949191812790e+00 1.919740243252251899e+00
3.635316423973774302e+00 1.145543240015707731e+00
3.641605898755735815e+00 1.731929914357721589e+00
3.647895373537697328e+00 2.766558011711419240e+00
3.654184848319658840e+00 1.932477087385316095e+00
3.660474323101620353e+00 1.296154544894477123e+00
3.666763797883582310e+00 2.595772515277646519e+00
3.673053272665543822e+00 2.862094286056825254e+00
3.679342747447505335e+00 2.844275440742169536e+00
3.685632222229466848e+00 1.537818271175438234e+00
3.691921697011428360e+00 2.269122345428836063e+00
3.698211171793389873e+00 1.236656720141057653e+00
3.704500646575351386e+00 2.471095052773085943e+00
3.710790121357312898e+00 1.931696179837480987e+00
3.717079596139274411e+00 2.018876061027050639e+00
3.723369070921235924e+00 2.708354770572882320e+00
3.729658545703197436e+00 1.615497154202625518e+00
3.735948020485158949e+00 2.203292204090922191e+00
3.742237495267120462e+00 2.479299114183611596e+00
3.748526970049082419e+00 2.334962342614126385e+00
3.754816444831043931e+00 2.315420800348437780e+00
3.761105919613005444e+00 1.894314259991635607e+00
3.767395394394966956e+00 1.244473288711720027e+00
3.773684869176928469e+00 2.769488113191048928e+00
3.779974343958889982e+00 2.329064043918457116e+00
3.786263818740851494e+00 1.347009002364469854e+00
3.792553293522813007e+00 1.418571210542961758e+00
3.798842768304774520e+00 1.429412310084832383e+00
3.805132243086736032e+00 2.592426377741949395e+00
3.811421717868697545e+00 1.159742059730319852e+00
3.817711192650659058e+00 2.812833466024589946e+00
3.824000667432621015e+00 1.649795210845269589e+00
3.830290142214582527e+00 1.323022566443421866e+00
3.836579616996544040e+00 1.322823140405729125e+00
3.842869091778505553e+00 1.664893020483409147e+00
3.849158566560467065e+00 2.427332861889657689e+00
3.855448041342428578e+00 1.821297082586613714e+00
3.861737516124390091e+00 1.137369596196915467e+00
3.868026990906351603e+00 1.314117223252000421e+00
3.874316465688313116e+00 2.338535297042836358e+00
3.880605940470274628e+00 1.803202411517463855e+00
3.886895415252236141e+00 2.283584241080558908e+00
3.893184890034197654e+00 2.241312096295179579e+00
3.899474364816159166e+00 2.723608356428576460e+00
3.905763839598121123e+00 1.095015330213720883e+00
3.912053314380082636e+00 2.235416332496084735e+00
3.918342789162044149e+00 1.824414373048339311e+00
3.924632263944005661e+00 1.712266305673754818e+00
3.930921738725967174e+00 7.355154249479559647e-01
3.937211213507928687e+00 6.401220921366350680e-01
3.943500688289890199e+00 5.784095626409362367e-01
3.949790163071851712e+00 5.578241067655070884e-01
3.956079637853813225e+00 5.074289470925317236e-01
3.962369112635774737e+00 1.450454369014699818e+00
3.968658587417736250e+00 4.403906545249888227e-01
3.974948062199697763e+00 1.592855086678348187e+00
3.981237536981659275e+00 1.174980506946057046e+00
3.987527011763621232e+00 1.153363137058578403e+00
3.993816486545582745e+00 1.378351508629913180e+00
4.000105961327544257e+00 1.523525697239719090e+00
4.006395436109505326e+00 1.556976683307742082e+00
4.012684910891467283e+00 1.199237145276137451e+00
4.018974385673428351e+00 2.035683577341036887e+00
4.025263860455390308e+00 1.433329066097779547e+00
4.031553335237352265e+00 3.587624726456975499e-01
4.037842810019313333e+00 2.080755355143448337e+00
4.044132284801275290e+00 8.877993835466745087e-02
4.050421759583236359e+00 5.626067302755997090e-01
4.056711234365198315e+00 6.111621878003581365e-01
4.063000709147159384e+00 1.723827051962069978e+00
4.069290183929121341e+00 1.716740435789914310e+00
4.075579658711082409e+00 1.042998408913413666e+00
4.081869133493044366e+00 6.623778613507862456e-01
4.088158608275005435e+00 9.572739460077803741e-01
4.094448083056967391e+00 5.583744665029661824e-01
4.100737557838928460e+00 1.497119804966229761e+00
4.107027032620890417e+00 1.474613743488956130e+00
4.113316507402852373e+00 8.409389493522734238e-01
4.119605982184813442e+00 1.327589049571149094e+00
4.125895456966775399e+00 7.593261863420008861e-01
4.132184931748736467e+00 3.067425725261127556e-01
4.138474406530698424e+00 1.311223279571929412e+00
4.144763881312659493e+00 1.466047623722459115e+00
4.151053356094621449e+00 7.581486517430672256e-01
4.157342830876582518e+00 9.847999462575804941e-01
4.163632305658544475e+00 9.378525110461823910e-01
4.169921780440505543e+00 8.035678144360951514e-01
4.176211255222467500e+00 8.477290379115998142e-01
4.182500730004428569e+00 1.463116410743788176e+00
4.188790204786390525e+00 8.604386679777720204e-01
4.195079679568352482e+00 9.562537474004670912e-01
4.201369154350313551e+00 -4.334655151427678765e-01
4.207658629132275507e+00 1.474103354664507926e+00
4.213948103914236576e+00 1.181749534322577455e+00
4.220237578696198533e+00 1.377924829226432335e+00
4.226527053478159601e+00 1.407505854540162193e+00
4.232816528260121558e+00 1.484060961095746700e-01
4.239106003042082627e+00 6.564484828175067843e-01
4.245395477824044583e+00 -4.327988776567286422e-01
4.251684952606005652e+00 -4.649313267371151248e-01
4.257974427387967609e+00 -4.649567636375060431e-01
4.264263902169928677e+00 -5.056013272045734031e-01
4.270553376951890634e+00 1.008064861856542427e+00
4.276842851733852591e+00 6.531831627414036445e-01
4.283132326515813659e+00 5.955061132757966114e-02
4.289421801297775616e+00 7.032369838985723653e-01
4.295711276079736685e+00 6.011340045731468074e-01
4.302000750861698641e+00 8.326875725425366692e-01
4.308290225643659710e+00 -2.756483044951614225e-01
4.314579700425621667e+00 1.560338578413770216e-01
4.320869175207582735e+00 -1.038775101194518991e-01
4.327158649989544692e+00 1.257024365043923897e+00
4.333448124771505761e+00 1.096741681927718037e+00
4.339737599553467717e+00 8.768023424462313420e-01
4.346027074335428786e+00 5.115379126339866245e-01
4.352316549117390743e+00 1.749345944037812295e-01
4.358606023899352699e+00 3.884972290621112601e-01
4.364895498681313768e+00 6.183630313720115401e-01
4.371184973463275725e+00 1.255333852467547251e+00
4.377474448245236793e+00 3.110927263533358467e-02
4.383763923027198750e+00 1.052871602403050666e+00
4.390053397809159819e+00 1.391071246762785485e+00
4.396342872591121775e+00 7.125679895262826413e-01
4.402632347373082844e+00 1.363319106171943407e+00
4.408921822155044801e+00 5.796257026250439814e-01
4.415211296937005869e+00 5.901669190901159823e-02
4.421500771718967826e+00 3.450387661483345081e-02
4.427790246500929783e+00 -3.706326879356951487e-01
4.434079721282890851e+00 2.049804035210377462e-01
4.440369196064852808e+00 -4.800168703612239796e-01
4.446658670846813877e+00 -2.501051278457500082e-01
4.452948145628775833e+00 -1.553796206485460463e-01
4.459237620410736902e+00 -2.644728434502703340e-01
4.465527095192698859e+00 -4.853194969210613552e-01
4.471816569974659927e+00 1.018890441522263934e+00
4.478106044756621884e+00 8.211711176916820509e-01
4.484395519538582953e+00 9.070188736260176299e-02
4.490684994320544909e+00 2.435323367936653161e-01
4.496974469102505978e+00 1.751082233732139670e-01
4.503263943884467935e+00 1.568309812305641593e-01
4.509553418666429891e+00 7.686610106613711579e-01
4.515842893448390960e+00 1.486172404717732931e+00
4.522132368230352917e+00 7.478896502708411997e-01
4.528421843012313985e+00 5.828771984214997648e-01
4.534711317794275942e+00 5.034197903446838707e-01
4.541000792576237011e+00 1.422901771233284318e+00
4.547290267358198967e+00 1.238802709909376132e+00
4.553579742140160036e+00 8.965823456702753935e-02
4.559869216922121993e+00 5.292040179601733563e-01
4.566158691704083061e+00 1.639524586017998331e+00
4.572448166486045018e+00 1.318327477432121198e+00
4.578737641268006087e+00 1.380444972168329620e+00
4.585027116049968043e+00 -2.540184696288555477e-01
4.591316590831930000e+00 1.445954296653569227e+00
4.597606065613891069e+00 2.269718722650854170e-01
4.603895540395853025e+00 3.882460344307053779e-01
4.610185015177814094e+00 7.894267200718565469e-01
4.616474489959776051e+00 5.168392169725327667e-02
4.622763964741737119e+00 -2.768363774298903124e-01
4.629053439523699076e+00 3.923510967230610103e-01
4.635342914305660145e+00 1.586316958439271119e+00
4.641632389087622101e+00 -1.773959626909092924e-01
4.647921863869583170e+00 2.669053132098851977e-01
4.654211338651545127e+00 4.809533279645861192e-02
4.660500813433506195e+00 5.708068011492952731e-01
4.666790288215468152e+00 1.025632081436078646e+00
4.673079762997430109e+00 5.534160590474593855e-01
4.679369237779391177e+00 -2.687377629438655879e-02
4.685658712561353134e+00 1.272608286656447540e-01
4.691948187343314203e+00 7.899326133728510335e-01
4.698237662125276159e+00 1.545386419875940831e+00
4.704527136907237228e+00 -1.938094858005143806e-01
4.710816611689199185e+00 9.196537584999405768e-01
4.717106086471160253e+00 1.311700958501498704e+00
4.723395561253122210e+00 1.496282153316989882e+00
4.729685036035083279e+00 -8.539055378427468090e-02
4.735974510817045235e+00 1.331758927583926999e-01
4.742263985599006304e+00 1.373970605758037200e+00
4.748553460380968261e+00 8.265786816833926576e-01
4.754842935162930218e+00 1.991846190406459383e-01
4.761132409944891286e+00 5.513681328883670574e-01
4.767421884726853243e+00 -4.175344954546589271e-02
4.773711359508814311e+00 5.747989478094611693e-02
4.780000834290776268e+00 6.217913250339328624e-01
4.786290309072737337e+00 1.506269240198599757e+00
4.792579783854699293e+00 1.325901990648231887e+00
4.798869258636660362e+00 1.174481417272225992e+00
4.805158733418622319e+00 3.830597314479474158e-01
4.811448208200583387e+00 6.281227538211531236e-01
4.817737682982545344e+00 -5.619906304212435311e-02
4.824027157764506413e+00 8.261485664705586762e-02
4.830316632546468369e+00 3.775802976080547269e-01
4.836606107328430326e+00 8.161777705929565974e-01
4.842895582110391395e+00 1.145107262303731943e+00
4.849185056892353352e+00 1.835880591771105186e-01
4.855474531674314420e+00 1.444586502542965167e+00
4.861764006456276377e+00 5.200458996517969279e-01
4.868053481238237445e+00 -2.589798835517771458e-01
4.874342956020199402e+00 1.310897421095181148e+00
4.880632430802160471e+00 1.548593381821130044e-01
4.886921905584122428e+00 4.936590360399651933e-01
4.893211380366083496e+00 2.275434210794555767e-01
4.899500855148045453e+00 8.278707265461526799e-02
4.905790329930006521e+00 1.425840977111454411e+00
4.912079804711968478e+00 -3.866654530125017697e-01
4.918369279493930435e+00 -3.671983463825521099e-01
4.924658754275891503e+00 1.197999601576145601e+00
4.930948229057853460e+00 1.347909096801601869e+00
4.937237703839814529e+00 5.630837670094017700e-01
4.943527178621776486e+00 5.237235080888846817e-01
4.949816653403737554e+00 9.342889231219708712e-01
4.956106128185699511e+00 9.741112971848742141e-01
4.962395602967660579e+00 -3.599643077467644670e-01
4.968685077749622536e+00 4.833087248829827098e-01
4.974974552531583605e+00 -1.733387884782480182e-01
4.981264027313545562e+00 7.191765843059716445e-02
4.987553502095506630e+00 3.221588857861933386e-01
4.993842976877468587e+00 6.455753210718289115e-01
5.000132451659430544e+00 8.151856413296236781e-01
5.006421926441391612e+00 6.357668995050835825e-02
5.012711401223353569e+00 -6.966083009616520494e-01
5.019000876005314637e+00 1.012854297321398978e+00
5.025290350787276594e+00 1.096125339089798256e+00
5.031579825569237663e+00 1.233196204440150545e+00
5.037869300351199620e+00 5.099274499360504365e-01
5.044158775133160688e+00 -1.763621775874461006e-01
5.050448249915122645e+00 -7.303150895216661276e-01
5.056737724697083713e+00 -4.502415050663347573e-01
5.063027199479045670e+00 2.396607822047709391e-01
5.069316674261006739e+00 3.486936046527142619e-01
5.075606149042968696e+00 7.730600446389088720e-01
5.081895623824930652e+00 9.115904572987423293e-01
5.088185098606891721e+00 8.211010540539546154e-01
5.094474573388853678e+00 7.738678046290802248e-01
5.100764048170814746e+00 3.720172782648416554e-01
5.107053522952776703e+00 -1.736111520404892694e-02
5.113342997734737772e+00 7.246151504305413660e-01
5.119632472516699728e+00 7.219051346819038706e-02
5.125921947298660797e+00 -1.014229644011573894e-01
5.132211422080622754e+00 8.541205637958344532e-01
5.138500896862583822e+00 -8.110609203425878100e-01
5.144790371644545779e+00 2.323549985577156862e-01
5.151079846426506847e+00 -4.754559949761520965e-01
5.157369321208468804e+00 5.469519489430585413e-01
5.163658795990430761e+00 3.686163542851939035e-01
5.169948270772391830e+00 -3.432581166249514260e-01
5.176237745554353786e+00 -3.972877942931484219e-01
5.182527220336314855e+00 7.784548328943983186e-01
5.188816695118276812e+00 3.705107701274056309e-01
5.195106169900237880e+00 5.278827864901131095e-01
5.201395644682199837e+00 3.885888667129171470e-01
5.207685119464160906e+00 1.177340762276538833e+00
5.213974594246122862e+00 9.870865213760771084e-01
5.220264069028083931e+00 -5.811273939605596794e-01
5.226553543810045888e+00 1.224698678047098088e+00
5.232843018592006956e+00 9.294269774344845469e-01
5.239132493373968913e+00 -5.881505879002861814e-01
5.245421968155930870e+00 -5.658571969985306538e-01
5.251711442937891938e+00 1.174403789607127990e+00
5.258000917719853895e+00 4.828835455835640555e-01
5.264290392501814964e+00 6.242015904545175076e-01
5.270579867283776920e+00 2.837135265265142703e-01
5.276869342065737989e+00 -4.978405572602797591e-01
5.283158816847699946e+00 2.473627032562369932e-01
5.289448291629661014e+00 6.229919606622660311e-01
5.295737766411622971e+00 -2.765763400713137088e-01
5.302027241193584040e+00 3.800689456778022501e-01
5.308316715975545996e+00 -4.850164788074862177e-02
5.314606190757507953e+00 3.896741026757299386e-01
5.320895665539469022e+00 6.729400441052267867e-01
5.327185140321430978e+00 1.241757674554045066e+00
5.333474615103392047e+00 9.168465704389321402e-01
5.339764089885354004e+00 1.030167830547808472e-01
5.346053564667315072e+00 1.606678444599668687e+00
5.352343039449277029e+00 5.666470364930287218e-01
5.358632514231238098e+00 1.620740670734273969e+00
5.364921989013200054e+00 7.618582567622664836e-01
5.371211463795161123e+00 3.235984651749252983e-01
5.377500938577123080e+00 9.420094179940358137e-01
5.383790413359084148e+00 -4.550022130708808454e-02
5.390079888141046105e+00 3.200821736177276722e-01
5.396369362923008062e+00 1.810969347669472373e+00
5.402658837704969130e+00 -9.726321509929752862e-02
5.408948312486931087e+00 -4.998610815885085046e-02
5.415237787268892156e+00 -2.224115583028435372e-02
5.421527262050854112e+00 1.737554798907642084e+00
5.427816736832815181e+00 1.103688953220652635e+00
5.434106211614777138e+00 7.350132817202220670e-01
5.440395686396738206e+00 1.374749635700053263e+00
5.446685161178700163e+00 5.886971252468962135e-01
5.452974635960661232e+00 2.061056795865927604e+00
5.459264110742623188e+00 1.014272752467750394e+00
5.465553585524584257e+00 2.062697335090355466e+00
5.471843060306546214e+00 6.664580456795510255e-01
5.478132535088508170e+00 1.091353666105303155e+00
5.484422009870469239e+00 1.016525021874263635e+00
5.490711484652431196e+00 1.689827031666813362e+00
5.497000959434392264e+00 1.811501612972493458e+00
5.503290434216354221e+00 3.639119149470844694e-01
5.509579908998315290e+00 2.219167613389908311e+00
5.515869383780277246e+00 1.577979205469143942e+00
5.522158858562238315e+00 1.249193354088103503e+00
5.528448333344200272e+00 2.184349938905203903e+00
5.534737808126161340e+00 1.644151598189276253e+00
5.541027282908123297e+00 6.093920836566817378e-01
5.547316757690084366e+00 1.217308645664672229e+00
5.553606232472046322e+00 1.290992101516238444e+00
5.559895707254008279e+00 1.369472416074163812e+00
5.566185182035969348e+00 1.730312864447348442e+00
5.572474656817931304e+00 2.253986446914340469e+00
5.578764131599892373e+00 1.086067525409795786e+00
5.585053606381854330e+00 1.869361436441830504e+00
5.591343081163815398e+00 2.214762209374009583e+00
5.597632555945777355e+00 2.323696772592676041e+00
5.603922030727738424e+00 2.058890664032534179e+00
5.610211505509700380e+00 9.893089222457693843e-01
5.616500980291661449e+00 2.077272773017282415e+00
5.622790455073623406e+00 2.553236164380359163e+00
5.629079929855584474e+00 9.368915283786897197e-01
5.635369404637546431e+00 1.025789278531616722e+00
5.641658879419508388e+00 1.268901143033639434e+00
5.647948354201469456e+00 2.561003381911037824e+00
5.654237828983431413e+00 1.563711074530547140e+00
5.660527303765392482e+00 1.066113785571618511e+00
5.666816778547354438e+00 2.694108218806467114e+00
5.673106253329315507e+00 7.985942511217178907e-01
5.679395728111277464e+00 1.927385443736131299e+00
5.685685202893238532e+00 8.716884172902195083e-01
5.691974677675200489e+00 9.728822661499266777e-01
5.698264152457161558e+00 2.157648418215583064e+00
5.704553627239123514e+00 1.379681966764266354e+00
5.710843102021084583e+00 1.539005118423778740e+00
5.717132576803046540e+00 2.327504509352283257e+00
5.723422051585008496e+00 9.703427618111801767e-01
5.729711526366969565e+00 1.561249891487029196e+00
5.736001001148931522e+00 2.366584556716099907e+00
5.742290475930892590e+00 2.610010488214462576e+00
5.748579950712854547e+00 2.496274036041967292e+00
5.754869425494815616e+00 1.107550218629078209e+00
5.761158900276777572e+00 2.548351477325891512e+00
5.767448375058738641e+00 2.224570845543140329e+00
5.773737849840700598e+00 2.062162843424807157e+00
5.780027324622661666e+00 2.272558536455635991e+00
5.786316799404623623e+00 6.999921656279455284e-01
5.792606274186584692e+00 1.999916608798068873e+00
5.798895748968546648e+00 9.027241057800502455e-01
5.805185223750508605e+00 2.342190658864623742e+00
5.811474698532469674e+00 1.249192329251797684e+00
5.817764173314431631e+00 1.678813687987452896e+00
5.824053648096392699e+00 5.937300258928228658e-01
5.830343122878354656e+00 1.106459920650381790e+00
5.836632597660315724e+00 1.284897507854715570e+00
5.842922072442277681e+00 1.695777848777209718e+00
5.849211547224238750e+00 1.792712359212043083e+00
5.855501022006200706e+00 1.190093248652847047e+00
5.861790496788161775e+00 6.120614505902284286e-01
5.868079971570123732e+00 7.015526394420252831e-01
5.874369446352084800e+00 2.141444164393660365e+00
5.880658921134046757e+00 2.008377322330517245e+00
5.886948395916008714e+00 1.602281440475650687e+00
5.893237870697969782e+00 1.074928557227922576e+00
5.899527345479931739e+00 1.666010723071740252e+00
5.905816820261892808e+00 4.030722152235652334e-01
5.912106295043854765e+00 1.159584705200737309e+00
5.918395769825815833e+00 1.036180511417708061e-01
5.924685244607777790e+00 1.431321883762981084e+00
5.930974719389738858e+00 1.507145354328102815e+00
5.937264194171700815e+00 2.196251104509305829e-02
5.943553668953661884e+00 1.493575153748070150e+00
5.949843143735623840e+00 -3.336276866859351209e-01
5.956132618517584909e+00 -1.922886344702420813e-01
5.962422093299546866e+00 1.295170666492995393e+00
5.968711568081508823e+00 5.601068993677180696e-01
5.975001042863469891e+00 7.110663316164433922e-01
5.981290517645431848e+00 3.941997432814114966e-02
5.987579992427392916e+00 1.000993022867727289e+00
5.993869467209354873e+00 -1.120542725036013376e-01
6.000158941991315942e+00 1.518882587635628223e-01
6.006448416773277899e+00 1.169890428444516850e+00
6.012737891555238967e+00 2.546148749490639851e-02
6.019027366337200924e+00 1.117613343785143876e+00
6.025316841119161992e+00 5.780140636440933566e-01
6.031606315901123949e+00 -1.931896193379660787e-01
6.037895790683085906e+00 5.075335007707637569e-01
6.044185265465046974e+00 2.654031642581511363e-01
6.050474740247008931e+00 -3.247793303257588970e-01
6.056764215028970000e+00 -7.830223770140269934e-01
6.063053689810931957e+00 -2.209329790380638592e-01
6.069343164592893025e+00 -9.728548579821387765e-01
6.075632639374854982e+00 -9.690240935251628329e-01
6.081922114156816050e+00 -1.130203059522347120e+00
6.088211588938778007e+00 -2.004728260066577228e-01
6.094501063720739076e+00 5.556485967647653013e-01
6.100790538502701033e+00 -2.276083374185779995e-01
6.107080013284662101e+00 -1.193916598011041996e+00
6.113369488066624058e+00 -1.256349016743639968e+00
6.119658962848586015e+00 -1.109020159366060021e+00
6.125948437630547083e+00 1.383016661827161098e-01
6.132237912412509040e+00 1.748010317014492276e-01
6.138527387194470109e+00 2.520611479825336509e-01
6.144816861976432065e+00 -9.221337063317571747e-01
6.151106336758393134e+00 -5.877464892552410891e-01
6.157395811540355091e+00 -1.089640513378844711e+00
6.163685286322316159e+00 -8.471213370854226987e-01
6.169974761104278116e+00 -1.856571152648999412e+00
6.176264235886239184e+00 -7.062714349927337043e-01
6.182553710668201141e+00 -9.866556067205911607e-01
6.188843185450162210e+00 -8.055522937890740032e-01
6.195132660232124167e+00 -1.881543523762768233e+00
6.201422135014086123e+00 -4.857524855086277071e-01
6.207711609796047192e+00 -5.533192065323402353e-01
6.214001084578009149e+00 -8.488740673892321009e-01
6.220290559359970217e+00 -4.552816668660824018e-01
6.226580034141932174e+00 -1.672988634585587553e+00
6.232869508923893243e+00 -9.899772242699607094e-01
6.239158983705855199e+00 -7.317544012935170983e-01
6.245448458487816268e+00 -3.224450630963309194e-01
6.251737933269778225e+00 -1.672500798245627918e+00
6.258027408051739293e+00 -1.060071695131509451e+00
6.264316882833701250e+00 -1.795836597632818554e+00
6.270606357615662318e+00 -1.856001404081391692e+00
6.276895832397624275e+00 -1.964604356501523874e+00
6.283185307179586232e+00 -9.965774801514331038e-01
