0.000000000000000000e+00 -6.516867937446213510e-02
6.289474781961547356e-03 -7.078775368501660781e-02
1.257894956392309471e-02 1.017433255031247707e+00
1.886842434588464207e-02 5.366765070351827704e-01
2.515789912784618942e-02 9.915046137802735471e-02
3.144737390980773678e-02 1.015139346745490556e+00
3.773684869176928414e-02 9.524638762092552113e-02
4.402632347373083149e-02 5.353317647676232305e-01
5.031579825569237885e-02 1.474329694701383753e+00
5.660527303765392620e-02 -4.130274035728213056e-01
6.289474781961547356e-02 1.477683190471305252e+00
6.918422260157702786e-02 1.491196860425324067e+00
7.547369738353856827e-02 6.491391565383310969e-01
8.176317216550010869e-02 -1.713036829422829865e-01
8.805264694746166299e-02 8.137064154109163727e-01
9.434212172942321728e-02 9.775970517429604101e-01
1.006315965113847577e-01 2.178399856477692409e-01
1.069210712933462981e-01 7.634137882299348865e-01
1.132105460753078524e-01 -1.103667641382005682e-01
1.195000208572694067e-01 1.490403873105681454e+00
1.257894956392309471e-01 -1.562608693707062124e-01
1.320789704211924875e-01 1.100240502326765846e+00
1.383684452031540557e-01 -2.836314376265882675e-01
1.446579199851155961e-01 1.765382946052627133e-01
1.509473947670771365e-01 1.240113894446283282e+00
1.572368695490386770e-01 1.085899698308703254e-01
1.635263443310002174e-01 1.083891916151280999e+00
1.698158191129617856e-01 9.870349552906364510e-01
1.761052938949233260e-01 4.776061961231874431e-01
1.823947686768848664e-01 -2.010188586033485603e-01
1.886842434588464346e-01 8.486113354073258064e-01
1.949737182408079750e-01 8.006060163830472920e-01
2.012631930227695154e-01 -1.018610580095255513e-01
2.075526678047310558e-01 1.295959233794145682e+00
2.138421425866925962e-01 4.315361505503569894e-01
2.201316173686541644e-01 -2.109451642657258486e-01
2.264210921506157048e-01 1.276219586254086380e+00
2.327105669325772452e-01 7.671804375928987785e-01
2.390000417145388134e-01 1.440394381457448469e+00
2.452895164965003538e-01 1.025904221115923942e+00
2.515789912784618942e-01 1.397222955227982233e+00
2.578684660604234624e-01 4.975849746106925653e-01
2.641579408423849751e-01 -2.234946652634764996e-01
2.704474156243465433e-01 -2.730803846271059321e-01
2.767368904063081114e-01 -2.705572061572275033e-01
2.830263651882696241e-01 1.455355590882482009e+00
2.893158399702311923e-01 5.549992478915908301e-01
2.956053147521927049e-01 5.995645301583859554e-01
3.018947895341542731e-01 3.413780463294352474e-02
3.081842643161158413e-01 3.415656833962394945e-01
3.144737390980773539e-01 -1.925207348501731808e-01
3.207632138800389221e-01 1.173425166626584470e+00
3.270526886620004348e-01 5.970563758692122303e-01
3.333421634439620029e-01 4.797516619843896768e-01
3.396316382259235711e-01 3.048483953428471338e-01
3.459211130078850838e-01 9.905030303752033749e-01
3.522105877898466519e-01 -3.956126894431855057e-02
3.585000625718082201e-01 9.517864781839232569e-01
3.647895373537697328e-01 -4.163519377006230648e-01
3.710790121357313009e-01 1.278827874995553504e+00
3.773684869176928691e-01 2.894046892740596011e-01
3.836579616996543818e-01 -1.611777448073248298e-02
3.899474364816159500e-01 -6.033011223047897165e-01
3.962369112635774626e-01 -6.202913723065917040e-03
4.025263860455390308e-01 -5.215451124573154962e-01
4.088158608275005990e-01 9.261129091146685921e-01
4.151053356094621116e-01 2.347626508365368014e-01
4.213948103914236798e-01 1.222050481479729944e+00
4.276842851733851925e-01 1.832588817466470621e-01
4.339737599553467606e-01 1.100153382513367140e+00
4.402632347373083288e-01 -6.693507237479170424e-01
4.465527095192698415e-01 -6.637908946377348851e-01
4.528421843012314096e-01 9.018537389896881251e-01
4.591316590831929778e-01 9.519815433983573882e-01
4.654211338651544905e-01 3.835552728655415855e-01
4.717106086471160586e-01 -7.722594326429160771e-01
4.780000834290776268e-01 -8.777698507235742742e-01
4.842895582110391395e-01 8.114409178625462404e-01
4.905790329930007077e-01 -1.745926658721854707e-01
4.968685077749622203e-01 -8.077542417709042688e-01
5.031579825569237885e-01 4.185296304055023953e-01
5.094474573388853011e-01 -4.659629220966323704e-01
5.157369321208469248e-01 5.912138841672793799e-01
5.220264069028084375e-01 -9.865736963911206914e-01
5.283158816847699502e-01 -3.243136416429408531e-01
5.346053564667315738e-01 -1.020301147873428071e+00
5.408948312486930865e-01 2.134694711240832099e-01
5.471843060306545992e-01 8.070911990079070453e-01
5.534737808126162228e-01 1.262143096552565957e-01
5.597632555945777355e-01 -1.067728521221213533e+00
5.660527303765392482e-01 6.138204937118594273e-01
5.723422051585007608e-01 -8.562212186452466955e-01
5.786316799404623845e-01 6.968577546150394042e-01
5.849211547224238972e-01 -2.826934445600834955e-01
5.912106295043854098e-01 4.468802107454608041e-01
5.975001042863470335e-01 -6.866906219044870419e-01
6.037895790683085462e-01 -1.176484242597293450e+00
6.100790538502700588e-01 -9.279886581534388945e-01
6.163685286322316825e-01 -7.088955173444331237e-01
6.226580034141931952e-01 6.095234891929399712e-01
6.289474781961547079e-01 4.108947681095997950e-02
6.352369529781163315e-01 1.924248837454696215e-01
6.415264277600778442e-01 -9.394209387160250557e-01
6.478159025420393569e-01 -2.241138858087181607e-01
6.541053773240008695e-01 -7.188402799944864086e-01
6.603948521059624932e-01 -7.238804196890633591e-01
6.666843268879240059e-01 -4.062376181590579005e-01
6.729738016698855185e-01 -8.850662882698090428e-01
6.792632764518471422e-01 4.867681328778079575e-01
6.855527512338086549e-01 2.173743555526717053e-01
6.918422260157701675e-01 4.556713755219805595e-01
6.981317007977317912e-01 -9.737341712248568371e-01
7.044211755796933039e-01 -6.888074210877357384e-01
7.107106503616548165e-01 1.128074521109783124e-01
7.170001251436164402e-01 2.031383810021432090e-01
7.232895999255779529e-01 6.659881733438022255e-01
7.295790747075394655e-01 -2.299443693520641929e-01
7.358685494895010892e-01 -5.838820935601929385e-02
7.421580242714626019e-01 -6.873580631188334067e-01
7.484474990534241146e-01 7.041488518625484971e-01
7.547369738353857382e-01 2.549715020916472064e-01
7.610264486173472509e-01 2.215581963225929929e-01
7.673159233993087636e-01 -9.499676983971141464e-01
7.736053981812702762e-01 -6.323214931141485362e-01
7.798948729632318999e-01 -1.394900483857643980e-01
7.861843477451934126e-01 -3.417145326730317567e-01
7.924738225271549252e-01 -1.914351445271555985e-01
7.987632973091165489e-01 5.675424263661434932e-01
8.050527720910780616e-01 6.605298933905205949e-01
8.113422468730395742e-01 -8.347375162996433229e-01
8.176317216550011979e-01 -8.407412750161571413e-01
8.239211964369627106e-01 6.675047945941225969e-02
8.302106712189242232e-01 -9.348046181969971169e-01
8.365001460008858469e-01 6.555719590268882513e-01
8.427896207828473596e-01 -8.814358235418199294e-01
8.490790955648088723e-01 -3.014239098013036244e-01
8.553685703467703849e-01 1.050668620423389488e+00
8.616580451287320086e-01 -1.726441478132214602e-01
8.679475199106935213e-01 6.690725751838022539e-01
8.742369946926550339e-01 -6.483557808445992166e-01
8.805264694746166576e-01 1.102085670303946996e+00
8.868159442565781703e-01 -3.073174031015082353e-01
8.931054190385396829e-01 -6.450288062632838493e-01
8.993948938205013066e-01 5.051561542354809919e-02
9.056843686024628193e-01 -5.769813401138299547e-01
9.119738433844243319e-01 1.057193810511185328e+00
9.182633181663859556e-01 5.427839904458702236e-01
9.245527929483474683e-01 5.174188401701891316e-01
9.308422677303089809e-01 1.066644792505444528e+00
9.371317425122706046e-01 1.466541337084987351e+00
9.434212172942321173e-01 2.780388347634663582e-01
9.497106920761936300e-01 6.947341931691939365e-01
9.560001668581552536e-01 5.559182562237507952e-01
9.622896416401167663e-01 1.654174328788483805e+00
9.685791164220782790e-01 -1.605939784276227134e-01
9.748685912040397916e-01 -8.887279786765081568e-02
9.811580659860014153e-01 1.138069004584163213e-01
9.874475407679629280e-01 2.922222195006090040e-01
9.937370155499244406e-01 1.541900680305028359e+00
1.000026490331886064e+00 1.401412772437671928e+00
1.006315965113847577e+00 3.626951793817592140e-01
1.012605439895809090e+00 1.069214307942686126e+00
1.018894914677770602e+00 3.731806330879383626e-01
1.025184389459732115e+00 1.059076327221773806e+00
1.031473864241693850e+00 1.479667542727082674e+00
1.037763339023655362e+00 3.400000745334891272e-01
1.044052813805616875e+00 1.467579398708763083e+00
1.050342288587578388e+00 1.640326797599941377e+00
1.056631763369539900e+00 2.099586115646859596e+00
1.062921238151501413e+00 4.620720482471353807e-01
1.069210712933463148e+00 1.010817247255779261e+00
1.075500187715424660e+00 1.431683561373503721e+00
1.081789662497386173e+00 2.138217699656100201e+00
1.088079137279347686e+00 2.180480625032526820e+00
1.094368612061309198e+00 1.093999107687695149e+00
1.100658086843270711e+00 2.384899830228210060e+00
1.106947561625232446e+00 2.328047137353931539e+00
1.113237036407193958e+00 2.562041770979583966e+00
1.119526511189155471e+00 2.450608062278376575e+00
1.125815985971116984e+00 1.561280649175407209e+00
1.132105460753078496e+00 1.442704032374507062e+00
1.138394935535040009e+00 1.579019842814410435e+00
1.144684410317001522e+00 2.524656326851597576e+00
1.150973885098963256e+00 1.372092372639825975e+00
1.157263359880924769e+00 2.356526329209385651e+00
1.163552834662886282e+00 2.781605351114895264e+00
1.169842309444847794e+00 2.271890068481083436e+00
1.176131784226809307e+00 1.500263353713360726e+00
1.182421259008770820e+00 2.827698516373924775e+00
1.188710733790732554e+00 1.448147505559247428e+00
1.195000208572694067e+00 1.929723455650928621e+00
1.201289683354655580e+00 2.894752210025175465e+00
1.207579158136617092e+00 2.380360759386127789e+00
1.213868632918578605e+00 1.815005414986263110e+00
1.220158107700540118e+00 3.056529271406760451e+00
1.226447582482501630e+00 2.991434412050234748e+00
1.232737057264463365e+00 1.876586496150565386e+00
1.239026532046424878e+00 2.373364311024846351e+00
1.245316006828386390e+00 1.167426279694496305e+00
1.251605481610347903e+00 1.716097296124620142e+00
1.257894956392309416e+00 2.905938859266193219e+00
1.264184431174270928e+00 2.845147576661561928e+00
1.270473905956232663e+00 2.028487454816924718e+00
1.276763380738194176e+00 1.761834095694415181e+00
1.283052855520155688e+00 1.638459207352772395e+00
1.289342330302117201e+00 1.410007919371804030e+00
1.295631805084078714e+00 2.793562487309006137e+00
1.301921279866040226e+00 2.934030338735275301e+00
1.308210754648001739e+00 1.432702770151677907e+00
1.314500229429963474e+00 2.980362428223576998e+00
1.320789704211924986e+00 1.300771771095972307e+00
1.327079178993886499e+00 2.384605964006509815e+00
1.333368653775848012e+00 2.982035611613785164e+00
1.339658128557809524e+00 1.417862282411180841e+00
1.345947603339771037e+00 2.237534482609187414e+00
1.352237078121732772e+00 1.853876873181449669e+00
1.358526552903694284e+00 2.339849364272266197e+00
1.364816027685655797e+00 1.241716655008754167e+00
1.371105502467617310e+00 1.385089962205483305e+00
1.377394977249578822e+00 2.505675582714791183e+00
1.383684452031540335e+00 2.341950056215462261e+00
1.389973926813502070e+00 1.237448468051019823e+00
1.396263401595463582e+00 2.727571820953033299e+00
1.402552876377425095e+00 2.544363618613943778e+00
1.408842351159386608e+00 2.125537321258080148e+00
1.415131825941348120e+00 2.178696647286638921e+00
1.421421300723309633e+00 2.727456772756735148e+00
1.427710775505271146e+00 2.584494021411650966e+00
1.434000250287232880e+00 1.460768099804339748e+00
1.440289725069194393e+00 2.627970322209464804e+00
1.446579199851155906e+00 1.457337115529745430e+00
1.452868674633117418e+00 1.393270495002229881e+00
1.459158149415078931e+00 9.085280708557121887e-01
1.465447624197040444e+00 2.341105640606371718e+00
1.471737098979002178e+00 2.202041906897536094e+00
1.478026573760963691e+00 2.357849709356555579e+00
1.484316048542925204e+00 1.962769064217910309e+00
1.490605523324886716e+00 1.911247667559347274e+00
1.496894998106848229e+00 1.008706930381012112e+00
1.503184472888809742e+00 7.014549199063915275e-01
1.509473947670771476e+00 9.521528124515497016e-01
1.515763422452732989e+00 1.283030162348288261e+00
1.522052897234694502e+00 3.070905489746391104e-01
1.528342372016656014e+00 1.584874449279864428e-01
1.534631846798617527e+00 1.358078471484367444e+00
1.540921321580579040e+00 1.557517374607923832e+00
1.547210796362540552e+00 1.474252208806897446e+00
1.553500271144502287e+00 3.571344909825805991e-01
1.559789745926463800e+00 3.001389812675810953e-01
1.566079220708425312e+00 1.692259838354324586e+00
1.572368695490386825e+00 7.707080535240309338e-01
1.578658170272348338e+00 3.265096653279397909e-02
1.584947645054309850e+00 1.390821391198466817e+00
1.591237119836271585e+00 2.598917982161542128e-01
1.597526594618233098e+00 -2.337869838228386343e-01
1.603816069400194610e+00 1.617953220696033423e-01
1.610105544182156123e+00 -5.625014528803431446e-01
1.616395018964117636e+00 -5.677448625239831514e-01
1.622684493746079148e+00 4.143857132171233637e-01
1.628973968528040661e+00 6.808996815561455529e-01
1.635263443310002396e+00 -5.758297174640738536e-01
1.641552918091963909e+00 9.771258353255277695e-01
1.647842392873925421e+00 7.853067223364116334e-01
1.654131867655886934e+00 4.582780585946610863e-01
1.660421342437848446e+00 8.468031633062198527e-01
1.666710817219809959e+00 -8.876011506260053086e-01
1.673000292001771694e+00 -8.850338896878635619e-01
1.679289766783733207e+00 5.530048420314410684e-01
1.685579241565694719e+00 3.189007715555234324e-01
1.691868716347656232e+00 -1.011001490000339897e+00
1.698158191129617745e+00 1.786563929982600829e-01
1.704447665911579257e+00 -1.266759181011492208e+00
1.710737140693540770e+00 -1.107590821455443741e+00
1.717026615475502505e+00 -6.910551271069960144e-01
1.723316090257464017e+00 -9.833679051768891011e-01
1.729605565039425530e+00 -1.000985066302616078e+00
1.735895039821387043e+00 -6.799080276750555374e-01
1.742184514603348555e+00 1.245364191741269444e-01
1.748473989385310068e+00 -4.245725260538528723e-01
1.754763464167271803e+00 2.908583167941196646e-01
1.761052938949233315e+00 -3.567299641297709822e-01
1.767342413731194828e+00 -9.287824108033384540e-01
1.773631888513156341e+00 -3.768201869614304922e-01
1.779921363295117853e+00 -1.380943698325913349e+00
1.786210838077079366e+00 -6.110380531065828791e-02
1.792500312859041101e+00 -1.390502026655443535e+00
1.798789787641002613e+00 -1.345224686346146115e+00
1.805079262422964126e+00 -1.174553897807763203e+00
1.811368737204925639e+00 -1.689316838121499798e+00
1.817658211986887151e+00 -1.794337520714421874e-01
1.823947686768848664e+00 -1.617475658461150489e+00
1.830237161550810177e+00 -5.655154530723300876e-01
1.836526636332771911e+00 -3.788364912792923089e-01
1.842816111114733424e+00 -6.330605280769538989e-01
1.849105585896694937e+00 -1.679502127326826466e+00
1.855395060678656449e+00 -1.759105312922292663e+00
1.861684535460617962e+00 -1.238368523930071463e+00
1.867974010242579475e+00 -1.918973497866051758e+00
1.874263485024541209e+00 -1.043517659316945956e-01
1.880552959806502722e+00 -1.794252278306018633e+00
1.886842434588464235e+00 -9.771410616009523764e-02
1.893131909370425747e+00 -1.842118161948411714e-01
1.899421384152387260e+00 -9.772424653163007680e-01
1.905710858934348773e+00 -1.422994443730010161e-01
1.912000333716310507e+00 -1.241081326581171096e+00
1.918289808498272020e+00 -9.916958139485720913e-02
1.924579283280233533e+00 -7.990583568364142408e-01
1.930868758062195045e+00 -2.405344780468687826e-01
1.937158232844156558e+00 -6.205405465966571388e-01
1.943447707626118071e+00 -4.440656095743955589e-03
1.949737182408079583e+00 -1.434043972022765123e+00
1.956026657190041318e+00 -1.270961483108341783e+00
1.962316131972002831e+00 -2.608659375011914694e-01
1.968605606753964343e+00 -1.017373082304051435e+00
1.974895081535925856e+00 -8.531552463435043698e-02
1.981184556317887369e+00 -1.332023588419582127e+00
1.987474031099848881e+00 -1.358943042557495984e+00
1.993763505881810616e+00 -1.378854996081826378e-01
2.000052980663772129e+00 2.051851732230478564e-01
2.006342455445733641e+00 -9.359762095106409774e-01
2.012631930227695154e+00 -1.142872207027633591e+00
2.018921405009656667e+00 -1.269233223052316673e+00
2.025210879791618179e+00 -3.571751693609659384e-02
2.031500354573579692e+00 -6.478451252930588211e-01
2.037789829355541205e+00 2.569594302006419362e-01
2.044079304137502717e+00 2.036607967179695500e-01
2.050368778919464230e+00 -2.855670025727841121e-02
2.056658253701426187e+00 -7.760768943700546707e-01
2.062947728483387699e+00 -1.076780842371148017e+00
2.069237203265349212e+00 -6.127245422139060427e-01
2.075526678047310725e+00 -1.230483650008921348e+00
2.081816152829272237e+00 -1.461555878212008608e-01
2.088105627611233750e+00 6.666975655834765924e-01
2.094395102393195263e+00 -6.573431097260760136e-01
2.100684577175156775e+00 -5.885322409659785592e-01
2.106974051957118288e+00 7.657976035894397127e-01
2.113263526739079801e+00 -2.898597886539228119e-01
2.119553001521041313e+00 4.000804026172866124e-02
2.125842476303002826e+00 8.205359265245845135e-01
2.132131951084964339e+00 6.554104805128726507e-01
2.138421425866926295e+00 2.098557806633258860e-01
2.144710900648887808e+00 -4.497946423477778843e-01
2.151000375430849321e+00 8.700448517225876088e-01
2.157289850212810833e+00 1.036483231151805740e-01
2.163579324994772346e+00 1.954660276482142467e-01
2.169868799776733859e+00 7.676369586700437786e-01
2.176158274558695371e+00 9.755334949123259936e-01
2.182447749340656884e+00 -2.230887605566665988e-01
2.188737224122618397e+00 1.023521966592152221e+00
2.195026698904579909e+00 1.428379968563239233e+00
2.201316173686541422e+00 4.846195395234165759e-01
2.207605648468502935e+00 1.453618189257673832e+00
2.213895123250464891e+00 3.766643172758836755e-01
2.220184598032426404e+00 1.582051958499270050e+00
2.226474072814387917e+00 1.522950370476598314e+00
2.232763547596349429e+00 1.004468553496192573e+00
2.239053022378310942e+00 3.485685129732698506e-01
2.245342497160272455e+00 7.909498171830973146e-01
2.251631971942233967e+00 1.037397256383731037e+00
2.257921446724195480e+00 2.411412589585326671e+00
2.264210921506156993e+00 1.621399258081287709e+00
2.270500396288118505e+00 1.484986494710539562e+00
2.276789871070080018e+00 1.349255478432354494e+00
2.283079345852041531e+00 1.413196624551092961e+00
2.289368820634003043e+00 2.018137465800370567e+00
2.295658295415965000e+00 1.169388329935977522e+00
2.301947770197926513e+00 1.871719162707190520e+00
2.308237244979888025e+00 1.610349546249337571e+00
2.314526719761849538e+00 1.333701536892536454e+00
2.320816194543811051e+00 1.471194078428516461e+00
2.327105669325772563e+00 2.263923129720980754e+00
2.333395144107734076e+00 1.553004409271138808e+00
2.339684618889695589e+00 1.783233892507980478e+00
2.345974093671657101e+00 1.314329716925814129e+00
2.352263568453618614e+00 1.839671026849253987e+00
2.358553043235580127e+00 2.889151368438536149e+00
2.364842518017541639e+00 1.532254203666499226e+00
2.371131992799503152e+00 1.765997515795678430e+00
2.377421467581465109e+00 3.347931899775506537e+00
2.383710942363426621e+00 2.943287597023170221e+00
2.390000417145388134e+00 3.218444364308733263e+00
2.396289891927349647e+00 2.190800105611939941e+00
2.402579366709311159e+00 3.426800031554819270e+00
2.408868841491272672e+00 1.967137218858366676e+00
2.415158316273234185e+00 1.886911650238929150e+00
2.421447791055195697e+00 2.530895934414284287e+00
2.427737265837157210e+00 3.003227721515293158e+00
2.434026740619118723e+00 2.610880475436986536e+00
2.440316215401080235e+00 1.842394846578290002e+00
2.446605690183041748e+00 3.191873661670076689e+00
2.452895164965003261e+00 2.890632538579193778e+00
2.459184639746965217e+00 1.987764174755384916e+00
2.465474114528926730e+00 2.999723303911732586e+00
2.471763589310888243e+00 1.997943782640963617e+00
2.478053064092849755e+00 3.474339765754735687e+00
2.484342538874811268e+00 3.773339627493683679e+00
2.490632013656772781e+00 3.051914948431316610e+00
2.496921488438734293e+00 2.949797171332928514e+00
2.503210963220695806e+00 2.606383431610459933e+00
2.509500438002657319e+00 2.611130645408864304e+00
2.515789912784618831e+00 2.091221611144594927e+00
2.522079387566580344e+00 3.909779361905600936e+00
2.528368862348541857e+00 3.826234629089113604e+00
2.534658337130503369e+00 1.973706538806711430e+00
2.540947811912465326e+00 2.274121336399176130e+00
2.547237286694426839e+00 2.562572578885639274e+00
2.553526761476388351e+00 2.766648969092636356e+00
2.559816236258349864e+00 2.059469578584655736e+00
2.566105711040311377e+00 2.597145709387023160e+00
2.572395185822272889e+00 3.766632015470063433e+00
2.578684660604234402e+00 3.358678075164771570e+00
2.584974135386195915e+00 2.265028442476124670e+00
2.591263610168157427e+00 2.051344163977465662e+00
2.597553084950118940e+00 3.101518099043777177e+00
2.603842559732080453e+00 2.379057741627193856e+00
2.610132034514041965e+00 3.014900577556417272e+00
2.616421509296003478e+00 2.897681379220812481e+00
2.622710984077965435e+00 3.026771680238974582e+00
2.629000458859926947e+00 3.095126319409353233e+00
2.635289933641888460e+00 2.726524802199602249e+00
2.641579408423849973e+00 2.550093411280708988e+00
2.647868883205811485e+00 1.647256855814220211e+00
2.654158357987772998e+00 3.278973196992334582e+00
2.660447832769734511e+00 2.891977305923214558e+00
2.666737307551696023e+00 2.762236179671892167e+00
2.673026782333657536e+00 3.300246050764757300e+00
2.679316257115619049e+00 1.323037239712149926e+00
2.685605731897580561e+00 2.224387316586701857e+00
2.691895206679542074e+00 1.786442488696435849e+00
2.698184681461504031e+00 2.389953747263760420e+00
2.704474156243465544e+00 2.731050110799005282e+00
2.710763631025427056e+00 1.224197762711809467e+00
2.717053105807388569e+00 2.538124798030935825e+00
2.723342580589350082e+00 1.133681653985923576e+00
2.729632055371311594e+00 9.509974669933639602e-01
2.735921530153273107e+00 9.288714911170066202e-01
2.742211004935234619e+00 2.382952425834270027e+00
2.748500479717196132e+00 7.624426106511629220e-01
2.754789954499157645e+00 1.708263180936778536e+00
2.761079429281119157e+00 8.182349854782532406e-01
2.767368904063080670e+00 6.127567666367492727e-01
2.773658378845042183e+00 8.348990751811873334e-01
2.779947853627004140e+00 1.466365853402941344e+00
2.786237328408965652e+00 1.449817308151235329e+00
2.792526803190927165e+00 1.580385696735540746e+00
2.798816277972888678e+00 1.990394031106946349e+00
2.805105752754850190e+00 8.739180363585633549e-01
2.811395227536811703e+00 2.071100891622598361e+00
2.817684702318773216e+00 1.241858200572778959e+00
2.823974177100734728e+00 3.575524924705832941e-01
2.830263651882696241e+00 1.745585197770477492e+00
2.836553126664657754e+00 2.000294749113199211e-01
2.842842601446619266e+00 8.494017339400961042e-01
2.849132076228580779e+00 3.682666053908963399e-01
2.855421551010542291e+00 7.222134460834184200e-01
2.861711025792504248e+00 1.278467462409299760e+00
2.868000500574465761e+00 6.458843857872537120e-02
2.874289975356427274e+00 1.067723179762297470e+00
2.880579450138388786e+00 2.287288134737778256e-01
2.886868924920350299e+00 -1.140617098902124704e-01
2.893158399702311812e+00 -2.309670266771887137e-01
2.899447874484273324e+00 -1.573319142654669989e-01
2.905737349266234837e+00 9.841243495768792204e-02
2.912026824048196350e+00 -3.776860879381804814e-01
2.918316298830157862e+00 5.831028837612575177e-01
2.924605773612119375e+00 6.056107201401282891e-01
2.930895248394080888e+00 -9.137503662156412076e-01
2.937184723176042400e+00 7.836798218714682296e-01
2.943474197958004357e+00 8.620356650613969496e-01
2.949763672739965870e+00 9.992411607312723376e-02
2.956053147521927382e+00 3.685706854381156639e-01
2.962342622303888895e+00 -1.029246937864761735e+00
2.968632097085850408e+00 -9.834649780149968823e-01
2.974921571867811920e+00 2.649881132770883774e-01
2.981211046649773433e+00 -4.033081435735612619e-01
2.987500521431734946e+00 -7.097306993089433913e-01
2.993789996213696458e+00 2.639335763482402175e-01
3.000079470995657971e+00 -2.540210739963995046e-01
3.006368945777619484e+00 4.902411653685938564e-01
3.012658420559580996e+00 2.170658358100638896e-01
3.018947895341542953e+00 -1.227552801673778227e+00
3.025237370123504466e+00 -2.811904198377277453e-01
3.031526844905465978e+00 -9.922765248254770132e-01
3.037816319687427491e+00 -1.438157189544483128e+00
3.044105794469389004e+00 -1.224738364938551261e+00
3.050395269251350516e+00 -1.539402969451888481e-01
3.056684744033312029e+00 2.889148919403423665e-01
3.062974218815273542e+00 -4.142895703288433928e-01
3.069263693597235054e+00 -1.476259407160317005e+00
3.075553168379196567e+00 -1.070363306974102091e+00
3.081842643161158080e+00 1.082233686080693591e-01
3.088132117943119592e+00 -5.797243098596867039e-01
3.094421592725081105e+00 -1.619807221742462611e+00
3.100711067507043062e+00 -4.457230243140750670e-01
3.107000542289004574e+00 -3.235396972391335613e-01
3.113290017070966087e+00 -8.028079932855851641e-01
3.119579491852927600e+00 1.522104257412633110e-01
3.125868966634889112e+00 -2.390221746806096004e-01
3.132158441416850625e+00 1.711661510688307075e-01
3.138447916198812138e+00 -3.082119714073923156e-01
3.144737390980773650e+00 -1.151206148928275885e+00
3.151026865762735163e+00 -3.635488679358811481e-04
3.157316340544696676e+00 -7.187592564796518868e-01
3.163605815326658188e+00 -5.622368741367091971e-01
3.169895290108619701e+00 -1.585453031053387640e-01
3.176184764890581214e+00 -1.312997976052493465e+00
3.182474239672543170e+00 -1.250394662672564383e+00
3.188763714454504683e+00 -1.587741593718170918e+00
3.195053189236466196e+00 -3.267927514760016194e-02
3.201342664018427708e+00 -6.139473753585331650e-01
3.207632138800389221e+00 -6.819912057474057931e-01
3.213921613582350734e+00 2.842456001731228366e-01
3.220211088364312246e+00 -2.605500358808245931e-01
3.226500563146273759e+00 -4.579119643873865719e-01
3.232790037928235272e+00 -2.364182725920764838e-01
3.239079512710196784e+00 -6.326238003667650212e-01
3.245368987492158297e+00 -2.410060621945842030e-01
3.251658462274119810e+00 4.620282820513252897e-01
3.257947937056081322e+00 -9.016812667102935830e-01
3.264237411838043279e+00 4.101412891039053488e-01
3.270526886620004792e+00 -9.694623537862592233e-01
3.276816361401966304e+00 -3.132901690984295495e-01
3.283105836183927817e+00 4.657755858600101107e-01
3.289395310965889330e+00 -3.000492577151758766e-01
3.295684785747850842e+00 -1.932292395005748009e-01
3.301974260529812355e+00 -1.109993438072251815e+00
3.308263735311773868e+00 -4.559715215925108645e-02
3.314553210093735380e+00 4.935540294239852965e-01
3.320842684875696893e+00 -4.929205262810001376e-01
3.327132159657658406e+00 -2.200660348144501954e-01
3.333421634439619918e+00 -8.302255047190583159e-01
3.339711109221581431e+00 -7.854176434284195762e-01
3.346000584003543388e+00 -7.236846907063780865e-01
3.352290058785504900e+00 4.075898635147601201e-01
3.358579533567466413e+00 -3.673465668635778059e-01
3.364869008349427926e+00 7.429023573006572345e-01
3.371158483131389438e+00 -9.999862288995864379e-02
3.377447957913350951e+00 -4.614741900380159301e-02
3.383737432695312464e+00 3.916835466333201676e-02
3.390026907477273976e+00 -4.884752472564624082e-01
3.396316382259235489e+00 8.925903355315418786e-01
3.402605857041197002e+00 1.476952035700624943e+00
3.408895331823158514e+00 1.467509227752458179e-01
3.415184806605120027e+00 -1.599643857448261874e-01
3.421474281387081540e+00 1.585802156117323225e+00
3.427763756169043496e+00 5.250801448484609946e-01
3.434053230951005009e+00 9.432408736092827706e-01
3.440342705732966522e+00 8.126132413573237123e-01
3.446632180514928034e+00 9.053710331153580482e-01
3.452921655296889547e+00 1.730721970817057809e+00
3.459211130078851060e+00 1.864202661543077788e+00
3.465500604860812572e+00 1.920098734453796752e+00
3.471790079642774085e+00 8.709540467026701815e-01
3.478079554424735598e+00 1.445566001716034998e+00
3.484369029206697110e+00 1.123687909547925301e+00
3.490658503988658623e+00 2.000970223813482551e+00
3.496947978770620136e+00 8.579614582911661014e-01
3.503237453552582092e+00 1.071317405403042100e+00
3.509526928334543605e+00 2.048112152960717580e+00
3.515816403116505118e+00 2.172735643110124126e+00
3.522105877898466630e+00 1.365642775875774761e+00
3.528395352680428143e+00 5.449642715376976643e-01
3.534684827462389656e+00 1.481205765017650666e+00
3.540974302244351168e+00 2.260530301553882015e+00
3.547263777026312681e+00 2.464228784710448039e+00
3.553553251808274194e+00 2.109570691082710781e+00
3.559842726590235706e+00 1.359596888703881623e+00
3.566132201372197219e+00 8.148690791898348662e-01
3.572421676154158732e+00 1.975952593034921989e+00
3.578711150936120244e+00 1.057581973889319737e+00
3.585000625718082201e+00 2.128887601982788258e+00
3.591290100500043714e+00 9.381751654115519923e-01
3.597579575282005226e+00 1.620897971335212961e+00
3.603869050063966739e+00 2.114812873076344246e+00
3.610158524845928252e+00 1.789116304470573127e+00
3.616447999627889764e+00 2.662517122016238691e+00
3.622737474409851277e+00 2.433528366589363667e+00
3.629026949191812790e+00 1.572787769172328654e+00
3.635316423973774302e+00 2.269059878440736977e+00
3.641605898755735815e+00 2.700217166599076180e+00
3.647895373537697328e+00 1.386560693196726923e+00
3.654184848319658840e+00 1.470198793891001499e+00
3.660474323101620353e+00 1.462916706723395244e+00
3.666763797883582310e+00 1.978333047691146485e+00
3.673053272665543822e+00 1.626095230222557086e+00
3.679342747447505335e+00 2.561763477087326102e+00
3.685632222229466848e+00 1.668299526642653241e+00
3.691921697011428360e+00 1.144357370127353057e+00
3.698211171793389873e+00 1.437364136753223054e+00
3.704500646575351386e+00 1.246392783441913510e+00
3.710790121357312898e+00 3.048950965978553196e+00
3.717079596139274411e+00 2.186022570168824508e+00
3.723369070921235924e+00 2.379701069964595295e+00
3.729658545703197436e+00 1.401399392734849370e+00
3.735948020485158949e+00 2.531346539313000132e+00
3.742237495267120462e+00 1.303774586834408389e+00
3.748526970049082419e+00 1.253677518288858872e+00
3.754816444831043931e+00 1.665263320641406031e+00
3.761105919613005444e+00 1.814625444824812472e+00
3.767395394394966956e+00 2.143189657395732084e+00
3.773684869176928469e+00 2.471318541637857358e+00
3.779974343958889982e+00 2.749390523057583469e+00
3.786263818740851494e+00 2.946447765179643241e+00
3.792553293522813007e+00 2.251861614918952537e+00
3.798842768304774520e+00 1.083859606958615496e+00
3.805132243086736032e+00 1.801114526364683277e+00
3.811421717868697545e+00 2.571166942686859080e+00
3.817711192650659058e+00 1.040232904405067549e+00
3.824000667432621015e+00 1.331455958442898879e+00
3.830290142214582527e+00 1.002699744754269817e+00
3.836579616996544040e+00 2.711892771218723297e+00
3.842869091778505553e+00 1.685448469496409585e+00
3.849158566560467065e+00 1.325308948189216185e+00
3.855448041342428578e+00 1.158414708747790955e+00
3.861737516124390091e+00 2.338233957046323752e+00
3.868026990906351603e+00 2.533980973250155255e+00
3.874316465688313116e+00 1.906210699302334444e+00
3.880605940470274628e+00 1.153515605207759975e+00
3.886895415252236141e+00 1.478140554470197099e+00
3.893184890034197654e+00 2.482158801461432418e+00
3.899474364816159166e+00 1.819663471083335704e+00
3.905763839598121123e+00 9.447682692249029790e-01
3.912053314380082636e+00 7.157197133796976418e-01
3.918342789162044149e+00 2.282496382442249949e+00
3.924632263944005661e+00 1.038262447628458762e+00
3.930921738725967174e+00 2.222862416444936873e+00
3.937211213507928687e+00 1.181689392028975272e+00
3.943500688289890199e+00 9.650669353548750884e-01
3.949790163071851712e+00 8.307188089887725946e-01
3.956079637853813225e+00 6.059745627847019644e-01
3.962369112635774737e+00 9.952296914360110325e-01
3.968658587417736250e+00 1.562138127513928332e+00
3.974948062199697763e+00 1.888543604797469744e+00
3.981237536981659275e+00 1.531717796357703776e+00
3.987527011763621232e+00 4.078324194609269648e-01
3.993816486545582745e+00 4.655679742853399694e-01
4.000105961327544257e+00 2.203906534901369785e+00
4.006395436109505326e+00 1.802462218731847532e+00
4.012684910891467283e+00 8.952591175358616260e-01
4.018974385673428351e+00 2.127922303643356994e-01
4.025263860455390308e+00 1.496276272128722162e+00
4.031553335237352265e+00 1.539692899477193899e+00
4.037842810019313333e+00 1.332597779352589384e+00
4.044132284801275290e+00 8.166310734174158092e-01
4.050421759583236359e+00 1.374806074976617110e+00
4.056711234365198315e+00 1.582215479936780467e+00
4.063000709147159384e+00 1.355631894738431042e-01
4.069290183929121341e+00 1.878544610524371050e+00
4.075579658711082409e+00 1.204940702289481136e+00
4.081869133493044366e+00 1.853877451047477143e+00
4.088158608275005435e+00 1.482905512184396812e+00
4.094448083056967391e+00 3.367062104149185497e-01
4.100737557838928460e+00 1.805238258242782390e+00
4.107027032620890417e+00 4.740302066157910388e-01
4.113316507402852373e+00 8.045466258282307770e-01
4.119605982184813442e+00 -1.400203421136342330e-01
4.125895456966775399e+00 1.477142878988497277e+00
4.132184931748736467e+00 9.115432361367061809e-01
4.138474406530698424e+00 1.510011206940010897e+00
4.144763881312659493e+00 3.322242872548956116e-01
4.151053356094621449e+00 1.015704141549311323e+00
4.157342830876582518e+00 -3.410139008547626305e-01
4.163632305658544475e+00 5.339028870283171191e-01
4.169921780440505543e+00 6.717688002895261246e-01
4.176211255222467500e+00 3.956609807463593032e-01
4.182500730004428569e+00 5.044047390587179658e-01
4.188790204786390525e+00 5.099666074294746387e-01
4.195079679568352482e+00 1.479251699210727633e+00
4.201369154350313551e+00 1.091544847011525210e+00
4.207658629132275507e+00 1.262238400474871014e+00
4.213948103914236576e+00 1.260569388291225890e+00
4.220237578696198533e+00 7.076042956737003120e-01
4.226527053478159601e+00 -8.582781926675053796e-03
4.232816528260121558e+00 1.203173756587086363e+00
4.239106003042082627e+00 8.709452575123763918e-01
4.245395477824044583e+00 -2.446014188952871926e-01
4.251684952606005652e+00 -3.180453217827947654e-01
4.257974427387967609e+00 2.665799980759941956e-01
4.264263902169928677e+00 3.829523673460799582e-01
4.270553376951890634e+00 4.612167655899865881e-01
4.276842851733852591e+00 -4.389422748894966642e-02
4.283132326515813659e+00 5.534089833560411620e-01
4.289421801297775616e+00 -4.546396682572864112e-01
4.295711276079736685e+00 -5.635168918734851928e-01
4.302000750861698641e+00 7.058089984838857855e-01
4.308290225643659710e+00 -1.786720866100215410e-01
4.314579700425621667e+00 5.623832331923807049e-01
4.320869175207582735e+00 9.009785665965163171e-01
4.327158649989544692e+00 9.338368964291202667e-01
4.333448124771505761e+00 8.338704324787944433e-01
4.339737599553467717e+00 1.123544645793819186e+00
4.346027074335428786e+00 4.113222557497094867e-01
4.352316549117390743e+00 7.906580576148070083e-01
4.358606023899352699e+00 1.599156000302507374e-01
4.364895498681313768e+00 7.972390064503220852e-02
4.371184973463275725e+00 2.531593160162974865e-01
4.377474448245236793e+00 1.089218387836324631e+00
4.383763923027198750e+00 2.853220336659902934e-01
4.390053397809159819e+00 1.196019325560450763e+00
4.396342872591121775e+00 -2.840502863588501015e-02
4.402632347373082844e+00 3.746407177781061471e-01
4.408921822155044801e+00 5.929934996992847207e-01
4.415211296937005869e+00 -2.549741804239527010e-01
4.421500771718967826e+00 8.978641941436494855e-01
4.427790246500929783e+00 2.113894053479568047e-01
4.434079721282890851e+00 3.029788654813719839e-01
4.440369196064852808e+00 1.284749075436165011e+00
4.446658670846813877e+00 9.315868820954937846e-01
4.452948145628775833e+00 9.645038666116774184e-01
4.459237620410736902e+00 1.005405223664482817e+00
4.465527095192698859e+00 2.023424003775781133e-01
4.471816569974659927e+00 -3.740747704966166376e-01
4.478106044756621884e+00 5.773593696926286878e-01
4.484395519538582953e+00 -2.132626759947895412e-01
4.490684994320544909e+00 1.362247202682079550e+00
4.496974469102505978e+00 1.411411871800793305e+00
4.503263943884467935e+00 4.511324621204988450e-01
4.509553418666429891e+00 1.217504382250059192e-01
4.515842893448390960e+00 1.180301260226338300e+00
4.522132368230352917e+00 3.383101344707185043e-01
4.528421843012313985e+00 1.341509146692223098e+00
4.534711317794275942e+00 3.051451056979844756e-01
4.541000792576237011e+00 1.369133898830919627e+00
4.547290267358198967e+00 1.415861996793183364e+00
4.553579742140160036e+00 -2.948482923731193250e-01
4.559869216922121993e+00 1.509078610022198230e+00
4.566158691704083061e+00 9.799361891606332975e-01
4.572448166486045018e+00 1.247382259792025661e+00
4.578737641268006087e+00 1.115156673580921076e+00
4.585027116049968043e+00 1.056909929376837809e+00
4.591316590831930000e+00 -1.602584964863960626e-01
4.597606065613891069e+00 1.574199114766408503e+00
4.603895540395853025e+00 3.032392508770139772e-01
4.610185015177814094e+00 1.454456091528761208e+00
4.616474489959776051e+00 1.557136199110874530e+00
4.622763964741737119e+00 9.221920733899129363e-01
4.629053439523699076e+00 1.142257151699739071e+00
4.635342914305660145e+00 7.359997589735608470e-01
4.641632389087622101e+00 -6.075465016632619619e-02
4.647921863869583170e+00 6.777785070375880183e-01
4.654211338651545127e+00 -3.461224178496813408e-03
4.660500813433506195e+00 -2.384239947243703139e-01
4.666790288215468152e+00 5.223859641864911918e-01
4.673079762997430109e+00 1.236797277003905959e-01
4.679369237779391177e+00 9.357676168088319146e-01
4.685658712561353134e+00 1.532852966405905182e+00
4.691948187343314203e+00 2.523294462443805841e-01
4.698237662125276159e+00 4.429256135412421025e-02
4.704527136907237228e+00 -1.402407129245921702e-01
4.710816611689199185e+00 8.586829749327474781e-01
4.717106086471160253e+00 6.420675292395803258e-01
4.723395561253122210e+00 6.927538070904742940e-02
4.729685036035083279e+00 2.429466831946874295e-01
4.735974510817045235e+00 1.011819641319383400e+00
4.742263985599006304e+00 1.123176937031812095e+00
4.748553460380968261e+00 -2.202399624776900100e-01
4.754842935162930218e+00 1.332782716909431064e+00
4.761132409944891286e+00 1.123959060761106521e+00
4.767421884726853243e+00 1.608005340391185145e+00
4.773711359508814311e+00 2.366629485004019817e-01
4.780000834290776268e+00 1.133309966968924609e+00
4.786290309072737337e+00 1.003693126583212969e+00
4.792579783854699293e+00 7.809361921382569349e-01
4.798869258636660362e+00 1.370244324279930037e+00
4.805158733418622319e+00 4.631713190568951810e-01
4.811448208200583387e+00 7.309774168032812103e-01
4.817737682982545344e+00 1.572098352501881235e+00
4.824027157764506413e+00 1.312277602133314902e+00
4.830316632546468369e+00 8.820659873098618542e-02
4.836606107328430326e+00 1.440696153102528410e+00
4.842895582110391395e+00 3.065024816292446497e-01
4.849185056892353352e+00 1.251533382115142867e+00
4.855474531674314420e+00 -9.594792666413798354e-02
4.861764006456276377e+00 7.865958018101710802e-01
4.868053481238237445e+00 1.221432264037410675e+00
4.874342956020199402e+00 -1.509219623415917200e-01
4.880632430802160471e+00 1.024849282247340954e+00
4.886921905584122428e+00 -1.399292759105467132e-01
4.893211380366083496e+00 8.074517315230904657e-01
4.899500855148045453e+00 6.143192848931614547e-01
4.905790329930006521e+00 5.676868525058831327e-02
4.912079804711968478e+00 4.825939047728191600e-01
4.918369279493930435e+00 3.036643731696750947e-01
4.924658754275891503e+00 -3.805154782830355575e-01
4.930948229057853460e+00 9.586828022308082620e-01
4.937237703839814529e+00 -1.964685265944310366e-01
4.943527178621776486e+00 2.454540311451887113e-01
4.949816653403737554e+00 7.971817918777222012e-01
4.956106128185699511e+00 4.458143334227295806e-01
4.962395602967660579e+00 6.325101708354476937e-01
4.968685077749622536e+00 -5.221325845961942713e-01
4.974974552531583605e+00 1.579105210715914254e-02
4.981264027313545562e+00 -3.966783551951948983e-01
4.987553502095506630e+00 -2.347725992037911213e-01
4.993842976877468587e+00 -3.893847441256559350e-02
5.000132451659430544e+00 7.932418651037547175e-01
5.006421926441391612e+00 7.814865700094388856e-01
5.012711401223353569e+00 -4.227215632496182929e-01
5.019000876005314637e+00 -7.655913391605584373e-02
5.025290350787276594e+00 4.740477267469118683e-01
5.031579825569237663e+00 8.843084111048860052e-02
5.037869300351199620e+00 1.067956761436627655e+00
5.044158775133160688e+00 -6.110752320240396829e-01
5.050448249915122645e+00 1.068681294449353558e+00
5.056737724697083713e+00 -1.798240425922957852e-01
5.063027199479045670e+00 -4.065308981667477006e-01
5.069316674261006739e+00 -3.217935482096441202e-01
5.075606149042968696e+00 9.132883188256613050e-01
5.081895623824930652e+00 6.288316146788615058e-01
5.088185098606891721e+00 -4.605858848972678166e-01
5.094474573388853678e+00 5.384991705334918333e-02
5.100764048170814746e+00 3.139118975091965691e-01
5.107053522952776703e+00 -1.754979013513959796e-01
5.113342997734737772e+00 -6.219176092002762779e-01
5.119632472516699728e+00 1.152186229959235586e-01
5.125921947298660797e+00 -2.183299088643962937e-01
5.132211422080622754e+00 1.080280383997976434e+00
5.138500896862583822e+00 -3.237815598450055621e-01
5.144790371644545779e+00 1.065668792363879458e+00
5.151079846426506847e+00 7.051025386272913309e-01
5.157369321208468804e+00 1.094200946136722585e+00
5.163658795990430761e+00 4.729265840330998394e-01
5.169948270772391830e+00 2.722179346427150426e-01
5.176237745554353786e+00 1.425371402798983889e-01
5.182527220336314855e+00 2.269516017926309637e-02
5.188816695118276812e+00 7.008625274585059683e-01
5.195106169900237880e+00 1.012829127649703675e+00
5.201395644682199837e+00 1.192376394618473334e+00
5.207685119464160906e+00 -4.385623449275065644e-01
5.213974594246122862e+00 1.961708035091487279e-01
5.220264069028083931e+00 -3.721691715506021403e-01
5.226553543810045888e+00 5.726638051233681193e-01
5.232843018592006956e+00 -7.165287844081269508e-01
5.239132493373968913e+00 4.320171500544669474e-01
5.245421968155930870e+00 -3.308594967769478146e-01
5.251711442937891938e+00 4.116469027160583050e-01
5.258000917719853895e+00 9.650481839724969202e-01
5.264290392501814964e+00 -4.387502009907178202e-01
5.270579867283776920e+00 -4.970264708679281718e-01
5.276869342065737989e+00 -2.548852474780072264e-01
5.283158816847699946e+00 5.687608651692418471e-01
5.289448291629661014e+00 7.523386893292645095e-01
5.295737766411622971e+00 7.113661830304773837e-02
5.302027241193584040e+00 1.386845662802066670e+00
5.308316715975545996e+00 6.534813342390555224e-02
5.314606190757507953e+00 2.037360153814297692e-01
5.320895665539469022e+00 -2.662733953935380038e-01
5.327185140321430978e+00 -3.646939270857589843e-01
5.333474615103392047e+00 2.286616959519205405e-03
5.339764089885354004e+00 -6.960405982798295588e-02
5.346053564667315072e+00 1.610899998619503282e-01
5.352343039449277029e+00 2.345283938062432960e-01
5.358632514231238098e+00 1.393525223291825377e+00
5.364921989013200054e+00 9.735918388474379404e-02
5.371211463795161123e+00 9.060203814562319824e-01
5.377500938577123080e+00 8.628059932786621422e-01
5.383790413359084148e+00 5.967121431470425730e-01
5.390079888141046105e+00 1.649387478387293271e+00
5.396369362923008062e+00 6.917992053799290053e-01
5.402658837704969130e+00 1.313760174118096868e+00
5.408948312486931087e+00 7.899775520749408031e-02
5.415237787268892156e+00 4.700630929618710430e-01
5.421527262050854112e+00 -4.447864240724386242e-02
5.427816736832815181e+00 1.705179554161837752e+00
5.434106211614777138e+00 8.966681864229572030e-01
5.440395686396738206e+00 1.896464395292418281e+00
5.446685161178700163e+00 1.548915559005410891e+00
5.452974635960661232e+00 1.163655150802928251e+00
5.459264110742623188e+00 1.433100903473522703e+00
5.465553585524584257e+00 9.635411595672254137e-01
5.471843060306546214e+00 1.206078963255312386e+00
5.478132535088508170e+00 8.870634801638874745e-01
5.484422009870469239e+00 8.382377693131284335e-01
5.490711484652431196e+00 2.003994877115341300e+00
5.497000959434392264e+00 1.469767481769932882e+00
5.503290434216354221e+00 2.086604294098628909e+00
5.509579908998315290e+00 1.391583607409482060e+00
5.515869383780277246e+00 1.310040391822974826e+00
5.522158858562238315e+00 1.805546744656026492e+00
5.528448333344200272e+00 7.490798409336369978e-01
5.534737808126161340e+00 1.703921258574958575e+00
5.541027282908123297e+00 1.156014408161502471e+00
5.547316757690084366e+00 2.434582775351602724e+00
5.553606232472046322e+00 5.342532566698106056e-01
5.559895707254008279e+00 1.322070431110468958e+00
5.566185182035969348e+00 2.179848145748324306e+00
5.572474656817931304e+00 7.305074234988252480e-01
5.578764131599892373e+00 6.295571023603496741e-01
5.585053606381854330e+00 2.399251748627234893e+00
5.591343081163815398e+00 1.490331080069597469e+00
5.597632555945777355e+00 1.533259622676305334e+00
5.603922030727738424e+00 7.122974702636293287e-01
5.610211505509700380e+00 1.919204325137534584e+00
5.616500980291661449e+00 2.282592294674872235e+00
5.622790455073623406e+00 2.557083416884549543e+00
5.629079929855584474e+00 1.069672281693868410e+00
5.635369404637546431e+00 2.337748394537523478e+00
5.641658879419508388e+00 1.929556824965203532e+00
5.647948354201469456e+00 2.338513424679439012e+00
5.654237828983431413e+00 9.748838234596024499e-01
5.660527303765392482e+00 2.084914857658055176e+00
5.666816778547354438e+00 8.583451267108712646e-01
5.673106253329315507e+00 2.720388119134335536e+00
5.679395728111277464e+00 2.590123803914543110e+00
5.685685202893238532e+00 2.471639870170903475e+00
5.691974677675200489e+00 1.611059197839176171e+00
5.698264152457161558e+00 2.143293105314282077e+00
5.704553627239123514e+00 1.521413021731761628e+00
5.710843102021084583e+00 1.883023459389567833e+00
5.717132576803046540e+00 2.240297694503666115e+00
5.723422051585008496e+00 2.188327219031567239e+00
5.729711526366969565e+00 1.787541543498498031e+00
5.736001001148931522e+00 2.031244344936379065e+00
5.742290475930892590e+00 1.665646471168996667e+00
5.748579950712854547e+00 1.501077374922285435e+00
5.754869425494815616e+00 7.662866045079994581e-01
5.761158900276777572e+00 1.183357866551232984e+00
5.767448375058738641e+00 1.695338428722017676e+00
5.773737849840700598e+00 2.344684374064275545e+00
5.780027324622661666e+00 1.358668740116707907e+00
5.786316799404623623e+00 2.528273575715740407e+00
5.792606274186584692e+00 1.755508793018718094e+00
5.798895748968546648e+00 1.931329702044197738e+00
5.805185223750508605e+00 1.319153259412327861e+00
5.811474698532469674e+00 1.112719240480043892e+00
5.817764173314431631e+00 4.712557030456447360e-01
5.824053648096392699e+00 2.377682542642105989e+00
5.830343122878354656e+00 5.108410027928982355e-01
5.836632597660315724e+00 6.059525529843767799e-01
5.842922072442277681e+00 1.431110471030840658e+00
5.849211547224238750e+00 1.182676216730457863e+00
5.855501022006200706e+00 1.987322551541106597e+00
5.861790496788161775e+00 5.047599587654356679e-01
5.868079971570123732e+00 2.105400632807436168e+00
5.874369446352084800e+00 3.053488323288326978e-01
5.880658921134046757e+00 1.427063025565792564e+00
5.886948395916008714e+00 1.206822035654297798e+00
5.893237870697969782e+00 1.717975299957933188e+00
5.899527345479931739e+00 1.988117046112936936e+00
5.905816820261892808e+00 8.463265783148044008e-01
5.912106295043854765e+00 1.134796994581703800e-01
5.918395769825815833e+00 1.857937779256640942e+00
5.924685244607777790e+00 9.055761367194750111e-01
5.930974719389738858e+00 5.598003926694603560e-01
5.937264194171700815e+00 1.708982346436587196e+00
5.943553668953661884e+00 1.062688082288399949e-01
5.949843143735623840e+00 7.241032058826604167e-01
5.956132618517584909e+00 4.684444486162425147e-01
5.962422093299546866e+00 1.266140568454537929e+00
5.968711568081508823e+00 3.536994553291163967e-01
5.975001042863469891e+00 -1.891804749946390807e-02
5.981290517645431848e+00 1.831832259793553241e-01
5.987579992427392916e+00 3.270439813718228894e-01
5.993869467209354873e+00 -5.310921839733704353e-01
6.000158941991315942e+00 1.250943680480748332e+00
6.006448416773277899e+00 1.069729025787357957e+00
6.012737891555238967e+00 -1.849105295244477531e-01
6.019027366337200924e+00 1.022181774593899029e+00
6.025316841119161992e+00 -2.890191886577260227e-01
6.031606315901123949e+00 -1.038968564029805197e-01
6.037895790683085906e+00 1.548224582267423433e-01
6.044185265465046974e+00 3.348793569485351007e-01
6.050474740247008931e+00 -7.909612204357576726e-01
6.056764215028970000e+00 8.246944363341324191e-02
6.063053689810931957e+00 5.310493096642030508e-01
6.069343164592893025e+00 -3.135682913501336433e-01
6.075632639374854982e+00 -1.256529493919466667e+00
6.081922114156816050e+00 1.169790634091181225e-01
6.088211588938778007e+00 -4.835864729699188569e-01
6.094501063720739076e+00 -8.947435056838939360e-01
6.100790538502701033e+00 -1.227607073375323932e+00
6.107080013284662101e+00 4.682415018928403061e-01
6.113369488066624058e+00 -5.143060488414938902e-01
6.119658962848586015e+00 -2.138742380252198760e-01
6.125948437630547083e+00 -5.924429225694407553e-01
6.132237912412509040e+00 -7.911156590207302219e-01
6.138527387194470109e+00 -3.501075896702832146e-02
6.144816861976432065e+00 2.157454639651161798e-01
6.151106336758393134e+00 -1.330833575503576505e+00
6.157395811540355091e+00 -1.756519817218206603e+00
6.163685286322316159e+00 -1.735332694053935754e+00
6.169974761104278116e+00 -1.040594408797513637e+00
6.176264235886239184e+00 -2.315576091914559598e-01
6.182553710668201141e+00 -4.600152165860298403e-01
6.188843185450162210e+00 -4.120373992031123311e-01
6.195132660232124167e+00 -5.418494082835725312e-01
6.201422135014086123e+00 -4.525637001385618419e-02
6.207711609796047192e+00 -1.249726427945430762e+00
6.214001084578009149e+00 -1.804617842699793417e+00
6.220290559359970217e+00 -1.969936689239538907e+00
6.226580034141932174e+00 -2.159323641303054764e-01
6.232869508923893243e+00 -2.130922276241102864e-01
6.239158983705855199e+00 -5.926463349118467061e-01
6.245448458487816268e+00 -2.059537057393912463e+00
6.251737933269778225e+00 -1.292932086716252593e+00
6.258027408051739293e+00 -1.056788538008471834e+00
6.264316882833701250e+00 -6.463085476209873281e-01
6.270606357615662318e+00 -9.529692817370756242e-01
6.276895832397624275e+00 -1.976631751109815260e+00
6.283185307179586232e+00 -4.364915825126041149e-01
