0.000000000000000000e+00 -1.721729156878382128e-02
6.289474781961547356e-03 9.478276342737030902e-01
1.257894956392309471e-02 9.533192928677187705e-01
1.886842434588464207e-02 4.706558769838992129e-01
2.515789912784618942e-02 7.754544922455068878e-01
3.144737390980773678e-02 1.259496485181827330e+00
3.773684869176928414e-02 1.510093186090394557e+00
4.402632347373083149e-02 -4.070170521118587903e-01
5.031579825569237885e-02 1.279478449608732138e+00
5.660527303765392620e-02 7.865938477611184032e-01
6.289474781961547356e-02 7.148379488474685406e-01
6.918422260157702786e-02 6.857009098623743082e-01
7.547369738353856827e-02 7.667797032043599526e-01
8.176317216550010869e-02 9.347804664500285465e-01
8.805264694746166299e-02 -1.122275884247342370e-02
9.434212172942321728e-02 5.718892711941814255e-01
1.006315965113847577e-01 3.889007466819677239e-02
1.069210712933462981e-01 4.861711612242104463e-01
1.132105460753078524e-01 2.486895625460128212e-02
1.195000208572694067e-01 1.438426016409187991e+00
1.257894956392309471e-01 1.414732922755202571e+00
1.320789704211924875e-01 1.058727799165362971e+00
1.383684452031540557e-01 1.625395986396208858e+00
1.446579199851155961e-01 -3.568573907654326582e-02
1.509473947670771365e-01 5.038757730998137951e-01
1.572368695490386770e-01 1.451090530129596434e+00
1.635263443310002174e-01 1.580968943409723604e+00
1.698158191129617856e-01 -3.385724239124031643e-01
1.761052938949233260e-01 6.200648304544604805e-01
1.823947686768848664e-01 6.647926224119629079e-01
1.886842434588464346e-01 2.264640284700804029e-01
1.949737182408079750e-01 1.736587946656476533e-01
2.012631930227695154e-01 1.275804640203351825e+00
2.075526678047310558e-01 1.638981182345859988e+00
2.138421425866925962e-01 1.569668812645007794e+00
2.201316173686541644e-01 -1.087274379491787180e-02
2.264210921506157048e-01 2.118032179230656675e-01
2.327105669325772452e-01 4.906381985566166115e-02
2.390000417145388134e-01 4.187074852831007554e-01
2.452895164965003538e-01 1.610134695928105764e+00
2.515789912784618942e-01 -4.030650984196437747e-02
2.578684660604234624e-01 8.446241858115144385e-01
2.641579408423849751e-01 -7.354997005863361803e-02
2.704474156243465433e-01 -3.366310517501822641e-01
2.767368904063081114e-01 -1.646955769587444274e-01
2.830263651882696241e-01 5.612966207515402983e-01
2.893158399702311923e-01 8.282607089628668540e-01
2.956053147521927049e-01 -1.539767168727401714e-02
3.018947895341542731e-01 7.935541575820950211e-01
3.081842643161158413e-01 -4.331662769927266954e-01
3.144737390980773539e-01 1.230899585220490922e+00
3.207632138800389221e-01 8.544769261797019455e-01
3.270526886620004348e-01 3.014565493250014327e-01
3.333421634439620029e-01 -3.647925628683122978e-01
3.396316382259235711e-01 6.578779541344690340e-01
3.459211130078850838e-01 -3.588610772647335967e-01
3.522105877898466519e-01 3.925955003095493723e-02
3.585000625718082201e-01 5.794432306676730038e-01
3.647895373537697328e-01 1.733513968211068956e-01
3.710790121357313009e-01 8.928048334143727782e-01
3.773684869176928691e-01 1.143900017455763640e+00
3.836579616996543818e-01 6.424937894276673278e-01
3.899474364816159500e-01 9.081467378634187071e-01
3.962369112635774626e-01 5.253727941938732826e-01
4.025263860455390308e-01 6.946501705605701016e-02
4.088158608275005990e-01 -5.070712777805300719e-01
4.151053356094621116e-01 -6.347910435590273792e-01
4.213948103914236798e-01 -7.026387057784555523e-02
4.276842851733851925e-01 8.211051910236072393e-01
4.339737599553467606e-01 7.599994108182923647e-01
4.402632347373083288e-01 -3.863176753543260400e-01
4.465527095192698415e-01 5.223701659097024219e-01
4.528421843012314096e-01 7.450455069090942128e-01
4.591316590831929778e-01 -4.152730434066718157e-01
4.654211338651544905e-01 5.941871582485833692e-01
4.717106086471160586e-01 6.805980274913968620e-01
4.780000834290776268e-01 9.130142840077997146e-01
4.842895582110391395e-01 1.012119416665888227e+00
4.905790329930007077e-01 9.953506218820615814e-01
4.968685077749622203e-01 3.263560266550977751e-01
5.031579825569237885e-01 -6.252914799625635123e-01
5.094474573388853011e-01 9.144255294795973210e-01
5.157369321208469248e-01 1.730833558003810335e-01
5.220264069028084375e-01 -4.694222664998513039e-01
5.283158816847699502e-01 -3.089791626091129562e-01
5.346053564667315738e-01 -6.639461770996826218e-01
5.408948312486930865e-01 6.997007154758023706e-01
5.471843060306545992e-01 -9.985423998704989756e-01
5.534737808126162228e-01 -6.139687278499146306e-01
5.597632555945777355e-01 7.013368881163812851e-01
5.660527303765392482e-01 -5.311529704713395805e-01
5.723422051585007608e-01 -1.087651318613524820e+00
5.786316799404623845e-01 5.862509339494286209e-01
5.849211547224238972e-01 -8.665712340499627242e-01
5.912106295043854098e-01 8.330121022240977169e-02
5.975001042863470335e-01 5.232433885721521349e-01
6.037895790683085462e-01 -9.967694161701210476e-01
6.100790538502700588e-01 -6.903341848540236469e-01
6.163685286322316825e-01 -1.104637206608366728e+00
6.226580034141931952e-01 -8.548670860065952226e-01
6.289474781961547079e-01 4.372479636147557081e-01
6.352369529781163315e-01 6.720156935425263267e-01
6.415264277600778442e-01 -7.947904469028643781e-01
6.478159025420393569e-01 1.742347889159114871e-01
6.541053773240008695e-01 -1.161991543330116450e-01
6.603948521059624932e-01 -6.675556085981291243e-01
6.666843268879240059e-01 -4.562495364793768271e-01
6.729738016698855185e-01 4.236850913846135214e-02
6.792632764518471422e-01 -9.157009848920567574e-01
6.855527512338086549e-01 -8.551383511538797055e-01
6.918422260157701675e-01 -4.273900467307900630e-01
6.981317007977317912e-01 -6.592870875548553222e-01
7.044211755796933039e-01 -6.519879573199172107e-02
7.107106503616548165e-01 -8.526325016701656878e-01
7.170001251436164402e-01 -3.657066553284931132e-01
7.232895999255779529e-01 2.175907845383104888e-01
7.295790747075394655e-01 -8.676400033209299423e-01
7.358685494895010892e-01 -6.353825142274314164e-01
7.421580242714626019e-01 4.348547713256767366e-03
7.484474990534241146e-01 5.444561258319935426e-02
7.547369738353857382e-01 -1.130639766455575623e+00
7.610264486173472509e-01 -1.034234229126582250e+00
7.673159233993087636e-01 -7.175853328568242429e-01
7.736053981812702762e-01 -5.465506657610232910e-01
7.798948729632318999e-01 5.891998506827409443e-01
7.861843477451934126e-01 2.155830851504583201e-01
7.924738225271549252e-01 3.418358584723273363e-01
7.987632973091165489e-01 2.814439046297712022e-01
8.050527720910780616e-01 3.465270522385723861e-01
8.113422468730395742e-01 -7.123360330784331840e-01
8.176317216550011979e-01 -7.880632439833623604e-01
8.239211964369627106e-01 8.800943121984858841e-01
8.302106712189242232e-01 -2.187890129428726738e-02
8.365001460008858469e-01 -7.357110261769577164e-01
8.427896207828473596e-01 -9.013989149685243119e-01
8.490790955648088723e-01 5.608161596841312324e-01
8.553685703467703849e-01 -4.353699389334133585e-01
8.616580451287320086e-01 2.792015466237449672e-01
8.679475199106935213e-01 -4.662559343882259899e-01
8.742369946926550339e-01 1.141525352975501395e+00
8.805264694746166576e-01 3.411021589510137009e-01
8.868159442565781703e-01 -6.786651322397727615e-01
8.931054190385396829e-01 1.283462569152163502e+00
8.993948938205013066e-01 1.250872245949914419e+00
9.056843686024628193e-01 1.345246885968220951e-02
9.119738433844243319e-01 8.021863141877219050e-01
9.182633181663859556e-01 -1.598548799671595244e-01
9.245527929483474683e-01 5.177557760243716167e-01
9.308422677303089809e-01 -2.445652417759369701e-02
9.371317425122706046e-01 7.491581210899384002e-02
9.434212172942321173e-01 7.107949816167395962e-01
9.497106920761936300e-01 4.963241446090325693e-01
9.560001668581552536e-01 4.419373682550187254e-03
9.622896416401167663e-01 6.373407279682297144e-02
9.685791164220782790e-01 4.398543797294396374e-01
9.748685912040397916e-01 1.479361984026470456e+00
9.811580659860014153e-01 1.630062295722223054e+00
9.874475407679629280e-01 -1.175862183123865812e-02
9.937370155499244406e-01 5.187898579739307348e-01
1.000026490331886064e+00 1.053085177687663743e+00
1.006315965113847577e+00 1.815210935503802414e+00
1.012605439895809090e+00 1.172273180253257330e+00
1.018894914677770602e+00 1.555235187969667976e+00
1.025184389459732115e+00 1.748961961503333828e+00
1.031473864241693850e+00 1.787424092143345744e+00
1.037763339023655362e+00 1.025631078207474900e+00
1.044052813805616875e+00 4.421207512608176793e-01
1.050342288587578388e+00 1.500699347936089501e+00
1.056631763369539900e+00 1.729179984260276193e+00
1.062921238151501413e+00 1.602117252058777641e+00
1.069210712933463148e+00 1.353866379322669289e+00
1.075500187715424660e+00 2.303099693913971180e+00
1.081789662497386173e+00 1.089033076539058120e+00
1.088079137279347686e+00 9.819296383623674629e-01
1.094368612061309198e+00 2.333962879065987650e+00
1.100658086843270711e+00 1.004175871117226837e+00
1.106947561625232446e+00 2.571003449329694934e+00
1.113237036407193958e+00 1.510317581719703206e+00
1.119526511189155471e+00 1.807782711700839151e+00
1.125815985971116984e+00 2.561890866233278441e+00
1.132105460753078496e+00 8.423920756104388285e-01
1.138394935535040009e+00 8.669105225750293187e-01
1.144684410317001522e+00 9.937272146858473487e-01
1.150973885098963256e+00 2.111184233255938292e+00
1.157263359880924769e+00 1.529840432664285377e+00
1.163552834662886282e+00 1.611278015673013986e+00
1.169842309444847794e+00 1.673966709783794915e+00
1.176131784226809307e+00 2.273313707502798930e+00
1.182421259008770820e+00 1.452545207867832033e+00
1.188710733790732554e+00 1.139405128021272251e+00
1.195000208572694067e+00 2.094452881528590549e+00
1.201289683354655580e+00 1.957663701504909426e+00
1.207579158136617092e+00 2.078480138985315140e+00
1.213868632918578605e+00 2.421572589488797611e+00
1.220158107700540118e+00 1.271250397245532016e+00
1.226447582482501630e+00 1.426712413580835781e+00
1.232737057264463365e+00 2.113076984872474640e+00
1.239026532046424878e+00 1.332607092359340495e+00
1.245316006828386390e+00 1.728601879628221427e+00
1.251605481610347903e+00 2.768368768727399676e+00
1.257894956392309416e+00 1.983526474762612901e+00
1.264184431174270928e+00 2.754433746977828612e+00
1.270473905956232663e+00 1.199636853926800084e+00
1.276763380738194176e+00 2.744569593524248230e+00
1.283052855520155688e+00 2.171476693044197770e+00
1.289342330302117201e+00 1.577046068189974726e+00
1.295631805084078714e+00 2.737062502540520192e+00
1.301921279866040226e+00 2.112296616563398288e+00
1.308210754648001739e+00 1.756221051384607268e+00
1.314500229429963474e+00 2.726516947765127430e+00
1.320789704211924986e+00 1.770715730227502727e+00
1.327079178993886499e+00 2.730319851370923256e+00
1.333368653775848012e+00 2.555422042387559323e+00
1.339658128557809524e+00 2.377891062344784423e+00
1.345947603339771037e+00 2.852911138668687840e+00
1.352237078121732772e+00 2.970293436651245678e+00
1.358526552903694284e+00 1.856432149615119265e+00
1.364816027685655797e+00 2.729808016355455003e+00
1.371105502467617310e+00 2.987378262919627048e+00
1.377394977249578822e+00 1.213626521342936915e+00
1.383684452031540335e+00 1.639000464703545878e+00
1.389973926813502070e+00 2.814693639745247111e+00
1.396263401595463582e+00 1.718357107925233773e+00
1.402552876377425095e+00 1.446296015721645789e+00
1.408842351159386608e+00 1.978663279873356329e+00
1.415131825941348120e+00 1.865924191063597970e+00
1.421421300723309633e+00 1.363983264934651274e+00
1.427710775505271146e+00 2.161663400992603012e+00
1.434000250287232880e+00 1.115873573796128282e+00
1.440289725069194393e+00 1.369092400303821400e+00
1.446579199851155906e+00 8.692508489031989249e-01
1.452868674633117418e+00 1.404493879215204410e+00
1.459158149415078931e+00 1.599873140232237256e+00
1.465447624197040444e+00 1.416206668869822938e+00
1.471737098979002178e+00 2.112818293578278439e+00
1.478026573760963691e+00 1.046534608331083582e+00
1.484316048542925204e+00 1.078321628329681925e+00
1.490605523324886716e+00 1.323233059911939957e+00
1.496894998106848229e+00 9.385759206973269819e-01
1.503184472888809742e+00 1.595773695843817563e+00
1.509473947670771476e+00 9.194180459892726809e-01
1.515763422452732989e+00 9.863458462600899201e-01
1.522052897234694502e+00 1.404192933537812715e+00
1.528342372016656014e+00 1.473886921098080283e+00
1.534631846798617527e+00 3.452093342402057230e-01
1.540921321580579040e+00 2.742254596533975630e-01
1.547210796362540552e+00 9.525118860477129745e-01
1.553500271144502287e+00 1.155531187877726129e+00
1.559789745926463800e+00 3.191270945920571256e-01
1.566079220708425312e+00 4.568072680532764274e-01
1.572368695490386825e+00 -1.694728938912008487e-01
1.578658170272348338e+00 3.602692338869571964e-01
1.584947645054309850e+00 -2.341521926130785136e-02
1.591237119836271585e+00 5.021651648762017750e-01
1.597526594618233098e+00 -3.765018339269270986e-01
1.603816069400194610e+00 -4.044603072394592491e-01
1.610105544182156123e+00 -5.417228738265051913e-01
1.616395018964117636e+00 6.091653814679036660e-01
1.622684493746079148e+00 -4.005799937322251925e-01
1.628973968528040661e+00 6.787565472083966212e-01
1.635263443310002396e+00 1.043060140310497097e+00
1.641552918091963909e+00 -8.142160598843929398e-01
1.647842392873925421e+00 1.256345335074278147e-01
1.654131867655886934e+00 7.046767805112732486e-01
1.660421342437848446e+00 5.020882898450724774e-01
1.666710817219809959e+00 6.028896919446948832e-01
1.673000292001771694e+00 3.128725531625395906e-01
1.679289766783733207e+00 -1.565158465178886349e-01
1.685579241565694719e+00 -8.892563805470756755e-01
1.691868716347656232e+00 3.861169380562421427e-01
1.698158191129617745e+00 -2.592769940417369856e-01
1.704447665911579257e+00 3.011781777609279231e-01
1.710737140693540770e+00 -9.146851819345538370e-01
1.717026615475502505e+00 -1.210752948518654781e+00
1.723316090257464017e+00 -4.463128232232589365e-01
1.729605565039425530e+00 -5.761211547805933364e-02
1.735895039821387043e+00 -5.291504498562558112e-01
1.742184514603348555e+00 -5.296866086177467459e-01
1.748473989385310068e+00 1.718479861024353461e-01
1.754763464167271803e+00 -1.514052826801123297e+00
1.761052938949233315e+00 -1.019271453294832597e+00
1.767342413731194828e+00 -6.816381302176943713e-01
1.773631888513156341e+00 -8.742735600077780056e-01
1.779921363295117853e+00 -1.700963061294409329e+00
1.786210838077079366e+00 -9.296501317912975182e-02
1.792500312859041101e+00 -7.823480727582166061e-01
1.798789787641002613e+00 -1.272445017914038301e+00
1.805079262422964126e+00 -1.591891807929901592e-01
1.811368737204925639e+00 -6.875555472218208841e-01
1.817658211986887151e+00 -4.036552117529648154e-01
1.823947686768848664e+00 -1.823887783473223889e+00
1.830237161550810177e+00 -5.113994873959106791e-01
1.836526636332771911e+00 -1.372813036779367390e+00
1.842816111114733424e+00 -7.302821602482403307e-01
1.849105585896694937e+00 -7.129300114130945332e-01
1.855395060678656449e+00 -6.387772400773192860e-01
1.861684535460617962e+00 -6.099426967909891140e-01
1.867974010242579475e+00 -1.299675704554942746e+00
1.874263485024541209e+00 -1.102701752403124624e+00
1.880552959806502722e+00 -5.100310054046293118e-01
1.886842434588464235e+00 -4.887829355806296849e-01
1.893131909370425747e+00 -8.538906181569532183e-01
1.899421384152387260e+00 -1.415924097884864619e+00
1.905710858934348773e+00 -2.022181417996883113e+00
1.912000333716310507e+00 -4.209848845693979769e-01
1.918289808498272020e+00 -3.234208445390078790e-01
1.924579283280233533e+00 -7.403444851826059825e-01
1.930868758062195045e+00 -8.619767152817761069e-01
1.937158232844156558e+00 -1.371292373381453711e+00
1.943447707626118071e+00 -9.147253023815684614e-01
1.949737182408079583e+00 -1.514975040444467291e+00
1.956026657190041318e+00 -4.887213730784065735e-01
1.962316131972002831e+00 -6.789099388074324448e-01
1.968605606753964343e+00 -1.831888454562025759e+00
1.974895081535925856e+00 -6.975281487601736607e-02
1.981184556317887369e+00 -3.394742537264761051e-01
1.987474031099848881e+00 -1.492120259905190816e+00
1.993763505881810616e+00 -4.174632195643752652e-01
2.000052980663772129e+00 -8.695664330560024524e-01
2.006342455445733641e+00 -1.547948245132875211e+00
2.012631930227695154e+00 -1.087852612919306905e+00
2.018921405009656667e+00 2.400553505792293318e-01
2.025210879791618179e+00 -3.065341286458915793e-01
2.031500354573579692e+00 2.862654554580748023e-01
2.037789829355541205e+00 -2.333950878418835639e-01
2.044079304137502717e+00 -1.459083295974564765e+00
2.050368778919464230e+00 -3.301291419513616709e-01
2.056658253701426187e+00 -2.484583350077247399e-01
2.062947728483387699e+00 -3.917871829296248887e-01
2.069237203265349212e+00 -1.082261699915606501e+00
2.075526678047310725e+00 -1.126614098457100477e+00
2.081816152829272237e+00 -4.948110867723931605e-01
2.088105627611233750e+00 -1.000235614224111114e+00
2.094395102393195263e+00 8.276518016260725474e-01
2.100684577175156775e+00 -1.102882844558816799e-01
2.106974051957118288e+00 -9.515758885619852725e-01
2.113263526739079801e+00 -8.223810346925001236e-01
2.119553001521041313e+00 -1.356898166781101978e-01
2.125842476303002826e+00 -7.629699962465029683e-01
2.132131951084964339e+00 -7.345277206110114587e-01
2.138421425866926295e+00 -1.028177963761933711e-02
2.144710900648887808e+00 2.051094946824907339e-01
2.151000375430849321e+00 6.040436992375441960e-01
2.157289850212810833e+00 4.991753885794187884e-01
2.163579324994772346e+00 1.172968224127781012e+00
2.169868799776733859e+00 7.729385970701552200e-01
2.176158274558695371e+00 1.501210802197803007e+00
2.182447749340656884e+00 1.728034724620111096e+00
2.188737224122618397e+00 5.446013735914240206e-02
2.195026698904579909e+00 2.826164518574294515e-01
2.201316173686541422e+00 1.315184565236884540e+00
2.207605648468502935e+00 1.611485422814525448e+00
2.213895123250464891e+00 6.030387817575764142e-01
2.220184598032426404e+00 1.374734669165189604e+00
2.226474072814387917e+00 7.062236854060912616e-01
2.232763547596349429e+00 1.028579648617349962e+00
2.239053022378310942e+00 1.853635876372970559e+00
2.245342497160272455e+00 1.924944196187375223e+00
2.251631971942233967e+00 9.280566078234000482e-01
2.257921446724195480e+00 2.200123938874719798e+00
2.264210921506156993e+00 2.315377899629641689e+00
2.270500396288118505e+00 1.176246973247461858e+00
2.276789871070080018e+00 1.902588894053280022e+00
2.283079345852041531e+00 2.104133986251221611e+00
2.289368820634003043e+00 1.912087534011185141e+00
2.295658295415965000e+00 1.816616345240484653e+00
2.301947770197926513e+00 2.018214120754969088e+00
2.308237244979888025e+00 1.402586423434197149e+00
2.314526719761849538e+00 1.711494654331547238e+00
2.320816194543811051e+00 1.378813836138053972e+00
2.327105669325772563e+00 2.039872097574631837e+00
2.333395144107734076e+00 2.496587195283615834e+00
2.339684618889695589e+00 1.549680911215948864e+00
2.345974093671657101e+00 2.163604834912037589e+00
2.352263568453618614e+00 1.675161997824797355e+00
2.358553043235580127e+00 1.524546627241665897e+00
2.364842518017541639e+00 3.150318985753106205e+00
2.371131992799503152e+00 2.180204406832823238e+00
2.377421467581465109e+00 2.311692328448282208e+00
2.383710942363426621e+00 3.151610283921309819e+00
2.390000417145388134e+00 1.715165101447004625e+00
2.396289891927349647e+00 2.605180825387573229e+00
2.402579366709311159e+00 2.105979012396905325e+00
2.408868841491272672e+00 3.200842164230655484e+00
2.415158316273234185e+00 2.452870923971373074e+00
2.421447791055195697e+00 2.879905600504526486e+00
2.427737265837157210e+00 3.163527546311864391e+00
2.434026740619118723e+00 3.275523204277472011e+00
2.440316215401080235e+00 2.721856108968676580e+00
2.446605690183041748e+00 2.972187206762466616e+00
2.452895164965003261e+00 2.627996624623703426e+00
2.459184639746965217e+00 2.362064042161762245e+00
2.465474114528926730e+00 3.881949203296689799e+00
2.471763589310888243e+00 1.939970334375636707e+00
2.478053064092849755e+00 2.169798758705699271e+00
2.484342538874811268e+00 3.599777905746755380e+00
2.490632013656772781e+00 2.578191151396036496e+00
2.496921488438734293e+00 2.076993834361698710e+00
2.503210963220695806e+00 3.480866079185141793e+00
2.509500438002657319e+00 3.597855155595430787e+00
2.515789912784618831e+00 2.329639308885281146e+00
2.522079387566580344e+00 2.471965851127507996e+00
2.528368862348541857e+00 2.571340299882521663e+00
2.534658337130503369e+00 2.524739245792230413e+00
2.540947811912465326e+00 3.893319400833707533e+00
2.547237286694426839e+00 3.658159309221546529e+00
2.553526761476388351e+00 2.174020482569867241e+00
2.559816236258349864e+00 3.884779961824776251e+00
2.566105711040311377e+00 2.994740154598759307e+00
2.572395185822272889e+00 2.905456565940919056e+00
2.578684660604234402e+00 2.630529804577639297e+00
2.584974135386195915e+00 2.483645751699360638e+00
2.591263610168157427e+00 3.138739044226616315e+00
2.597553084950118940e+00 3.259991951382174236e+00
2.603842559732080453e+00 2.831245842541639579e+00
2.610132034514041965e+00 2.283228591433025478e+00
2.616421509296003478e+00 2.691451602153211553e+00
2.622710984077965435e+00 2.735443883205263216e+00
2.629000458859926947e+00 1.855684884448741689e+00
2.635289933641888460e+00 1.934374712222667547e+00
2.641579408423849973e+00 2.915895972648540280e+00
2.647868883205811485e+00 3.444654041858179916e+00
2.654158357987772998e+00 1.537551554498154838e+00
2.660447832769734511e+00 1.437597234110486122e+00
2.666737307551696023e+00 1.627366086280242596e+00
2.673026782333657536e+00 2.346219499662300478e+00
2.679316257115619049e+00 2.100368268351155976e+00
2.685605731897580561e+00 2.346778496100653477e+00
2.691895206679542074e+00 1.290150779807705206e+00
2.698184681461504031e+00 1.548728915273416273e+00
2.704474156243465544e+00 2.763016077681434979e+00
2.710763631025427056e+00 1.565746742317000617e+00
2.717053105807388569e+00 2.355171841024146673e+00
2.723342580589350082e+00 1.242107607020060511e+00
2.729632055371311594e+00 9.445652031701466944e-01
2.735921530153273107e+00 1.923414640717530100e+00
2.742211004935234619e+00 2.541438714724530090e+00
2.748500479717196132e+00 1.206060472102578718e+00
2.754789954499157645e+00 1.390891399215695046e+00
2.761079429281119157e+00 2.212163253188006884e+00
2.767368904063080670e+00 2.031027742218386223e+00
2.773658378845042183e+00 1.036151265803717303e+00
2.779947853627004140e+00 1.257797345484254592e+00
2.786237328408965652e+00 1.679713951483547518e+00
2.792526803190927165e+00 6.115918902069752416e-01
2.798816277972888678e+00 1.135788377232190616e+00
2.805105752754850190e+00 7.228071225839639569e-01
2.811395227536811703e+00 1.600278779021064302e-01
2.817684702318773216e+00 1.382770773924716368e+00
2.823974177100734728e+00 1.689252558591077813e+00
2.830263651882696241e+00 9.196416649429667300e-02
2.836553126664657754e+00 3.770138114114715555e-02
2.842842601446619266e+00 7.987341442920847800e-01
2.849132076228580779e+00 -9.807383453144108421e-02
2.855421551010542291e+00 1.102125912684281728e+00
2.861711025792504248e+00 1.280653071463496939e+00
2.868000500574465761e+00 1.152230158277671057e+00
2.874289975356427274e+00 1.453472894725696296e+00
2.880579450138388786e+00 2.445851767274065391e-02
2.886868924920350299e+00 1.020447671189532279e+00
2.893158399702311812e+00 1.532971994878721267e-01
2.899447874484273324e+00 -4.752523264982033702e-02
2.905737349266234837e+00 -2.995880085973634532e-02
2.912026824048196350e+00 9.961857265514861837e-01
2.918316298830157862e+00 3.309390289418874254e-01
2.924605773612119375e+00 -1.048071972175701472e-02
2.930895248394080888e+00 -2.240082546934623053e-01
2.937184723176042400e+00 -8.633028934936752830e-01
2.943474197958004357e+00 -4.796218759788815067e-01
2.949763672739965870e+00 -9.732739049929819419e-01
2.956053147521927382e+00 6.171136195883106801e-01
2.962342622303888895e+00 -7.146729354902425779e-01
2.968632097085850408e+00 -8.704768449331166114e-01
2.974921571867811920e+00 -1.512170587684342760e-01
2.981211046649773433e+00 -2.988060187636261134e-01
2.987500521431734946e+00 -9.877212376952733131e-01
2.993789996213696458e+00 -1.877127139850047755e-01
3.000079470995657971e+00 1.410850534029775005e-01
3.006368945777619484e+00 2.653620901583308989e-01
3.012658420559580996e+00 1.317598430444413271e-01
3.018947895341542953e+00 4.270455039691791743e-01
3.025237370123504466e+00 -4.009138984097839753e-01
3.031526844905465978e+00 1.911310863836694907e-01
3.037816319687427491e+00 3.085033588689194417e-01
3.044105794469389004e+00 1.011918997120304642e-01
3.050395269251350516e+00 -1.160272038885646451e+00
3.056684744033312029e+00 -8.926595905722476409e-01
3.062974218815273542e+00 -1.631655595869520248e+00
3.069263693597235054e+00 1.913397252977495633e-01
3.075553168379196567e+00 -1.338149141603106829e+00
3.081842643161158080e+00 -3.311384148518563553e-01
3.088132117943119592e+00 -4.903781406827250056e-01
3.094421592725081105e+00 -1.359086723196889501e+00
3.100711067507043062e+00 9.236984849318674584e-02
3.107000542289004574e+00 -1.022969478792472575e+00
3.113290017070966087e+00 -7.062884356023590993e-01
3.119579491852927600e+00 -1.505532967905555797e+00
3.125868966634889112e+00 -9.497893870102840364e-01
3.132158441416850625e+00 -5.252385081914212606e-02
3.138447916198812138e+00 -8.258231091844041583e-01
3.144737390980773650e+00 -1.069040175275903337e+00
3.151026865762735163e+00 -1.321160830117971141e+00
3.157316340544696676e+00 -1.386728943590445740e+00
3.163605815326658188e+00 -8.095507376952422174e-01
3.169895290108619701e+00 -1.102628226725599569e+00
3.176184764890581214e+00 -1.531642889814376129e+00
3.182474239672543170e+00 -1.104318048817923392e+00
3.188763714454504683e+00 -7.924077439444687787e-01
3.195053189236466196e+00 -7.721240243511595658e-01
3.201342664018427708e+00 3.750863354005209427e-01
3.207632138800389221e+00 3.363331520399224228e-01
3.213921613582350734e+00 -8.824149095547879629e-01
3.220211088364312246e+00 4.165215153177086460e-01
3.226500563146273759e+00 -5.077650730696394721e-01
3.232790037928235272e+00 -2.633946576603496403e-02
3.239079512710196784e+00 -5.902035723040366388e-01
3.245368987492158297e+00 -8.369713304723893632e-01
3.251658462274119810e+00 -1.228622209194282888e+00
3.257947937056081322e+00 -1.191107311858081719e-01
3.264237411838043279e+00 5.803283148032749583e-01
3.270526886620004792e+00 6.094917582888186303e-01
3.276816361401966304e+00 7.095977577834708949e-01
3.283105836183927817e+00 -1.680399045134193248e-01
3.289395310965889330e+00 -2.847418863578665693e-01
3.295684785747850842e+00 -9.508526564856825125e-01
3.301974260529812355e+00 1.974523834949744039e-01
3.308263735311773868e+00 8.251540885777326473e-01
3.314553210093735380e+00 -6.512176076280440373e-01
3.320842684875696893e+00 5.988067550344382539e-01
3.327132159657658406e+00 -2.063261421023697695e-01
3.333421634439619918e+00 8.669109724474290957e-01
3.339711109221581431e+00 2.333972983440947280e-01
3.346000584003543388e+00 1.600857143102034641e-01
3.352290058785504900e+00 -4.048356329157345446e-01
3.358579533567466413e+00 4.557892194298995836e-01
3.364869008349427926e+00 -6.314095869371469938e-01
3.371158483131389438e+00 1.305086380227138410e+00
3.377447957913350951e+00 -5.755804143496887626e-01
3.383737432695312464e+00 5.149483982657204750e-01
3.390026907477273976e+00 1.101556790347129722e+00
3.396316382259235489e+00 1.023225622366658705e+00
3.402605857041197002e+00 7.195394051873982288e-01
3.408895331823158514e+00 -2.030102993468341221e-02
3.415184806605120027e+00 1.375378099127172238e+00
3.421474281387081540e+00 1.291709051744057923e+00
3.427763756169043496e+00 9.011663083613257186e-01
3.434053230951005009e+00 6.219314517178105017e-01
3.440342705732966522e+00 2.569724897297652189e-01
3.446632180514928034e+00 1.750141592646084598e+00
3.452921655296889547e+00 1.934012749548855936e+00
3.459211130078851060e+00 1.362724471717077668e+00
3.465500604860812572e+00 1.515805611740148384e+00
3.471790079642774085e+00 6.367428217973196691e-01
3.478079554424735598e+00 2.917855053964161782e-01
3.484369029206697110e+00 1.312728391863264399e+00
3.490658503988658623e+00 1.037012143512128226e+00
3.496947978770620136e+00 6.323099504805593796e-01
3.503237453552582092e+00 5.104135614800662246e-01
3.509526928334543605e+00 2.345598955903823502e+00
3.515816403116505118e+00 1.435485182058367615e+00
3.522105877898466630e+00 2.134563258445202116e+00
3.528395352680428143e+00 1.819245858546211680e+00
3.534684827462389656e+00 1.021051037770549730e+00
3.540974302244351168e+00 1.024250496639739660e+00
3.547263777026312681e+00 2.256177304719638066e+00
3.553553251808274194e+00 1.076967899631625869e+00
3.559842726590235706e+00 8.982269837806069468e-01
3.566132201372197219e+00 1.914106560344042141e+00
3.572421676154158732e+00 1.758715674160654219e+00
3.578711150936120244e+00 2.137155836942119080e+00
3.585000625718082201e+00 1.538736568386619652e+00
3.591290100500043714e+00 1.966786414088182777e+00
3.597579575282005226e+00 1.496511122244446934e+00
3.603869050063966739e+00 1.882440285292942495e+00
3.610158524845928252e+00 1.684313488496432143e+00
3.616447999627889764e+00 2.500454718475405791e+00
3.622737474409851277e+00 1.820819480284159964e+00
3.629026949191812790e+00 2.757831183756696891e+00
3.635316423973774302e+00 1.268364129984418831e+00
3.641605898755735815e+00 1.805280183106009684e+00
3.647895373537697328e+00 1.657012732066168059e+00
3.654184848319658840e+00 2.081230738194362662e+00
3.660474323101620353e+00 1.786564102647358210e+00
3.666763797883582310e+00 1.475582964029856337e+00
3.673053272665543822e+00 2.503140286497034239e+00
3.679342747447505335e+00 1.942377156658084969e+00
3.685632222229466848e+00 2.758647791310769648e+00
3.691921697011428360e+00 1.258965325087425757e+00
3.698211171793389873e+00 3.029113516351210400e+00
3.704500646575351386e+00 1.981032799391366783e+00
3.710790121357312898e+00 1.911853906967035943e+00
3.717079596139274411e+00 2.781956747173245148e+00
3.723369070921235924e+00 2.420416574396216713e+00
3.729658545703197436e+00 3.003375490849096607e+00
3.735948020485158949e+00 1.707020901809745528e+00
3.742237495267120462e+00 1.208582189243537108e+00
3.748526970049082419e+00 2.265736232812189499e+00
3.754816444831043931e+00 1.899079284441059112e+00
3.761105919613005444e+00 2.468304803479708376e+00
3.767395394394966956e+00 2.279921817755264701e+00
3.773684869176928469e+00 2.492270875171398004e+00
3.779974343958889982e+00 1.402978029269434046e+00
3.786263818740851494e+00 1.154276335237619966e+00
3.792553293522813007e+00 1.594986230633284041e+00
3.798842768304774520e+00 2.026551125679619147e+00
3.805132243086736032e+00 2.140356315818272126e+00
3.811421717868697545e+00 1.887172365280724184e+00
3.817711192650659058e+00 1.716014713737517461e+00
3.824000667432621015e+00 2.963111140972892077e+00
3.830290142214582527e+00 2.803463186723059941e+00
3.836579616996544040e+00 2.405686190933356450e+00
3.842869091778505553e+00 2.678341641061416478e+00
3.849158566560467065e+00 2.821336737671513717e+00
3.855448041342428578e+00 1.908180717460403741e+00
3.861737516124390091e+00 1.618740457845690983e+00
3.868026990906351603e+00 1.646441126230887120e+00
3.874316465688313116e+00 8.920475533085318043e-01
3.880605940470274628e+00 2.010576043699674020e+00
3.886895415252236141e+00 1.263964220070826983e+00
3.893184890034197654e+00 2.394591209444204338e+00
3.899474364816159166e+00 1.278252231831191743e+00
3.905763839598121123e+00 8.245090178349882004e-01
3.912053314380082636e+00 7.854965692406045141e-01
3.918342789162044149e+00 1.988914940466590231e+00
3.924632263944005661e+00 1.154010926360215628e+00
3.930921738725967174e+00 9.096254453414177599e-01
3.937211213507928687e+00 1.860663869397567449e+00
3.943500688289890199e+00 1.898120691545105432e+00
3.949790163071851712e+00 1.406532081721887817e+00
3.956079637853813225e+00 1.685288339946259262e+00
3.962369112635774737e+00 7.800607439201285853e-01
3.968658587417736250e+00 7.343620227616128870e-01
3.974948062199697763e+00 1.520002164740597017e+00
3.981237536981659275e+00 4.588024408504158824e-01
3.987527011763621232e+00 5.451381048415940844e-01
3.993816486545582745e+00 1.567568073387990646e+00
4.000105961327544257e+00 1.308650922077118750e+00
4.006395436109505326e+00 7.827281568155879388e-01
4.012684910891467283e+00 2.174922071459145734e+00
4.018974385673428351e+00 1.919687509365615163e+00
4.025263860455390308e+00 1.922185777443033761e+00
4.031553335237352265e+00 1.392611170520977604e+00
4.037842810019313333e+00 9.648567601407394001e-01
4.044132284801275290e+00 3.434551151176281625e-01
4.050421759583236359e+00 7.645888864705653598e-02
4.056711234365198315e+00 2.007181547310505021e+00
4.063000709147159384e+00 8.961232996747259261e-01
4.069290183929121341e+00 1.017213195820919625e+00
4.075579658711082409e+00 4.008347750209036997e-01
4.081869133493044366e+00 2.627516077380200876e-01
4.088158608275005435e+00 9.516517586067805290e-01
4.094448083056967391e+00 8.552793758998964435e-01
4.100737557838928460e+00 7.716932023791082118e-01
4.107027032620890417e+00 1.763688008151422792e+00
4.113316507402852373e+00 -1.754254213781318572e-01
4.119605982184813442e+00 -1.236981805511879751e-01
4.125895456966775399e+00 4.373975909765257519e-01
4.132184931748736467e+00 1.521386837357046717e+00
4.138474406530698424e+00 -4.091898319388115324e-02
4.144763881312659493e+00 7.800625745495171071e-02
4.151053356094621449e+00 1.554124286782060160e+00
4.157342830876582518e+00 1.584843504004187498e+00
4.163632305658544475e+00 -1.144700953660073850e-01
4.169921780440505543e+00 -2.166683728582199930e-01
4.176211255222467500e+00 1.057723567747661075e+00
4.182500730004428569e+00 1.406461304992790762e+00
4.188790204786390525e+00 9.483781101132553459e-01
4.195079679568352482e+00 1.508505623251428229e+00
4.201369154350313551e+00 1.275397164610925671e+00
4.207658629132275507e+00 1.620034074048668504e-01
4.213948103914236576e+00 6.524364187842368601e-02
4.220237578696198533e+00 1.396588355635022927e+00
4.226527053478159601e+00 -5.105979480005404803e-01
4.232816528260121558e+00 1.125503313907896263e+00
4.239106003042082627e+00 -1.577481159354812146e-01
4.245395477824044583e+00 1.035555445772297078e+00
4.251684952606005652e+00 -4.562628129336654403e-02
4.257974427387967609e+00 9.185436451588500084e-01
4.264263902169928677e+00 4.748633309211618414e-01
4.270553376951890634e+00 1.143038596434590604e+00
4.276842851733852591e+00 -4.164414800992549681e-01
4.283132326515813659e+00 7.228513245851337921e-01
4.289421801297775616e+00 -4.119557036064402933e-01
4.295711276079736685e+00 1.014632330880399724e+00
4.302000750861698641e+00 -5.612591794211998497e-01
4.308290225643659710e+00 -6.252080787331297795e-01
4.314579700425621667e+00 1.085292521282987810e-02
4.320869175207582735e+00 -4.494075584987189398e-02
4.327158649989544692e+00 -5.396607389601090210e-01
4.333448124771505761e+00 4.753832335059808845e-01
4.339737599553467717e+00 -1.962637383467710217e-01
4.346027074335428786e+00 9.840022376437848051e-01
4.352316549117390743e+00 1.065310860279647054e+00
4.358606023899352699e+00 3.257821425937442728e-01
4.364895498681313768e+00 -2.687255180237169139e-02
4.371184973463275725e+00 1.300785222741941416e+00
4.377474448245236793e+00 2.914020935100579690e-01
4.383763923027198750e+00 1.335750575736542656e+00
4.390053397809159819e+00 7.702977040459512148e-01
4.396342872591121775e+00 1.130502851916369789e+00
4.402632347373082844e+00 2.909282085193993783e-01
4.408921822155044801e+00 3.619728450216515014e-01
4.415211296937005869e+00 1.312325971699523919e-01
4.421500771718967826e+00 2.338074982672221358e-01
4.427790246500929783e+00 1.123820487104749022e+00
4.434079721282890851e+00 -2.060715337187025709e-01
4.440369196064852808e+00 7.324587382402507618e-01
4.446658670846813877e+00 1.231909686755283895e+00
4.452948145628775833e+00 3.421526669438943458e-01
4.459237620410736902e+00 9.827338354840859935e-01
4.465527095192698859e+00 1.394074484662212399e+00
4.471816569974659927e+00 -4.241503248969203943e-01
4.478106044756621884e+00 1.007374907177390533e+00
4.484395519538582953e+00 9.731219080006232591e-01
4.490684994320544909e+00 9.135956646761183020e-01
4.496974469102505978e+00 4.875994515347492619e-01
4.503263943884467935e+00 8.429018641004262236e-01
4.509553418666429891e+00 4.160039910424394027e-01
4.515842893448390960e+00 -8.270100098110655384e-02
4.522132368230352917e+00 -1.202454011585689098e-01
4.528421843012313985e+00 -1.196619132689711318e-01
4.534711317794275942e+00 1.146982255652094551e+00
4.541000792576237011e+00 1.081192271601310928e+00
4.547290267358198967e+00 -1.127747603491864314e-01
4.553579742140160036e+00 -2.641602786966593119e-01
4.559869216922121993e+00 9.141430029305956939e-01
4.566158691704083061e+00 6.472147999878596902e-01
4.572448166486045018e+00 1.222422601298180256e+00
4.578737641268006087e+00 8.994237351422228466e-01
4.585027116049968043e+00 8.027058835034336370e-01
4.591316590831930000e+00 1.065449056290696639e+00
4.597606065613891069e+00 6.346915131218089368e-02
4.603895540395853025e+00 3.582947168683289219e-01
4.610185015177814094e+00 4.264924325755066192e-01
4.616474489959776051e+00 4.249534647798406950e-01
4.622763964741737119e+00 1.508218597022492613e-01
4.629053439523699076e+00 1.651746781521648000e-01
4.635342914305660145e+00 3.773706497946772709e-01
4.641632389087622101e+00 7.882490779720455754e-01
4.647921863869583170e+00 8.466474065681660610e-01
4.654211338651545127e+00 7.438236133454578791e-01
4.660500813433506195e+00 1.542155198314022924e+00
4.666790288215468152e+00 1.648277924028226815e+00
4.673079762997430109e+00 1.427088557151362735e+00
4.679369237779391177e+00 5.701784871321749493e-02
4.685658712561353134e+00 -4.923951516293006980e-02
4.691948187343314203e+00 8.823527106319521973e-01
4.698237662125276159e+00 1.311928826098807344e+00
4.704527136907237228e+00 1.148834135202131179e+00
4.710816611689199185e+00 7.033401066197287888e-01
4.717106086471160253e+00 7.612954068326747148e-01
4.723395561253122210e+00 1.477844868248001209e+00
4.729685036035083279e+00 1.616125280546093723e+00
4.735974510817045235e+00 1.607470003532059710e+00
4.742263985599006304e+00 1.215107177900847768e+00
4.748553460380968261e+00 5.982524860373855669e-02
4.754842935162930218e+00 5.929950949235387458e-01
4.761132409944891286e+00 9.389397577780969062e-01
4.767421884726853243e+00 -2.417710547355222950e-01
4.773711359508814311e+00 7.630650207170597277e-01
4.780000834290776268e+00 1.422241133030176075e+00
4.786290309072737337e+00 1.320821024581901648e+00
4.792579783854699293e+00 8.757541353956124208e-01
4.798869258636660362e+00 3.143109850327448496e-01
4.805158733418622319e+00 1.017684388822067243e+00
4.811448208200583387e+00 1.046146886411270627e+00
4.817737682982545344e+00 9.489076542899493871e-02
4.824027157764506413e+00 7.451932116363615410e-01
4.830316632546468369e+00 -1.810099968904281265e-01
4.836606107328430326e+00 -3.527610679655116543e-01
4.842895582110391395e+00 7.335857222218394869e-01
4.849185056892353352e+00 4.709038753641062724e-01
4.855474531674314420e+00 4.857854587794091517e-01
4.861764006456276377e+00 1.543572539448638148e+00
4.868053481238237445e+00 1.227303519279042465e+00
4.874342956020199402e+00 9.344276444055222841e-01
4.880632430802160471e+00 -1.645473937786162133e-01
4.886921905584122428e+00 1.418448747833830348e-01
4.893211380366083496e+00 2.975945804126762795e-01
4.899500855148045453e+00 1.108811373184995119e+00
4.905790329930006521e+00 -4.224711680918701306e-01
4.912079804711968478e+00 2.972011351898218301e-01
4.918369279493930435e+00 -2.636301708920272269e-01
4.924658754275891503e+00 3.644092690447295890e-01
4.930948229057853460e+00 6.126058061859351866e-02
4.937237703839814529e+00 2.017219504202689695e-01
4.943527178621776486e+00 1.226881103205449186e+00
4.949816653403737554e+00 2.618515214180305861e-01
4.956106128185699511e+00 8.001481384662694207e-01
4.962395602967660579e+00 1.369581268632457327e+00
4.968685077749622536e+00 1.143444706575172276e+00
4.974974552531583605e+00 5.383493748658101374e-01
4.981264027313545562e+00 -2.690123688779086919e-01
4.987553502095506630e+00 7.401947451179996529e-01
4.993842976877468587e+00 1.231960859751313198e+00
5.000132451659430544e+00 5.235633636843228800e-02
5.006421926441391612e+00 -7.046954127953213298e-01
5.012711401223353569e+00 7.014372760128565476e-01
5.019000876005314637e+00 8.895232939088493218e-02
5.025290350787276594e+00 -1.850774497858420631e-03
5.031579825569237663e+00 5.295724077195036461e-01
5.037869300351199620e+00 9.330679318590666682e-01
5.044158775133160688e+00 -4.394854814521013120e-01
5.050448249915122645e+00 4.576200363033566809e-02
5.056737724697083713e+00 5.100046823332226031e-01
5.063027199479045670e+00 -6.559330583913816071e-01
5.069316674261006739e+00 -5.814054881701740118e-01
5.075606149042968696e+00 -4.037540404618522594e-02
5.081895623824930652e+00 3.036185569395737360e-01
5.088185098606891721e+00 7.359410641857718760e-01
5.094474573388853678e+00 3.389833438887716044e-01
5.100764048170814746e+00 3.227134262372788331e-01
5.107053522952776703e+00 6.074237088388390049e-03
5.113342997734737772e+00 -4.057518717903489947e-01
5.119632472516699728e+00 8.151783350018186880e-01
5.125921947298660797e+00 1.166064866870254235e+00
5.132211422080622754e+00 -4.011561166273414081e-02
5.138500896862583822e+00 6.960423377440816406e-01
5.144790371644545779e+00 -7.277444860945790905e-01
5.151079846426506847e+00 -7.841222719575695610e-01
5.157369321208468804e+00 -3.007852248013942464e-02
5.163658795990430761e+00 1.010777366273307276e+00
5.169948270772391830e+00 1.845281218810507218e-01
5.176237745554353786e+00 -3.440589875937505315e-02
5.182527220336314855e+00 2.024372413692732131e-02
5.188816695118276812e+00 2.601451753341897932e-01
5.195106169900237880e+00 9.864872829432369539e-02
5.201395644682199837e+00 -6.762620077754644132e-01
5.207685119464160906e+00 -3.150298303925712640e-01
5.213974594246122862e+00 6.558562316041549600e-01
5.220264069028083931e+00 -3.670271810299314819e-01
5.226553543810045888e+00 9.020899491815148608e-02
5.232843018592006956e+00 4.687004862885353340e-01
5.239132493373968913e+00 6.660974233535710276e-02
5.245421968155930870e+00 5.325244997565836691e-02
5.251711442937891938e+00 -6.338981742450338075e-01
5.258000917719853895e+00 -5.301680007567255437e-02
5.264290392501814964e+00 -1.415748651047374906e-01
5.270579867283776920e+00 5.706809565282333629e-01
5.276869342065737989e+00 -2.684984195491790793e-01
5.283158816847699946e+00 1.110757428743405217e+00
5.289448291629661014e+00 9.399055728557736966e-01
5.295737766411622971e+00 4.499999305039086295e-01
5.302027241193584040e+00 -4.477860982880824681e-01
5.308316715975545996e+00 9.481159836226572546e-01
5.314606190757507953e+00 1.315541900228196726e+00
5.320895665539469022e+00 4.244424014385624888e-01
5.327185140321430978e+00 -1.700226943737563889e-01
5.333474615103392047e+00 1.043218669055965275e+00
5.339764089885354004e+00 9.896213397955604396e-01
5.346053564667315072e+00 1.125664570921602214e+00
5.352343039449277029e+00 3.355083879798686497e-01
5.358632514231238098e+00 1.193712146163573351e+00
5.364921989013200054e+00 -1.315499016774209218e-01
5.371211463795161123e+00 -2.501071490302013700e-01
5.377500938577123080e+00 1.085432055710144894e+00
5.383790413359084148e+00 1.196440276012776582e+00
5.390079888141046105e+00 1.645941226954051428e+00
5.396369362923008062e+00 1.744295345374762718e+00
5.402658837704969130e+00 4.935422594645069716e-01
5.408948312486931087e+00 1.226904249745972342e+00
5.415237787268892156e+00 1.222941688051024656e+00
5.421527262050854112e+00 1.815151942142157804e+00
5.427816736832815181e+00 5.113052045598925899e-02
5.434106211614777138e+00 1.665071981625661390e+00
5.440395686396738206e+00 3.509395103773587654e-01
5.446685161178700163e+00 1.111766722720534784e+00
5.452974635960661232e+00 7.773439086217455163e-01
5.459264110742623188e+00 3.954241251149949177e-01
5.465553585524584257e+00 1.053274679389841095e+00
5.471843060306546214e+00 1.954858312445123314e+00
5.478132535088508170e+00 1.692697573661770871e+00
5.484422009870469239e+00 5.007186386806283807e-01
5.490711484652431196e+00 1.313875597559139408e+00
5.497000959434392264e+00 3.308111232028290161e-01
5.503290434216354221e+00 1.097540008256318034e+00
5.509579908998315290e+00 1.960389456543158548e+00
5.515869383780277246e+00 2.241081368321619749e+00
5.522158858562238315e+00 1.077673337806317244e+00
5.528448333344200272e+00 8.793664317752929449e-01
5.534737808126161340e+00 7.637212745392168989e-01
5.541027282908123297e+00 6.718894563111739160e-01
5.547316757690084366e+00 7.050130901844899878e-01
5.553606232472046322e+00 2.044736147557125072e+00
5.559895707254008279e+00 7.942965417935186068e-01
5.566185182035969348e+00 1.659442209228422893e+00
5.572474656817931304e+00 2.451426801311564763e+00
5.578764131599892373e+00 1.423692900107524029e+00
5.585053606381854330e+00 1.277710691006522126e+00
5.591343081163815398e+00 1.300663281909214763e+00
5.597632555945777355e+00 1.959367468002623625e+00
5.603922030727738424e+00 1.716523123882421009e+00
5.610211505509700380e+00 1.164589991217683362e+00
5.616500980291661449e+00 1.865424672063151545e+00
5.622790455073623406e+00 2.303242254356948848e+00
5.629079929855584474e+00 1.689611191231048082e+00
5.635369404637546431e+00 1.791480138913010167e+00
5.641658879419508388e+00 1.108457297314976664e+00
5.647948354201469456e+00 1.077143211706875547e+00
5.654237828983431413e+00 1.271072237181887665e+00
5.660527303765392482e+00 2.630588868085593557e+00
5.666816778547354438e+00 1.123183715265660743e+00
5.673106253329315507e+00 1.126520970896407015e+00
5.679395728111277464e+00 1.647153889944638294e+00
5.685685202893238532e+00 7.436329441164388765e-01
5.691974677675200489e+00 1.291111460024787938e+00
5.698264152457161558e+00 1.301980018522896465e+00
5.704553627239123514e+00 2.333089897765637133e+00
5.710843102021084583e+00 2.522822028296352936e+00
5.717132576803046540e+00 1.930966425405250764e+00
5.723422051585008496e+00 2.077062233858272933e+00
5.729711526366969565e+00 9.674083065771068579e-01
5.736001001148931522e+00 2.224052062633523175e+00
5.742290475930892590e+00 2.320390260796803883e+00
5.748579950712854547e+00 2.554298819911982932e+00
5.754869425494815616e+00 1.923808363100735441e+00
5.761158900276777572e+00 1.176302749874464038e+00
5.767448375058738641e+00 1.533716357887323856e+00
5.773737849840700598e+00 2.207375756322246030e+00
5.780027324622661666e+00 1.911209182956892683e+00
5.786316799404623623e+00 7.771058573981162176e-01
5.792606274186584692e+00 1.036556045360393252e+00
5.798895748968546648e+00 1.522371477497064252e+00
5.805185223750508605e+00 7.852184250154450318e-01
5.811474698532469674e+00 1.817388128686809656e+00
5.817764173314431631e+00 1.915970895553031905e+00
5.824053648096392699e+00 1.485816251355254192e+00
5.830343122878354656e+00 8.723814345182832053e-01
5.836632597660315724e+00 8.094680819561492768e-01
5.842922072442277681e+00 1.145894183010861545e+00
5.849211547224238750e+00 1.940404682398000347e+00
5.855501022006200706e+00 8.851012753160527602e-01
5.861790496788161775e+00 3.480137392313593647e-01
5.868079971570123732e+00 1.590853881423608840e+00
5.874369446352084800e+00 1.968860528862006465e+00
5.880658921134046757e+00 1.975870070738341644e+00
5.886948395916008714e+00 9.921992498368708002e-01
5.893237870697969782e+00 1.329289448759723768e+00
5.899527345479931739e+00 1.438622780938519252e+00
5.905816820261892808e+00 1.290109477159928186e+00
5.912106295043854765e+00 1.040536065634956264e+00
5.918395769825815833e+00 -7.882446222507200062e-02
5.924685244607777790e+00 6.522675460047857587e-01
5.930974719389738858e+00 6.946670469268330095e-01
5.937264194171700815e+00 1.504084631194646970e+00
5.943553668953661884e+00 6.564828301987580828e-01
5.949843143735623840e+00 1.462025783642956434e+00
5.956132618517584909e+00 1.080789858227306555e+00
5.962422093299546866e+00 1.411761217541520619e+00
5.968711568081508823e+00 6.307900244902111542e-01
5.975001042863469891e+00 4.158709632210186857e-01
5.981290517645431848e+00 1.132210451258272466e+00
5.987579992427392916e+00 -4.374494327083144896e-01
5.993869467209354873e+00 9.305924839481973798e-01
6.000158941991315942e+00 -4.439030037872531143e-01
6.006448416773277899e+00 -4.229228852131612371e-01
6.012737891555238967e+00 5.725670664620081673e-01
6.019027366337200924e+00 -5.531650921057358339e-01
6.025316841119161992e+00 4.429151021361805718e-01
6.031606315901123949e+00 -6.129898545812251243e-02
6.037895790683085906e+00 4.542460460440300718e-01
6.044185265465046974e+00 6.202059948072058404e-02
6.050474740247008931e+00 -5.971853007712786265e-01
6.056764215028970000e+00 -7.507574547623792061e-01
6.063053689810931957e+00 -6.867084099407072539e-01
6.069343164592893025e+00 -6.798486594655019921e-01
6.075632639374854982e+00 2.532415516721686632e-01
6.081922114156816050e+00 -1.021244109495959673e+00
6.088211588938778007e+00 -8.860516559713766949e-01
6.094501063720739076e+00 -3.436774696443996024e-01
6.100790538502701033e+00 -1.093156478538769072e+00
6.107080013284662101e+00 2.474897448298967184e-01
6.113369488066624058e+00 -3.755684985219722716e-01
6.119658962848586015e+00 -6.919641795702160536e-01
6.125948437630547083e+00 -6.804538033922957752e-02
6.132237912412509040e+00 -1.386605035970084998e+00
6.138527387194470109e+00 -3.085739375525820005e-01
6.144816861976432065e+00 -1.356736972492342597e+00
6.151106336758393134e+00 -1.243185177504875005e+00
6.157395811540355091e+00 -6.126142371911054152e-01
6.163685286322316159e+00 -1.831056685199824674e+00
6.169974761104278116e+00 -8.901787525168467496e-01
6.176264235886239184e+00 -3.918005673459437066e-01
6.182553710668201141e+00 -1.634718919348281396e-01
6.188843185450162210e+00 -1.313985644707122757e+00
6.195132660232124167e+00 -1.051004304425013913e-01
6.201422135014086123e+00 -8.081470964744106311e-01
6.207711609796047192e+00 -2.057223214143564682e+00
6.214001084578009149e+00 -5.694094162081690946e-01
6.220290559359970217e+00 -1.609698332141888955e-01
6.226580034141932174e+00 -1.386002992516658150e+00
6.232869508923893243e+00 -1.944344462060320966e+00
6.239158983705855199e+00 -7.326637666276401006e-01
6.245448458487816268e+00 -1.804107358278969286e+00
6.251737933269778225e+00 -2.087262881866743580e+00
6.258027408051739293e+00 -1.127678852934525189e+00
6.264316882833701250e+00 -1.856671165900087406e+00
6.270606357615662318e+00 -3.316969199103945165e-01
6.276895832397624275e+00 -2.056643902095374621e+00
6.283185307179586232e+00 -9.637183906985451465e-01
