0.000000000000000000e+00 1.434818769640677782e-01
6.289474781961547356e-03 1.040574029402387968e+00
1.257894956392309471e-02 -3.376287223466321041e-01
1.886842434588464207e-02 7.624023483368732590e-01
2.515789912784618942e-02 -3.906201023454097254e-01
3.144737390980773678e-02 -6.235210188611778337e-02
3.773684869176928414e-02 4.892147307925664990e-01
4.402632347373083149e-02 3.695109078535452340e-01
5.031579825569237885e-02 6.966502596156149973e-01
5.660527303765392620e-02 7.935446238440080347e-02
6.289474781961547356e-02 7.603509166127981889e-01
6.918422260157702786e-02 6.001878117309500382e-02
7.547369738353856827e-02 2.608468130268133955e-01
8.176317216550010869e-02 1.134113558952176026e+00
8.805264694746166299e-02 5.015718199303054181e-01
9.434212172942321728e-02 1.740741599168316167e-01
1.006315965113847577e-01 3.989394283405406361e-02
1.069210712933462981e-01 1.490090537833033135e+00
1.132105460753078524e-01 -2.038642184916193978e-01
1.195000208572694067e-01 -8.112928489884524419e-02
1.257894956392309471e-01 1.118448226523546807e-01
1.320789704211924875e-01 8.315385652354351231e-01
1.383684452031540557e-01 9.226991883642994274e-01
1.446579199851155961e-01 1.437140538523040245e+00
1.509473947670771365e-01 4.592115609227258033e-01
1.572368695490386770e-01 6.101355749641705906e-01
1.635263443310002174e-01 2.285309528565321324e-01
1.698158191129617856e-01 1.503261449490467250e+00
1.761052938949233260e-01 6.733236740440233792e-01
1.823947686768848664e-01 9.106006705677129887e-01
1.886842434588464346e-01 1.635014124474371000e-01
1.949737182408079750e-01 1.110985980021234498e+00
2.012631930227695154e-01 7.119562346815222487e-01
2.075526678047310558e-01 3.175630809796768927e-01
2.138421425866925962e-01 8.354405444490682342e-01
2.201316173686541644e-01 6.651649972452082782e-01
2.264210921506157048e-01 5.293615831709693742e-01
2.327105669325772452e-01 6.288412830604426240e-01
2.390000417145388134e-01 1.228738369484537518e+00
2.452895164965003538e-01 1.330606078620132138e+00
2.515789912784618942e-01 9.261120710875683226e-01
2.578684660604234624e-01 -3.306381897879798193e-01
2.641579408423849751e-01 1.378285766509712573e+00
2.704474156243465433e-01 4.131961068761778044e-01
2.767368904063081114e-01 7.596694397306349433e-01
2.830263651882696241e-01 4.403674789234323095e-01
2.893158399702311923e-01 -4.123196057640189927e-01
2.956053147521927049e-01 1.508150905110404061e+00
3.018947895341542731e-01 1.063330506360052219e+00
3.081842643161158413e-01 -3.484567893674697103e-01
3.144737390980773539e-01 8.173456414574200579e-01
3.207632138800389221e-01 4.313200914065759006e-01
3.270526886620004348e-01 7.264949870504939788e-01
3.333421634439620029e-01 7.136683470712131827e-01
3.396316382259235711e-01 -5.572330518877288696e-02
3.459211130078850838e-01 9.094156970165421239e-01
3.522105877898466519e-01 7.674135130750283640e-01
3.585000625718082201e-01 5.651079358312413037e-01
3.647895373537697328e-01 4.492056185792023815e-01
3.710790121357313009e-01 4.873454126082075177e-01
3.773684869176928691e-01 -3.443116077372110340e-02
3.836579616996543818e-01 -4.635100665996964020e-01
3.899474364816159500e-01 6.980282073790935460e-01
3.962369112635774626e-01 9.752296656708152600e-01
4.025263860455390308e-01 9.266358442456669176e-01
4.088158608275005990e-01 1.092277088153198239e+00
4.151053356094621116e-01 1.280578826851164198e-01
4.213948103914236798e-01 -3.048358411744422902e-02
4.276842851733851925e-01 -3.340176107436543251e-02
4.339737599553467606e-01 -7.922750714257609239e-02
4.402632347373083288e-01 5.392184606515557643e-01
4.465527095192698415e-01 -2.461221671873421446e-01
4.528421843012314096e-01 9.275805310663420844e-01
4.591316590831929778e-01 -7.478736032849737647e-01
4.654211338651544905e-01 8.872309231106914051e-01
4.717106086471160586e-01 -1.641673446275582204e-02
4.780000834290776268e-01 2.236754127032840600e-01
4.842895582110391395e-01 -8.969408476996648671e-01
4.905790329930007077e-01 9.095240393270294099e-01
4.968685077749622203e-01 7.447937528895334225e-01
5.031579825569237885e-01 2.646351303496421448e-01
5.094474573388853011e-01 -9.992700952874802311e-01
5.157369321208469248e-01 -5.745970992352011919e-02
5.220264069028084375e-01 -9.041926309854755317e-01
5.283158816847699502e-01 -1.013200797733499137e+00
5.346053564667315738e-01 -5.573270454195693446e-01
5.408948312486930865e-01 6.659762927344614614e-01
5.471843060306545992e-01 1.864763916967253632e-01
5.534737808126162228e-01 2.630126462483688421e-01
5.597632555945777355e-01 9.087554115656626408e-02
5.660527303765392482e-01 1.961395437983284307e-01
5.723422051585007608e-01 5.785273229900822489e-01
5.786316799404623845e-01 6.806433272022101022e-01
5.849211547224238972e-01 -1.053471990097286648e+00
5.912106295043854098e-01 4.421351808421094542e-01
5.975001042863470335e-01 7.117038565889144408e-02
6.037895790683085462e-01 -1.195645136030066613e+00
6.100790538502700588e-01 -2.509241028842639221e-01
6.163685286322316825e-01 -5.293200353527371949e-01
6.226580034141931952e-01 -8.092237712683452155e-01
6.289474781961547079e-01 -6.265634210612716082e-01
6.352369529781163315e-01 6.203730287160937884e-01
6.415264277600778442e-01 4.132082060457287209e-01
6.478159025420393569e-01 -1.023843616605529805e+00
6.541053773240008695e-01 -3.878619424571323471e-01
6.603948521059624932e-01 -1.674179936659596635e-01
6.666843268879240059e-01 6.637828724233285627e-02
6.729738016698855185e-01 6.905779646016541040e-01
6.792632764518471422e-01 3.776686655538172843e-01
6.855527512338086549e-01 -9.866429336710167419e-01
6.918422260157701675e-01 6.001256586133107973e-01
6.981317007977317912e-01 -5.859433872645392061e-01
7.044211755796933039e-01 -2.702892583496550039e-01
7.107106503616548165e-01 -8.425899719226623841e-01
7.170001251436164402e-01 2.682870386449067723e-01
7.232895999255779529e-01 -8.552700982738539182e-01
7.295790747075394655e-01 -1.094715267425139249e-01
7.358685494895010892e-01 -8.750409378439623076e-01
7.421580242714626019e-01 -1.060542495625754755e+00
7.484474990534241146e-01 -1.616747021887339208e-01
7.547369738353857382e-01 -5.172499808512178721e-01
7.610264486173472509e-01 -1.050803568937783483e+00
7.673159233993087636e-01 1.894628840177128293e-01
7.736053981812702762e-01 -8.908100668695266844e-01
7.798948729632318999e-01 3.084802636663463993e-02
7.861843477451934126e-01 -5.771229366010879325e-01
7.924738225271549252e-01 5.938224450743914140e-01
7.987632973091165489e-01 -2.800378774821585814e-01
8.050527720910780616e-01 3.820436133252249622e-01
8.113422468730395742e-01 -6.973358900315191899e-01
8.176317216550011979e-01 5.002996923551301656e-01
8.239211964369627106e-01 -2.087643307863744635e-01
8.302106712189242232e-01 7.948222064797068054e-01
8.365001460008858469e-01 8.643465572957331755e-01
8.427896207828473596e-01 9.022468044382446761e-01
8.490790955648088723e-01 1.343643330640122979e-01
8.553685703467703849e-01 -2.330683084895399659e-01
8.616580451287320086e-01 -3.942716212926802299e-01
8.679475199106935213e-01 4.389710838884355315e-01
8.742369946926550339e-01 1.168247625869675455e+00
8.805264694746166576e-01 1.048329909826543727e+00
8.868159442565781703e-01 -5.516075915310967304e-01
8.931054190385396829e-01 5.753648278212024625e-01
8.993948938205013066e-01 3.634228188287854655e-01
9.056843686024628193e-01 1.866458450839056926e-01
9.119738433844243319e-01 1.296437134178525907e+00
9.182633181663859556e-01 2.549588909052915575e-01
9.245527929483474683e-01 1.082764978390976740e+00
9.308422677303089809e-01 5.094208490988217930e-01
9.371317425122706046e-01 4.284364880104511442e-01
9.434212172942321173e-01 -3.511674647783413761e-01
9.497106920761936300e-01 6.233633981439312688e-01
9.560001668581552536e-01 -1.808824173174401473e-01
9.622896416401167663e-01 1.227353034833811529e+00
9.685791164220782790e-01 8.875528094956670611e-01
9.748685912040397916e-01 1.197191234537804627e+00
9.811580659860014153e-01 3.944390291609434218e-01
9.874475407679629280e-01 5.419717669642378777e-01
9.937370155499244406e-01 1.486131341365933833e+00
1.000026490331886064e+00 1.420310150223737411e+00
1.006315965113847577e+00 1.571775454609237288e+00
1.012605439895809090e+00 1.943236983982895572e+00
1.018894914677770602e+00 1.117087541758192026e+00
1.025184389459732115e+00 4.889713148993822256e-01
1.031473864241693850e+00 5.384282961209110319e-01
1.037763339023655362e+00 1.505869372166248610e+00
1.044052813805616875e+00 1.640283041483951765e+00
1.050342288587578388e+00 8.625200272481905461e-01
1.056631763369539900e+00 2.107241862652005970e+00
1.062921238151501413e+00 1.443818885220501391e+00
1.069210712933463148e+00 9.820339064551071306e-01
1.075500187715424660e+00 1.984263393882424342e+00
1.081789662497386173e+00 2.080292558119571478e+00
1.088079137279347686e+00 1.246037013680470595e+00
1.094368612061309198e+00 2.541311278641556370e+00
1.100658086843270711e+00 6.721507384852088984e-01
1.106947561625232446e+00 2.007783143204048493e+00
1.113237036407193958e+00 2.046962060309242659e+00
1.119526511189155471e+00 2.497579087101267969e+00
1.125815985971116984e+00 2.599684070624280086e+00
1.132105460753078496e+00 2.116568902517967032e+00
1.138394935535040009e+00 9.076046432800082275e-01
1.144684410317001522e+00 1.183249667096887503e+00
1.150973885098963256e+00 1.272788412223994969e+00
1.157263359880924769e+00 1.685858398228069710e+00
1.163552834662886282e+00 9.087282714790834159e-01
1.169842309444847794e+00 1.445643697184887166e+00
1.176131784226809307e+00 1.463948877844957419e+00
1.182421259008770820e+00 1.753662855460980108e+00
1.188710733790732554e+00 2.911978525498861714e+00
1.195000208572694067e+00 1.947539040931345777e+00
1.201289683354655580e+00 2.311386614622893632e+00
1.207579158136617092e+00 1.401633874593998907e+00
1.213868632918578605e+00 1.905262630651505251e+00
1.220158107700540118e+00 2.903797256249669445e+00
1.226447582482501630e+00 2.430891694316382079e+00
1.232737057264463365e+00 1.792880067646837494e+00
1.239026532046424878e+00 1.451299484574473997e+00
1.245316006828386390e+00 1.380005135659068571e+00
1.251605481610347903e+00 2.804434391371241730e+00
1.257894956392309416e+00 2.422689725070368283e+00
1.264184431174270928e+00 3.111248480306359809e+00
1.270473905956232663e+00 1.174139617488894727e+00
1.276763380738194176e+00 1.765164597033316296e+00
1.283052855520155688e+00 2.498542170553917252e+00
1.289342330302117201e+00 1.512853651505694508e+00
1.295631805084078714e+00 1.373561600458838461e+00
1.301921279866040226e+00 2.469205275815686829e+00
1.308210754648001739e+00 1.296864479250831703e+00
1.314500229429963474e+00 1.400224580561282295e+00
1.320789704211924986e+00 2.512184033411953621e+00
1.327079178993886499e+00 1.787158490047070503e+00
1.333368653775848012e+00 3.031456996998176834e+00
1.339658128557809524e+00 3.108430970124613779e+00
1.345947603339771037e+00 2.105550671823755771e+00
1.352237078121732772e+00 1.874363144115873236e+00
1.358526552903694284e+00 2.044250025801513715e+00
1.364816027685655797e+00 2.199758759317512080e+00
1.371105502467617310e+00 2.297607798581446481e+00
1.377394977249578822e+00 2.963818859014403895e+00
1.383684452031540335e+00 2.140917227278741120e+00
1.389973926813502070e+00 2.161950015042419349e+00
1.396263401595463582e+00 1.677229529004830910e+00
1.402552876377425095e+00 1.591063354226964099e+00
1.408842351159386608e+00 1.632268437651088311e+00
1.415131825941348120e+00 2.149382172528338408e+00
1.421421300723309633e+00 2.126651704249642005e+00
1.427710775505271146e+00 2.186784295691854396e+00
1.434000250287232880e+00 8.441074514899828962e-01
1.440289725069194393e+00 2.363884701555213574e+00
1.446579199851155906e+00 1.541776913346518008e+00
1.452868674633117418e+00 1.462190196102840511e+00
1.459158149415078931e+00 2.556070575226500718e+00
1.465447624197040444e+00 1.631910948765777913e+00
1.471737098979002178e+00 1.579485483894354392e+00
1.478026573760963691e+00 2.469297235184857442e+00
1.484316048542925204e+00 1.348502099027462542e+00
1.490605523324886716e+00 6.712637453707090973e-01
1.496894998106848229e+00 2.245863663361528761e+00
1.503184472888809742e+00 2.274846070222798389e+00
1.509473947670771476e+00 4.960692269207661043e-01
1.515763422452732989e+00 4.213097710310605981e-01
1.522052897234694502e+00 1.803956632271622063e+00
1.528342372016656014e+00 9.926861161345523765e-01
1.534631846798617527e+00 6.150034574623975958e-01
1.540921321580579040e+00 2.163428997361439010e-01
1.547210796362540552e+00 1.520527179033371423e+00
1.553500271144502287e+00 1.356270272550109457e+00
1.559789745926463800e+00 1.743478771808231409e+00
1.566079220708425312e+00 7.643216302873401258e-01
1.572368695490386825e+00 1.311184208571055665e+00
1.578658170272348338e+00 1.375719574070832341e+00
1.584947645054309850e+00 7.058319421656030768e-01
1.591237119836271585e+00 1.080879983473735373e-01
1.597526594618233098e+00 -4.865984920888372089e-02
1.603816069400194610e+00 -1.234763452427398711e-01
1.610105544182156123e+00 -5.462084600873140516e-02
1.616395018964117636e+00 5.251956015913563647e-01
1.622684493746079148e+00 9.873915430830575435e-01
1.628973968528040661e+00 1.901008312347370888e-01
1.635263443310002396e+00 6.935608158158288461e-01
1.641552918091963909e+00 1.555820902482784041e-01
1.647842392873925421e+00 6.783655215597830246e-01
1.654131867655886934e+00 -5.832576445331827397e-01
1.660421342437848446e+00 4.281932501501424237e-01
1.666710817219809959e+00 -8.168253817024220265e-01
1.673000292001771694e+00 1.455244151058880941e-01
1.679289766783733207e+00 4.803369723932431334e-01
1.685579241565694719e+00 -5.604148004379108094e-01
1.691868716347656232e+00 -3.490549214012408363e-01
1.698158191129617745e+00 7.112255052463556382e-02
1.704447665911579257e+00 -1.142567041514027437e+00
1.710737140693540770e+00 5.089207997762816849e-01
1.717026615475502505e+00 -5.816123131493318166e-01
1.723316090257464017e+00 -1.377390688535139907e+00
1.729605565039425530e+00 -1.438276486364978179e+00
1.735895039821387043e+00 -1.854832395308210202e-01
1.742184514603348555e+00 -9.471207651558681828e-01
1.748473989385310068e+00 -1.542160109938867096e+00
1.754763464167271803e+00 -6.629557351834636236e-02
1.761052938949233315e+00 -1.230650913544913294e+00
1.767342413731194828e+00 -1.370821141700496515e+00
1.773631888513156341e+00 -1.673076124634526707e+00
1.779921363295117853e+00 -3.470617556915196467e-01
1.786210838077079366e+00 -1.410165752899130487e+00
1.792500312859041101e+00 -1.149863622383531681e+00
1.798789787641002613e+00 -1.306463317701994198e+00
1.805079262422964126e+00 -1.870420004312217888e+00
1.811368737204925639e+00 -1.272627040597884562e+00
1.817658211986887151e+00 -1.383612463648935753e+00
1.823947686768848664e+00 -7.263967233100148135e-01
1.830237161550810177e+00 -1.816706628594964235e+00
1.836526636332771911e+00 -1.576627693811210040e+00
1.842816111114733424e+00 -4.518795771248451665e-02
1.849105585896694937e+00 -5.354368368337811823e-01
1.855395060678656449e+00 -6.908688558652262834e-01
1.861684535460617962e+00 -1.612263850211066218e+00
1.867974010242579475e+00 -1.261844187555829500e+00
1.874263485024541209e+00 -1.484503803707637681e+00
1.880552959806502722e+00 -1.628172578934801606e+00
1.886842434588464235e+00 -1.290133362087476643e+00
1.893131909370425747e+00 -1.607126949675065974e+00
1.899421384152387260e+00 -1.740700477195390894e+00
1.905710858934348773e+00 -5.479860939212293225e-01
1.912000333716310507e+00 -1.906596970061011920e+00
1.918289808498272020e+00 -1.369307172606702094e+00
1.924579283280233533e+00 -1.709126933302755003e+00
1.930868758062195045e+00 -1.790064251964132325e+00
1.937158232844156558e+00 -6.655657406131614273e-01
1.943447707626118071e+00 -1.260317940792576641e+00
1.949737182408079583e+00 -1.981170663193402293e+00
1.956026657190041318e+00 -4.089096336648778696e-02
1.962316131972002831e+00 -1.066851191876469374e+00
1.968605606753964343e+00 2.240342965912534012e-02
1.974895081535925856e+00 -1.853163996704769723e-01
1.981184556317887369e+00 -1.060984307685214567e+00
1.987474031099848881e+00 -8.154614359352381214e-01
1.993763505881810616e+00 -6.408104612932075117e-01
2.000052980663772129e+00 -1.741194398556189515e-01
2.006342455445733641e+00 -8.299920056085654529e-01
2.012631930227695154e+00 2.113789529392453570e-01
2.018921405009656667e+00 -1.344199715871482237e+00
2.025210879791618179e+00 -7.871639813972586275e-01
2.031500354573579692e+00 -1.026588057154643296e+00
2.037789829355541205e+00 -7.195243647100448836e-01
2.044079304137502717e+00 -1.212990682036054535e+00
2.050368778919464230e+00 1.391110444768535181e-01
2.056658253701426187e+00 -5.384712359891481448e-01
2.062947728483387699e+00 -1.254023718590546066e+00
2.069237203265349212e+00 1.097907944393994306e-02
2.075526678047310725e+00 -2.903518772312900786e-01
2.081816152829272237e+00 -6.054361940680723642e-01
2.088105627611233750e+00 4.472201025006985464e-01
2.094395102393195263e+00 8.425484202587147919e-01
2.100684577175156775e+00 -1.963620949465365584e-01
2.106974051957118288e+00 -1.781277899245795604e-01
2.113263526739079801e+00 1.312605202998887721e-01
2.119553001521041313e+00 -1.563596469714125803e-01
2.125842476303002826e+00 -6.272794958481545669e-01
2.132131951084964339e+00 3.628441609380488320e-01
2.138421425866926295e+00 4.653534943365789101e-01
2.144710900648887808e+00 -4.585700289888314796e-01
2.151000375430849321e+00 8.464346329736738284e-02
2.157289850212810833e+00 1.401715263755520136e+00
2.163579324994772346e+00 2.010519120701667606e-01
2.169868799776733859e+00 1.509159479356967148e+00
2.176158274558695371e+00 4.942226483425986583e-01
2.182447749340656884e+00 1.496568305236892549e+00
2.188737224122618397e+00 1.429658131894580020e+00
2.195026698904579909e+00 1.271432220686295800e+00
2.201316173686541422e+00 3.630593545386669452e-01
2.207605648468502935e+00 8.962155118566481615e-01
2.213895123250464891e+00 2.572241139124564757e-01
2.220184598032426404e+00 1.526355388431054783e+00
2.226474072814387917e+00 2.524627327130209431e-01
2.232763547596349429e+00 8.804473968778284698e-01
2.239053022378310942e+00 2.094237421462579185e+00
2.245342497160272455e+00 2.291813102028520177e+00
2.251631971942233967e+00 1.296451348188959463e+00
2.257921446724195480e+00 1.778951101123573020e+00
2.264210921506156993e+00 2.072765859046582282e+00
2.270500396288118505e+00 2.365749359508023897e+00
2.276789871070080018e+00 7.483269500554504683e-01
2.283079345852041531e+00 1.602371756928129498e+00
2.289368820634003043e+00 9.042836601216107661e-01
2.295658295415965000e+00 2.223323205474617925e+00
2.301947770197926513e+00 2.741810680043891058e+00
2.308237244979888025e+00 2.938364129147542414e+00
2.314526719761849538e+00 1.365206974306827803e+00
2.320816194543811051e+00 2.645243623937697741e+00
2.327105669325772563e+00 2.258762473013928407e+00
2.333395144107734076e+00 2.309766676837973876e+00
2.339684618889695589e+00 1.475408690914683962e+00
2.345974093671657101e+00 1.880260466868084901e+00
2.352263568453618614e+00 2.054186062636624399e+00
2.358553043235580127e+00 1.459716622945714137e+00
2.364842518017541639e+00 1.495610765310051882e+00
2.371131992799503152e+00 2.614273724664634813e+00
2.377421467581465109e+00 3.110263882810543556e+00
2.383710942363426621e+00 3.170470372143133542e+00
2.390000417145388134e+00 3.336520791254990570e+00
2.396289891927349647e+00 3.246873881961298558e+00
2.402579366709311159e+00 1.654500197605234257e+00
2.408868841491272672e+00 3.007674293289563039e+00
2.415158316273234185e+00 3.110117216760000858e+00
2.421447791055195697e+00 3.545471449563793342e+00
2.427737265837157210e+00 2.748504317749096870e+00
2.434026740619118723e+00 3.368341019369718303e+00
2.440316215401080235e+00 3.649401265249208492e+00
2.446605690183041748e+00 2.660343571211208680e+00
2.452895164965003261e+00 2.079505744888958230e+00
2.459184639746965217e+00 3.088542320282883669e+00
2.465474114528926730e+00 2.479494052478311339e+00
2.471763589310888243e+00 3.021731731573520818e+00
2.478053064092849755e+00 3.040578363206837054e+00
2.484342538874811268e+00 3.216973201634581336e+00
2.490632013656772781e+00 3.714305488607888783e+00
2.496921488438734293e+00 3.855497472337861886e+00
2.503210963220695806e+00 3.142986487277319441e+00
2.509500438002657319e+00 2.850418683683374255e+00
2.515789912784618831e+00 3.665589185211580503e+00
2.522079387566580344e+00 3.461397989704309897e+00
2.528368862348541857e+00 3.508861891909197617e+00
2.534658337130503369e+00 3.856080920991607819e+00
2.540947811912465326e+00 3.825599174423984117e+00
2.547237286694426839e+00 2.303110538515531491e+00
2.553526761476388351e+00 2.044609263723859538e+00
2.559816236258349864e+00 3.392625697476405300e+00
2.566105711040311377e+00 1.905835601453096384e+00
2.572395185822272889e+00 3.731131970329442993e+00
2.578684660604234402e+00 2.455684034332361154e+00
2.584974135386195915e+00 3.157848412775081659e+00
2.591263610168157427e+00 3.429871869130631801e+00
2.597553084950118940e+00 3.676079494220538812e+00
2.603842559732080453e+00 3.414749581747617668e+00
2.610132034514041965e+00 1.743003735752978400e+00
2.616421509296003478e+00 3.051746979851647890e+00
2.622710984077965435e+00 2.479919024384981796e+00
2.629000458859926947e+00 3.477649994419964585e+00
2.635289933641888460e+00 2.122424738831399260e+00
2.641579408423849973e+00 1.979747629059428249e+00
2.647868883205811485e+00 3.102545481134537653e+00
2.654158357987772998e+00 1.814744686598296797e+00
2.660447832769734511e+00 2.463062197682273968e+00
2.666737307551696023e+00 2.851456815848548487e+00
2.673026782333657536e+00 2.967938341266245228e+00
2.679316257115619049e+00 1.673570340029768788e+00
2.685605731897580561e+00 3.115348761507993558e+00
2.691895206679542074e+00 1.706092192769970151e+00
2.698184681461504031e+00 2.120193268032108502e+00
2.704474156243465544e+00 1.213990086477299890e+00
2.710763631025427056e+00 1.640857315487656010e+00
2.717053105807388569e+00 2.060141049272741220e+00
2.723342580589350082e+00 2.002241426712974004e+00
2.729632055371311594e+00 2.803516998832956464e+00
2.735921530153273107e+00 2.568872486302978597e+00
2.742211004935234619e+00 2.701355161239269886e+00
2.748500479717196132e+00 1.256094364581070710e+00
2.754789954499157645e+00 1.454822360091262201e+00
2.761079429281119157e+00 9.973880836521965554e-01
2.767368904063080670e+00 1.328561252491435640e+00
2.773658378845042183e+00 1.902575574616559129e+00
2.779947853627004140e+00 6.460626823550196240e-01
2.786237328408965652e+00 1.302617111228235425e+00
2.792526803190927165e+00 8.105189269538304320e-01
2.798816277972888678e+00 8.802730365197399820e-01
2.805105752754850190e+00 2.170954190049839916e+00
2.811395227536811703e+00 8.242877386743190371e-01
2.817684702318773216e+00 1.828098397147922327e+00
2.823974177100734728e+00 9.868555526247100307e-01
2.830263651882696241e+00 3.291663716155998620e-01
2.836553126664657754e+00 3.817038809924952480e-02
2.842842601446619266e+00 1.565961690242548832e+00
2.849132076228580779e+00 9.736553036122246318e-01
2.855421551010542291e+00 7.372769251826294390e-01
2.861711025792504248e+00 7.006216875889624829e-01
2.868000500574465761e+00 -1.378525248153124605e-01
2.874289975356427274e+00 1.411529592545981648e+00
2.880579450138388786e+00 -9.046405239368848772e-02
2.886868924920350299e+00 -1.944911651119550777e-01
2.893158399702311812e+00 1.012165425100794103e+00
2.899447874484273324e+00 -8.403457849872375540e-02
2.905737349266234837e+00 3.523737646088355158e-01
2.912026824048196350e+00 1.130219881076731880e+00
2.918316298830157862e+00 8.476254448537203778e-01
2.924605773612119375e+00 1.062012414753750189e+00
2.930895248394080888e+00 8.526729656305926941e-01
2.937184723176042400e+00 -8.779433766641420167e-01
2.943474197958004357e+00 -3.643302003252508747e-01
2.949763672739965870e+00 8.240425359499317093e-01
2.956053147521927382e+00 -4.421592841514974115e-01
2.962342622303888895e+00 -8.278744491566794039e-01
2.968632097085850408e+00 -9.655979377787382578e-01
2.974921571867811920e+00 -1.206602613453692019e+00
2.981211046649773433e+00 4.941807473889170410e-03
2.987500521431734946e+00 2.417216159022588240e-01
2.993789996213696458e+00 -1.052527381238368864e+00
3.000079470995657971e+00 -6.390371745566003625e-03
3.006368945777619484e+00 -1.118265650929270105e+00
3.012658420559580996e+00 6.638748242765446506e-03
3.018947895341542953e+00 1.509019950478915906e-01
3.025237370123504466e+00 -3.969858548035241075e-01
3.031526844905465978e+00 -6.502668645656053403e-01
3.037816319687427491e+00 -8.719286334509970260e-01
3.044105794469389004e+00 -4.610344904102192665e-01
3.050395269251350516e+00 -1.876120267110479300e-01
3.056684744033312029e+00 1.213610356079730668e-01
3.062974218815273542e+00 -7.780253025037977554e-01
3.069263693597235054e+00 1.910143572552818192e-01
3.075553168379196567e+00 -1.436829987223611882e+00
3.081842643161158080e+00 -5.880998308736606894e-02
3.088132117943119592e+00 -1.513634137114851619e+00
3.094421592725081105e+00 -8.289160014323948555e-01
3.100711067507043062e+00 -3.671259364049213048e-01
3.107000542289004574e+00 -8.398099254195872110e-01
3.113290017070966087e+00 -6.365346510151386195e-01
3.119579491852927600e+00 -1.654899261084247231e+00
3.125868966634889112e+00 -1.289415884982942240e+00
3.132158441416850625e+00 -1.354774930276010148e+00
3.138447916198812138e+00 -2.019302780637024508e-01
3.144737390980773650e+00 4.231058774456486482e-02
3.151026865762735163e+00 -1.367072768588573739e+00
3.157316340544696676e+00 -1.706880260078011524e+00
3.163605815326658188e+00 -1.262622796801150082e+00
3.169895290108619701e+00 -2.684639310792003020e-01
3.176184764890581214e+00 -1.440770419736601138e+00
3.182474239672543170e+00 -1.207166877204417510e+00
3.188763714454504683e+00 -1.364479334703731173e+00
3.195053189236466196e+00 -1.052028918560950821e+00
3.201342664018427708e+00 1.212142670486104912e-01
3.207632138800389221e+00 -4.161710804199780789e-02
3.213921613582350734e+00 -6.024196878549226142e-02
3.220211088364312246e+00 -1.307321026797638730e-01
3.226500563146273759e+00 2.603537524506605028e-01
3.232790037928235272e+00 1.703940629235756177e-02
3.239079512710196784e+00 3.588950019937653391e-01
3.245368987492158297e+00 -5.896297906105252284e-01
3.251658462274119810e+00 -1.048085248144454695e+00
3.257947937056081322e+00 -1.356400135635295712e+00
3.264237411838043279e+00 -3.047584670269607443e-01
3.270526886620004792e+00 -7.175625290706098003e-01
3.276816361401966304e+00 2.347244928990352975e-01
3.283105836183927817e+00 -1.119534585914535363e+00
3.289395310965889330e+00 -7.211794822815997819e-01
3.295684785747850842e+00 -1.160378918199270748e+00
3.301974260529812355e+00 7.996207388014913153e-01
3.308263735311773868e+00 8.921304188702525728e-01
3.314553210093735380e+00 -9.427580758936415783e-02
3.320842684875696893e+00 9.421978625155713605e-01
3.327132159657658406e+00 2.839618659040332727e-02
3.333421634439619918e+00 7.046443032630156367e-01
3.339711109221581431e+00 -2.297004913202449483e-02
3.346000584003543388e+00 5.052272721493853425e-01
3.352290058785504900e+00 8.356582122089168951e-01
3.358579533567466413e+00 -6.070788770000876688e-01
3.364869008349427926e+00 -2.462206664758761487e-01
3.371158483131389438e+00 -3.135569772054483950e-01
3.377447957913350951e+00 7.518394476050149766e-01
3.383737432695312464e+00 1.156785923470939448e+00
3.390026907477273976e+00 1.427333660501698853e+00
3.396316382259235489e+00 8.668967524577160244e-01
3.402605857041197002e+00 5.301656142900434965e-02
3.408895331823158514e+00 -1.895102917918461971e-01
3.415184806605120027e+00 8.601819035875571950e-01
3.421474281387081540e+00 4.672600196015476159e-01
3.427763756169043496e+00 9.043936632167346445e-01
3.434053230951005009e+00 1.553567968938639909e+00
3.440342705732966522e+00 9.547157906871692745e-01
3.446632180514928034e+00 9.667455337123452841e-01
3.452921655296889547e+00 1.385153530551342715e+00
3.459211130078851060e+00 7.623912349051564785e-01
3.465500604860812572e+00 1.636767440397469131e-01
3.471790079642774085e+00 2.026663171080732351e+00
3.478079554424735598e+00 3.080276289595229033e-01
3.484369029206697110e+00 4.135175907028909026e-01
3.490658503988658623e+00 9.811669940821926561e-01
3.496947978770620136e+00 1.690338712294599421e+00
3.503237453552582092e+00 2.209764067713397395e+00
3.509526928334543605e+00 1.819761476179832416e+00
3.515816403116505118e+00 1.162386179030508560e+00
3.522105877898466630e+00 1.606216360192817216e+00
3.528395352680428143e+00 2.075319943781911647e+00
3.534684827462389656e+00 5.973364801611286135e-01
3.540974302244351168e+00 1.284083006278661454e+00
3.547263777026312681e+00 2.071598786435854045e+00
3.553553251808274194e+00 7.562110701714134242e-01
3.559842726590235706e+00 2.123969016566801038e+00
3.566132201372197219e+00 2.621382032523432049e+00
3.572421676154158732e+00 1.338753137418954076e+00
3.578711150936120244e+00 2.213936831391625670e+00
3.585000625718082201e+00 1.253716202259701262e+00
3.591290100500043714e+00 1.238239567774047645e+00
3.597579575282005226e+00 1.944854712688266041e+00
3.603869050063966739e+00 2.506523599220036314e+00
3.610158524845928252e+00 2.824814252902323464e+00
3.616447999627889764e+00 2.272622663056259373e+00
3.622737474409851277e+00 2.077584248201904238e+00
3.629026949191812790e+00 1.367895122108236272e+00
3.635316423973774302e+00 2.454116249842535957e+00
3.641605898755735815e+00 1.581928027893006128e+00
3.647895373537697328e+00 1.455979947373448713e+00
3.654184848319658840e+00 1.945493591979773118e+00
3.660474323101620353e+00 2.153360293328050012e+00
3.666763797883582310e+00 2.127922407618763501e+00
3.673053272665543822e+00 2.655638244238634371e+00
3.679342747447505335e+00 2.250940662284711458e+00
3.685632222229466848e+00 2.102802177842182374e+00
3.691921697011428360e+00 1.508855103945478282e+00
3.698211171793389873e+00 3.076537788969810450e+00
3.704500646575351386e+00 2.526752799234200708e+00
3.710790121357312898e+00 1.963850559267265705e+00
3.717079596139274411e+00 1.792163812553849933e+00
3.723369070921235924e+00 1.197878623578604529e+00
3.729658545703197436e+00 2.960845892915440203e+00
3.735948020485158949e+00 2.526758072691593249e+00
3.742237495267120462e+00 2.626292259012081853e+00
3.748526970049082419e+00 2.223207449422955229e+00
3.754816444831043931e+00 1.665409189091621389e+00
3.761105919613005444e+00 2.855646092926126034e+00
3.767395394394966956e+00 1.557140072309554979e+00
3.773684869176928469e+00 2.219576348488283557e+00
3.779974343958889982e+00 1.463703700203722757e+00
3.786263818740851494e+00 3.044221939248982434e+00
3.792553293522813007e+00 1.787311322721492068e+00
3.798842768304774520e+00 2.141233668799698009e+00
3.805132243086736032e+00 1.294245852594171797e+00
3.811421717868697545e+00 2.337439979035430770e+00
3.817711192650659058e+00 1.813823252857902801e+00
3.824000667432621015e+00 1.162621091256083483e+00
3.830290142214582527e+00 2.478005802385474965e+00
3.836579616996544040e+00 1.305101311257940155e+00
3.842869091778505553e+00 2.432258239105038022e+00
3.849158566560467065e+00 2.458157069274610418e+00
3.855448041342428578e+00 1.488263881738480343e+00
3.861737516124390091e+00 2.818530019269609888e+00
3.868026990906351603e+00 2.300811206820433164e+00
3.874316465688313116e+00 9.198686498593652283e-01
3.880605940470274628e+00 1.543854482008684581e+00
3.886895415252236141e+00 2.436672878830091982e+00
3.893184890034197654e+00 9.618077399610426292e-01
3.899474364816159166e+00 1.237913777868435705e+00
3.905763839598121123e+00 1.981816877351473938e+00
3.912053314380082636e+00 1.925979161336031531e+00
3.918342789162044149e+00 1.016915391014669101e+00
3.924632263944005661e+00 2.029351979151912122e+00
3.930921738725967174e+00 9.126888935424980476e-01
3.937211213507928687e+00 1.522797629372365291e+00
3.943500688289890199e+00 7.920683736230533789e-01
3.949790163071851712e+00 1.146374897275102889e+00
3.956079637853813225e+00 1.404575117657707928e+00
3.962369112635774737e+00 1.649908343198485561e+00
3.968658587417736250e+00 2.012454831092243879e+00
3.974948062199697763e+00 4.579091145587038669e-01
3.981237536981659275e+00 2.348301665957668760e+00
3.987527011763621232e+00 4.071575696551864576e-01
3.993816486545582745e+00 1.175975090958709002e+00
4.000105961327544257e+00 9.289346233876109027e-01
4.006395436109505326e+00 9.728890072013613999e-01
4.012684910891467283e+00 8.471832073730954926e-01
4.018974385673428351e+00 6.297954050469969367e-01
4.025263860455390308e+00 1.777767116189923780e+00
4.031553335237352265e+00 9.000777336524707906e-01
4.037842810019313333e+00 1.541928909543899939e+00
4.044132284801275290e+00 1.098848097473219987e+00
4.050421759583236359e+00 8.223418249423382065e-01
4.056711234365198315e+00 1.488724089079946022e+00
4.063000709147159384e+00 3.686457948571548182e-01
4.069290183929121341e+00 2.482271588784766281e-01
4.075579658711082409e+00 1.801700985628037266e+00
4.081869133493044366e+00 1.362664983504531913e+00
4.088158608275005435e+00 1.696030804639606426e+00
4.094448083056967391e+00 7.469360894798089401e-01
4.100737557838928460e+00 1.153660054003939006e+00
4.107027032620890417e+00 1.070549242890080244e+00
4.113316507402852373e+00 1.204355805875385821e+00
4.119605982184813442e+00 9.478241981439360364e-01
4.125895456966775399e+00 1.324859273646770585e+00
4.132184931748736467e+00 1.503328687278755238e+00
4.138474406530698424e+00 5.551247247410600050e-01
4.144763881312659493e+00 1.537585718509284050e+00
4.151053356094621449e+00 1.219011623377106446e+00
4.157342830876582518e+00 -1.799026437015558977e-01
4.163632305658544475e+00 2.649161857500692552e-01
4.169921780440505543e+00 5.143462128271987233e-01
4.176211255222467500e+00 5.842440943130184916e-01
4.182500730004428569e+00 9.122503722920914937e-01
4.188790204786390525e+00 2.767206747843549142e-01
4.195079679568352482e+00 4.400912786810988742e-01
4.201369154350313551e+00 5.050801162848296277e-01
4.207658629132275507e+00 1.405322609668422373e+00
4.213948103914236576e+00 2.755516577659564703e-01
4.220237578696198533e+00 1.309806859832609360e+00
4.226527053478159601e+00 1.054944569640188234e-01
4.232816528260121558e+00 -2.021984277463507729e-01
4.239106003042082627e+00 -2.527269922660293489e-01
4.245395477824044583e+00 4.030680133496742368e-01
4.251684952606005652e+00 -8.813366259821431292e-02
4.257974427387967609e+00 1.267375592744870438e+00
4.264263902169928677e+00 -2.134193269131445803e-01
4.270553376951890634e+00 7.546514400911017439e-01
4.276842851733852591e+00 1.289618498618250619e+00
4.283132326515813659e+00 8.314617672586028796e-01
4.289421801297775616e+00 4.314398859088393046e-01
4.295711276079736685e+00 7.638750494859736229e-01
4.302000750861698641e+00 -6.292375174065745203e-01
4.308290225643659710e+00 1.137150697068481486e+00
4.314579700425621667e+00 8.932984338959070181e-01
4.320869175207582735e+00 2.755795280043721318e-01
4.327158649989544692e+00 9.914900741540629836e-01
4.333448124771505761e+00 -6.190480245814948823e-01
4.339737599553467717e+00 -5.582804475321102577e-01
4.346027074335428786e+00 -6.076727004598269088e-01
4.352316549117390743e+00 7.099677116205698191e-01
4.358606023899352699e+00 1.151752745763487074e+00
4.364895498681313768e+00 -5.082286401434418233e-01
4.371184973463275725e+00 3.337193096998185560e-01
4.377474448245236793e+00 9.391908990888307995e-01
4.383763923027198750e+00 2.775186812034515782e-01
4.390053397809159819e+00 5.741841431258797313e-01
4.396342872591121775e+00 -3.582681988378302318e-01
4.402632347373082844e+00 8.537811061916145139e-01
4.408921822155044801e+00 5.122193171023645686e-01
4.415211296937005869e+00 1.162619988237125535e+00
4.421500771718967826e+00 1.253812128720089181e+00
4.427790246500929783e+00 -1.622520672734719671e-01
4.434079721282890851e+00 7.728394564902152375e-03
4.440369196064852808e+00 2.271529294307714775e-01
4.446658670846813877e+00 -4.211204077014341074e-01
4.452948145628775833e+00 1.157183156975132299e-01
4.459237620410736902e+00 5.193148410954004923e-01
4.465527095192698859e+00 6.243727491927034690e-01
4.471816569974659927e+00 -3.196590130164921328e-01
4.478106044756621884e+00 6.513163718960024440e-01
4.484395519538582953e+00 1.941552323121156221e-01
4.490684994320544909e+00 -2.762528076722580717e-01
4.496974469102505978e+00 9.556042371438322469e-02
4.503263943884467935e+00 6.663524659533268668e-01
4.509553418666429891e+00 1.473322687457464752e+00
4.515842893448390960e+00 1.554657140010891947e+00
4.522132368230352917e+00 4.868654291740964202e-01
4.528421843012313985e+00 1.599547558624641708e+00
4.534711317794275942e+00 4.503712933064384361e-01
4.541000792576237011e+00 1.341237426175275971e+00
4.547290267358198967e+00 3.701907289706087845e-01
4.553579742140160036e+00 2.626372615638614127e-01
4.559869216922121993e+00 3.920981317700287239e-01
4.566158691704083061e+00 -1.404821846871039948e-01
4.572448166486045018e+00 7.003118015913714078e-01
4.578737641268006087e+00 2.533576539048741916e-01
4.585027116049968043e+00 2.979469480934727743e-01
4.591316590831930000e+00 5.029580302419975890e-01
4.597606065613891069e+00 1.252893244136348283e+00
4.603895540395853025e+00 2.774864013320564871e-01
4.610185015177814094e+00 4.404224137600465383e-01
4.616474489959776051e+00 9.324845767820926223e-01
4.622763964741737119e+00 1.936388943608817748e-01
4.629053439523699076e+00 7.209738255615927294e-01
4.635342914305660145e+00 1.559537578457550033e+00
4.641632389087622101e+00 9.721735483221235485e-01
4.647921863869583170e+00 1.716004030152693982e+00
4.654211338651545127e+00 -2.268385212680694707e-01
4.660500813433506195e+00 1.619204529517833002e+00
4.666790288215468152e+00 1.192936017998350584e+00
4.673079762997430109e+00 2.052564372056918662e-01
4.679369237779391177e+00 1.576517363841382746e+00
4.685658712561353134e+00 6.034125883241772126e-01
4.691948187343314203e+00 1.786622802509738039e-02
4.698237662125276159e+00 2.369797464501365580e-01
4.704527136907237228e+00 8.697828667320655072e-01
4.710816611689199185e+00 1.313611250951332243e+00
4.717106086471160253e+00 3.935487303686489580e-01
4.723395561253122210e+00 9.744216365749034381e-01
4.729685036035083279e+00 7.970939048332039700e-01
4.735974510817045235e+00 4.056305931069913440e-01
4.742263985599006304e+00 1.096326607603734127e+00
4.748553460380968261e+00 7.232725363156569109e-01
4.754842935162930218e+00 1.229883112679975632e+00
4.761132409944891286e+00 1.101460602843628678e+00
4.767421884726853243e+00 1.012191535800508690e+00
4.773711359508814311e+00 1.950596250917602803e-01
4.780000834290776268e+00 7.813781890707414135e-01
4.786290309072737337e+00 -9.452582845623225261e-02
4.792579783854699293e+00 1.418598579437128748e+00
4.798869258636660362e+00 1.107936444107685325e+00
4.805158733418622319e+00 1.411272380332671883e+00
4.811448208200583387e+00 1.282148300188336032e+00
4.817737682982545344e+00 1.469937156490015662e+00
4.824027157764506413e+00 6.649907704961782740e-02
4.830316632546468369e+00 7.125834354563714834e-02
4.836606107328430326e+00 1.392063199660893869e+00
4.842895582110391395e+00 1.034025770161091984e+00
4.849185056892353352e+00 1.578211289807177842e+00
4.855474531674314420e+00 6.924152397532655767e-01
4.861764006456276377e+00 8.619918734893581291e-01
4.868053481238237445e+00 1.281179306644750548e+00
4.874342956020199402e+00 1.254110601505508793e+00
4.880632430802160471e+00 1.253105378614861376e+00
4.886921905584122428e+00 -3.947524254489990225e-01
4.893211380366083496e+00 5.837679757447755691e-02
4.899500855148045453e+00 8.290854254104874643e-01
4.905790329930006521e+00 1.403030839480583047e+00
4.912079804711968478e+00 -1.227901380511191576e-01
4.918369279493930435e+00 -3.172765908136190305e-01
4.924658754275891503e+00 4.466707253353563445e-02
4.930948229057853460e+00 -3.583597678601662118e-01
4.937237703839814529e+00 5.018622036209974269e-02
4.943527178621776486e+00 -1.888951060995518461e-01
4.949816653403737554e+00 -3.971796989607538908e-01
4.956106128185699511e+00 4.926415928315253101e-01
4.962395602967660579e+00 2.841530756923409395e-01
4.968685077749622536e+00 9.256054788900686114e-01
4.974974552531583605e+00 2.286737513260472809e-02
4.981264027313545562e+00 -4.264803254708460223e-01
4.987553502095506630e+00 1.209642740348501277e+00
4.993842976877468587e+00 9.178925432725755229e-01
5.000132451659430544e+00 -5.545748593627599643e-01
5.006421926441391612e+00 -5.458604389999803796e-01
5.012711401223353569e+00 8.787945254828996022e-01
5.019000876005314637e+00 -1.903538407176719183e-02
5.025290350787276594e+00 4.615607916208757100e-01
5.031579825569237663e+00 1.107951638491458057e+00
5.037869300351199620e+00 -5.576089117657976324e-01
5.044158775133160688e+00 -5.641879130770995898e-01
5.050448249915122645e+00 6.623079783799366016e-01
5.056737724697083713e+00 -6.232887575219899778e-01
5.063027199479045670e+00 -6.469993795313981888e-01
5.069316674261006739e+00 9.073275975177135244e-01
5.075606149042968696e+00 -3.855607322236034307e-01
5.081895623824930652e+00 7.663018156561580696e-01
5.088185098606891721e+00 1.013305530954100586e+00
5.094474573388853678e+00 8.092057347193671868e-01
5.100764048170814746e+00 6.950016254803015325e-01
5.107053522952776703e+00 -7.863464608860288863e-01
5.113342997734737772e+00 7.780311075956312106e-01
5.119632472516699728e+00 2.317543654837315170e-01
5.125921947298660797e+00 2.050940953432195402e-01
5.132211422080622754e+00 -3.065929661089856761e-01
5.138500896862583822e+00 3.506739388355621934e-01
5.144790371644545779e+00 -6.654383303017604723e-01
5.151079846426506847e+00 -8.171853357375160609e-01
5.157369321208468804e+00 1.064688256893492779e+00
5.163658795990430761e+00 6.832876573981587764e-01
5.169948270772391830e+00 6.768501209335991975e-01
5.176237745554353786e+00 -2.587995201986655891e-01
5.182527220336314855e+00 -5.468851644575996040e-01
5.188816695118276812e+00 -6.501997318507567458e-01
5.195106169900237880e+00 6.326733022117595473e-01
5.201395644682199837e+00 9.514610491390769198e-01
5.207685119464160906e+00 1.035726708079641512e+00
5.213974594246122862e+00 -5.363801895522963825e-01
5.220264069028083931e+00 -2.047155841746499672e-01
5.226553543810045888e+00 9.490239618697826618e-01
5.232843018592006956e+00 1.168866453784087822e+00
5.239132493373968913e+00 -3.439159605045076784e-01
5.245421968155930870e+00 4.395276070085574194e-01
5.251711442937891938e+00 4.156505460248482997e-02
5.258000917719853895e+00 -1.388208994347559511e-01
5.264290392501814964e+00 -6.333638194764401597e-01
5.270579867283776920e+00 -4.638327313198249424e-01
5.276869342065737989e+00 8.382388883552982506e-01
5.283158816847699946e+00 1.135416482286013551e+00
5.289448291629661014e+00 1.107121065809319349e+00
5.295737766411622971e+00 1.369451980744675446e+00
5.302027241193584040e+00 -2.743583731255964109e-01
5.308316715975545996e+00 2.658922839095697599e-01
5.314606190757507953e+00 -3.424901264716462834e-01
5.320895665539469022e+00 5.499843114739244587e-02
5.327185140321430978e+00 7.760062849504789639e-02
5.333474615103392047e+00 1.566978719615126803e+00
5.339764089885354004e+00 5.992727361089598137e-01
5.346053564667315072e+00 5.193466668110862106e-01
5.352343039449277029e+00 4.184003921966448769e-01
5.358632514231238098e+00 5.566955016179554461e-01
5.364921989013200054e+00 -1.428589709947017394e-01
5.371211463795161123e+00 1.270658603492202499e+00
5.377500938577123080e+00 1.533616809402262415e+00
5.383790413359084148e+00 1.574127038977974236e+00
5.390079888141046105e+00 1.163198098969117522e+00
5.396369362923008062e+00 1.717698967823071854e+00
5.402658837704969130e+00 3.559828641714307129e-01
5.408948312486931087e+00 1.306210595435137956e+00
5.415237787268892156e+00 8.549184105312628290e-01
5.421527262050854112e+00 4.333724915473835537e-02
5.427816736832815181e+00 1.307709406531282648e+00
5.434106211614777138e+00 6.541699905438769225e-02
5.440395686396738206e+00 1.245375564734579887e+00
5.446685161178700163e+00 2.750275476003725683e-01
5.452974635960661232e+00 1.058474611246227548e+00
5.459264110742623188e+00 2.877322268067800115e-01
5.465553585524584257e+00 2.015540527495622847e+00
5.471843060306546214e+00 1.699705649610738112e+00
5.478132535088508170e+00 2.712038359753046191e-01
5.484422009870469239e+00 1.788773101034064394e+00
5.490711484652431196e+00 2.189629890922792921e+00
5.497000959434392264e+00 2.102482872804447567e+00
5.503290434216354221e+00 1.198764222512039623e+00
5.509579908998315290e+00 6.560680053837687487e-01
5.515869383780277246e+00 1.101920771085758588e+00
5.522158858562238315e+00 2.303354233449824484e+00
5.528448333344200272e+00 9.868181946016858497e-01
5.534737808126161340e+00 1.300156612027728809e+00
5.541027282908123297e+00 1.742624576042336670e+00
5.547316757690084366e+00 1.515891018974134807e+00
5.553606232472046322e+00 8.048532878657843614e-01
5.559895707254008279e+00 2.361146682741080305e+00
5.566185182035969348e+00 1.467846918407198942e+00
5.572474656817931304e+00 1.145886522877976876e+00
5.578764131599892373e+00 2.450435016217093143e+00
5.585053606381854330e+00 1.453977734805480093e+00
5.591343081163815398e+00 2.367603934144749900e+00
5.597632555945777355e+00 1.024038007157062946e+00
5.603922030727738424e+00 2.214267149729521655e+00
5.610211505509700380e+00 2.053739822216287259e+00
5.616500980291661449e+00 1.283147208252991556e+00
5.622790455073623406e+00 1.151403882316083038e+00
5.629079929855584474e+00 2.082599894261069284e+00
5.635369404637546431e+00 1.008174688309832812e+00
5.641658879419508388e+00 1.807244357062334661e+00
5.647948354201469456e+00 2.274857200628427556e+00
5.654237828983431413e+00 2.495935457590347184e+00
5.660527303765392482e+00 9.941895590904639146e-01
5.666816778547354438e+00 1.750801355431183204e+00
5.673106253329315507e+00 2.016164366876637359e+00
5.679395728111277464e+00 1.522917103183542897e+00
5.685685202893238532e+00 1.088862733532411697e+00
5.691974677675200489e+00 1.356557042855935258e+00
5.698264152457161558e+00 1.546855071936092507e+00
5.704553627239123514e+00 1.290974822293785795e+00
5.710843102021084583e+00 2.087758372847535071e+00
5.717132576803046540e+00 2.301710715752312897e+00
5.723422051585008496e+00 1.249371107438487449e+00
5.729711526366969565e+00 1.379482785821608770e+00
5.736001001148931522e+00 1.772937209468086195e+00
5.742290475930892590e+00 1.933155328388396210e+00
5.748579950712854547e+00 2.251053255114394247e+00
5.754869425494815616e+00 1.026339703116063706e+00
5.761158900276777572e+00 1.563836401024812250e+00
5.767448375058738641e+00 1.634104401157518982e+00
5.773737849840700598e+00 2.488820304227655544e+00
5.780027324622661666e+00 2.587964264592520713e+00
5.786316799404623623e+00 6.148155331716051997e-01
5.792606274186584692e+00 8.604080494425208059e-01
5.798895748968546648e+00 2.429179180251303194e+00
5.805185223750508605e+00 6.641997573286344547e-01
5.811474698532469674e+00 1.149819554891197360e+00
5.817764173314431631e+00 2.302498342901149186e+00
5.824053648096392699e+00 1.794753461636004577e+00
5.830343122878354656e+00 9.144294085204898170e-01
5.836632597660315724e+00 2.144273535662486907e+00
5.842922072442277681e+00 6.339727265536161394e-01
5.849211547224238750e+00 2.225995881085785388e+00
5.855501022006200706e+00 1.863815619192592310e+00
5.861790496788161775e+00 7.375498493010412826e-01
5.868079971570123732e+00 1.511012658952124887e+00
5.874369446352084800e+00 2.774373635225533263e-01
5.880658921134046757e+00 1.205062431233295150e+00
5.886948395916008714e+00 1.493648717585846164e+00
5.893237870697969782e+00 1.721532935163767597e-01
5.899527345479931739e+00 3.356320647728875395e-01
5.905816820261892808e+00 2.703280897896555568e-01
5.912106295043854765e+00 1.275498337805178739e+00
5.918395769825815833e+00 -4.742195049484121405e-02
5.924685244607777790e+00 -1.294107297197711337e-01
5.930974719389738858e+00 1.549058189315920098e+00
5.937264194171700815e+00 -1.816854320372148779e-01
5.943553668953661884e+00 1.082736965186626321e+00
5.949843143735623840e+00 1.096589728209952153e+00
5.956132618517584909e+00 9.625890539437992333e-02
5.962422093299546866e+00 -4.072414497439162395e-01
5.968711568081508823e+00 5.590437472356692972e-01
5.975001042863469891e+00 1.322509258271766353e+00
5.981290517645431848e+00 7.512575197142228323e-01
5.987579992427392916e+00 6.066495430139018374e-02
5.993869467209354873e+00 3.320796592144157344e-01
6.000158941991315942e+00 2.813319357421502076e-01
6.006448416773277899e+00 7.705207845692236823e-01
6.012737891555238967e+00 1.021353174948926190e+00
6.019027366337200924e+00 -5.668759991837020173e-01
6.025316841119161992e+00 7.111244944771546450e-01
6.031606315901123949e+00 9.725899308741665639e-01
6.037895790683085906e+00 -9.797931427407859939e-01
6.044185265465046974e+00 6.068959455982247952e-02
6.050474740247008931e+00 7.057784065642240812e-01
6.056764215028970000e+00 -6.227942185052353086e-01
6.063053689810931957e+00 -5.423458565154011257e-01
6.069343164592893025e+00 -8.232779231765980921e-01
6.075632639374854982e+00 -4.669707175498027940e-01
6.081922114156816050e+00 5.533203985701917738e-02
6.088211588938778007e+00 5.638016280375681699e-01
6.094501063720739076e+00 4.569953342797066220e-01
6.100790538502701033e+00 2.747056524845259418e-02
6.107080013284662101e+00 3.055734798741049918e-01
6.113369488066624058e+00 -1.450884489644612918e+00
6.119658962848586015e+00 2.242956435753709066e-01
6.125948437630547083e+00 -1.497054270021991318e+00
6.132237912412509040e+00 -2.211886879660320826e-01
6.138527387194470109e+00 -1.716628423559877437e+00
6.144816861976432065e+00 -8.716811961190356062e-01
6.151106336758393134e+00 -1.074847268392174149e+00
6.157395811540355091e+00 -7.770556088969529096e-01
6.163685286322316159e+00 9.149986063244375245e-02
6.169974761104278116e+00 -1.186537986736194705e+00
6.176264235886239184e+00 -3.862452105622302678e-01
6.182553710668201141e+00 -4.804374247090033023e-01
6.188843185450162210e+00 -1.873064652438800382e+00
6.195132660232124167e+00 -1.934550826285394765e+00
6.201422135014086123e+00 -1.707041616010183116e-01
6.207711609796047192e+00 -5.196948939412167068e-01
6.214001084578009149e+00 -6.823945332769834060e-01
6.220290559359970217e+00 -1.085825039890938593e+00
6.226580034141932174e+00 -2.093337885239400453e+00
6.232869508923893243e+00 -1.086699985239945043e+00
6.239158983705855199e+00 -1.548185530751264860e+00
6.245448458487816268e+00 -1.207905693684733883e+00
6.251737933269778225e+00 -9.963930482922560561e-01
6.258027408051739293e+00 -1.322958798101107947e+00
6.264316882833701250e+00 -1.650398443684436334e+00
6.270606357615662318e+00 -2.161217043011260053e+00
6.276895832397624275e+00 -1.959280040352784358e+00
6.283185307179586232e+00 -1.084758007933992907e+00
