0.000000000000000000e+00 2.912378261774817290e-02
6.289474781961547356e-03 3.087381664021044414e-01
1.257894956392309471e-02 1.171319043468447507e+00
1.886842434588464207e-02 -9.302488245427242841e-02
2.515789912784618942e-02 6.332415651036471527e-01
3.144737390980773678e-02 1.286165226042814469e+00
3.773684869176928414e-02 9.981094938170536057e-01
4.402632347373083149e-02 7.608973697284704407e-02
5.031579825569237885e-02 1.410797497822860569e+00
5.660527303765392620e-02 1.530620727818233551e+00
6.289474781961547356e-02 1.001257627828968211e+00
6.918422260157702786e-02 5.179321543789590088e-01
7.547369738353856827e-02 2.487498182753563047e-01
8.176317216550010869e-02 1.030382917320827207e+00
8.805264694746166299e-02 4.565787757889460674e-01
9.434212172942321728e-02 3.556483668059395864e-01
1.006315965113847577e-01 -9.822571986232425667e-02
1.069210712933462981e-01 2.391065822604064861e-01
1.132105460753078524e-01 1.039438552419538642e+00
1.195000208572694067e-01 5.827324078051756562e-01
1.257894956392309471e-01 8.472947918079809515e-01
1.320789704211924875e-01 8.757863503554769169e-01
1.383684452031540557e-01 -2.427237698887856343e-01
1.446579199851155961e-01 7.050398621101559016e-01
1.509473947670771365e-01 4.253858763993922931e-03
1.572368695490386770e-01 1.050520727721250269e+00
1.635263443310002174e-01 -7.864960949556210057e-02
1.698158191129617856e-01 2.526008470221688951e-01
1.761052938949233260e-01 1.304972976531649564e+00
1.823947686768848664e-01 1.382964668035313149e+00
1.886842434588464346e-01 1.304491669471707471e+00
1.949737182408079750e-01 3.756135615714873421e-01
2.012631930227695154e-01 7.448556740640135398e-01
2.075526678047310558e-01 2.255986437954266011e-01
2.138421425866925962e-01 -3.460290257864671037e-01
2.201316173686541644e-01 4.911185742591532843e-01
2.264210921506157048e-01 -3.286711675024706070e-01
2.327105669325772452e-01 3.800375762294088133e-01
2.390000417145388134e-01 9.872129854463549403e-01
2.452895164965003538e-01 3.175079278410648520e-01
2.515789912784618942e-01 9.745441960787415425e-01
2.578684660604234624e-01 1.273475798078098409e+00
2.641579408423849751e-01 1.481896696893448606e+00
2.704474156243465433e-01 1.086307824941009859e+00
2.767368904063081114e-01 -4.375411872825712978e-02
2.830263651882696241e-01 1.183927615494590135e+00
2.893158399702311923e-01 9.793911494900418013e-01
2.956053147521927049e-01 2.988887346108660692e-01
3.018947895341542731e-01 1.290497941198333498e+00
3.081842643161158413e-01 -7.490655625210540514e-02
3.144737390980773539e-01 1.807876365537977037e-01
3.207632138800389221e-01 9.930001764471781955e-01
3.270526886620004348e-01 1.426739812080710434e+00
3.333421634439620029e-01 7.596499114455338431e-01
3.396316382259235711e-01 3.232302078698963133e-01
3.459211130078850838e-01 1.274358050781385643e+00
3.522105877898466519e-01 -7.663718951922615652e-02
3.585000625718082201e-01 1.245880522625439468e+00
3.647895373537697328e-01 7.727326230158253484e-01
3.710790121357313009e-01 8.872387804659032096e-01
3.773684869176928691e-01 8.843601852534141994e-01
3.836579616996543818e-01 2.092052063429383768e-02
3.899474364816159500e-01 6.685732556376628999e-01
3.962369112635774626e-01 8.985600105212863120e-01
4.025263860455390308e-01 9.884613822799194205e-01
4.088158608275005990e-01 4.226981909802344228e-01
4.151053356094621116e-01 -9.954079672968019210e-02
4.213948103914236798e-01 4.278357223172706281e-01
4.276842851733851925e-01 4.335970105979670697e-01
4.339737599553467606e-01 -1.585325587965353833e-01
4.402632347373083288e-01 6.767669792562198694e-01
4.465527095192698415e-01 4.360500906499706897e-01
4.528421843012314096e-01 -6.943980172625510150e-01
4.591316590831929778e-01 -2.387888616134854480e-01
4.654211338651544905e-01 -6.180078398174999599e-01
4.717106086471160586e-01 4.036834537785499721e-01
4.780000834290776268e-01 2.561707053056279104e-01
4.842895582110391395e-01 -3.380657165378283535e-01
4.905790329930007077e-01 -3.778016243765793813e-01
4.968685077749622203e-01 3.899826475254211111e-01
5.031579825569237885e-01 7.386622238093463189e-01
5.094474573388853011e-01 -6.439824297050003032e-01
5.157369321208469248e-01 3.989333336671356811e-01
5.220264069028084375e-01 3.715328345819812750e-01
5.283158816847699502e-01 4.905412816625167594e-01
5.346053564667315738e-01 -5.334796518786848463e-01
5.408948312486930865e-01 8.935164978754766008e-01
5.471843060306545992e-01 -9.537476697931661640e-01
5.534737808126162228e-01 -5.108191523654395105e-01
5.597632555945777355e-01 6.748536898604069467e-01
5.660527303765392482e-01 -6.666399314997475400e-01
5.723422051585007608e-01 -1.076569787691048274e+00
5.786316799404623845e-01 -6.574993687991015356e-02
5.849211547224238972e-01 -6.236157860030622224e-02
5.912106295043854098e-01 7.576032839667234953e-03
5.975001042863470335e-01 7.269109076853013107e-01
6.037895790683085462e-01 6.737283881884823522e-01
6.100790538502700588e-01 1.557310832757989871e-01
6.163685286322316825e-01 -6.710081110995886888e-01
6.226580034141931952e-01 -8.965612827777655891e-01
6.289474781961547079e-01 4.428045899204138269e-01
6.352369529781163315e-01 -5.150304418473727885e-02
6.415264277600778442e-01 -6.804067351684388587e-01
6.478159025420393569e-01 9.155908807856971698e-02
6.541053773240008695e-01 -6.416353673913695044e-01
6.603948521059624932e-01 -9.685520076316223026e-01
6.666843268879240059e-01 4.595962229707064584e-01
6.729738016698855185e-01 -1.008593820827546672e+00
6.792632764518471422e-01 -6.996089655284247755e-01
6.855527512338086549e-01 6.448599691655867439e-01
6.918422260157701675e-01 3.113907786526179944e-01
6.981317007977317912e-01 -2.162062030394116263e-01
7.044211755796933039e-01 3.030280412006776114e-01
7.107106503616548165e-01 3.410319975778963730e-02
7.170001251436164402e-01 -8.175382958712311687e-01
7.232895999255779529e-01 6.476270517041138319e-03
7.295790747075394655e-01 -7.076677767277117503e-02
7.358685494895010892e-01 -5.541064307386260879e-01
7.421580242714626019e-01 -6.427088559654559052e-01
7.484474990534241146e-01 5.074484880211047599e-01
7.547369738353857382e-01 7.238945228785043096e-01
7.610264486173472509e-01 6.133902781805307125e-01
7.673159233993087636e-01 -3.827129124718047226e-01
7.736053981812702762e-01 -5.015982848500994962e-01
7.798948729632318999e-01 4.609808126295502628e-01
7.861843477451934126e-01 2.296093652159936216e-01
7.924738225271549252e-01 2.413834914290853284e-01
7.987632973091165489e-01 -9.048927688009746895e-01
8.050527720910780616e-01 -6.232925774708415467e-01
8.113422468730395742e-01 5.070786877221542532e-01
8.176317216550011979e-01 -4.198366448642079085e-01
8.239211964369627106e-01 -2.494896439142970657e-01
8.302106712189242232e-01 -7.199509016742018375e-01
8.365001460008858469e-01 -6.861774360641428316e-01
8.427896207828473596e-01 -6.760728915059843747e-02
8.490790955648088723e-01 -6.863610425092303569e-01
8.553685703467703849e-01 -7.965398550387305932e-01
8.616580451287320086e-01 1.002916715028563388e-01
8.679475199106935213e-01 1.100565565074550722e+00
8.742369946926550339e-01 9.982028996236163021e-01
8.805264694746166576e-01 -6.574420219990744219e-01
8.868159442565781703e-01 -3.878046746390120258e-01
8.931054190385396829e-01 1.482981672704715148e-01
8.993948938205013066e-01 1.046521083974590205e+00
9.056843686024628193e-01 -2.847998722016018558e-01
9.119738433844243319e-01 1.014826847002118226e+00
9.182633181663859556e-01 1.210403628449872038e-01
9.245527929483474683e-01 1.337574565789299452e+00
9.308422677303089809e-01 -3.497566999965658896e-01
9.371317425122706046e-01 5.955880254323699940e-01
9.434212172942321173e-01 3.380909390124411384e-01
9.497106920761936300e-01 3.464963143212296814e-01
9.560001668581552536e-01 1.350256132325828196e+00
9.622896416401167663e-01 -1.796056534787668912e-01
9.685791164220782790e-01 1.156151170146751284e+00
9.748685912040397916e-01 1.363412854761166360e+00
9.811580659860014153e-01 1.242365926392084763e+00
9.874475407679629280e-01 1.817600457748763887e+00
9.937370155499244406e-01 3.097232361831765424e-01
1.000026490331886064e+00 2.291521706717243867e-01
1.006315965113847577e+00 6.070870546880151597e-01
1.012605439895809090e+00 1.104655372735256602e+00
1.018894914677770602e+00 1.884095341993885508e-01
1.025184389459732115e+00 1.635982527798938380e+00
1.031473864241693850e+00 1.728373046248301792e+00
1.037763339023655362e+00 1.138366331142457444e+00
1.044052813805616875e+00 1.055248543031583441e+00
1.050342288587578388e+00 1.015014910791993241e+00
1.056631763369539900e+00 1.168013702319049774e+00
1.062921238151501413e+00 1.330492016732060856e+00
1.069210712933463148e+00 8.419634656868155709e-01
1.075500187715424660e+00 1.807186942392380313e+00
1.081789662497386173e+00 7.385439721075475195e-01
1.088079137279347686e+00 6.583365006576356038e-01
1.094368612061309198e+00 2.460614719258658489e+00
1.100658086843270711e+00 2.127122594806589273e+00
1.106947561625232446e+00 1.433470083127652783e+00
1.113237036407193958e+00 1.147574693392483303e+00
1.119526511189155471e+00 1.766553874149372483e+00
1.125815985971116984e+00 1.217296848840212720e+00
1.132105460753078496e+00 1.845239712368412999e+00
1.138394935535040009e+00 1.174197106865738194e+00
1.144684410317001522e+00 1.556877547443270338e+00
1.150973885098963256e+00 2.702931847070226823e+00
1.157263359880924769e+00 2.242712542596188907e+00
1.163552834662886282e+00 9.998700384578294020e-01
1.169842309444847794e+00 2.589973618488592422e+00
1.176131784226809307e+00 1.977906173532821388e+00
1.182421259008770820e+00 1.289074235338304675e+00
1.188710733790732554e+00 1.154933637850142247e+00
1.195000208572694067e+00 1.494950476805578798e+00
1.201289683354655580e+00 1.339175190241287172e+00
1.207579158136617092e+00 1.700766047695364769e+00
1.213868632918578605e+00 2.298475097962066283e+00
1.220158107700540118e+00 2.194408423494886407e+00
1.226447582482501630e+00 2.950212161738604344e+00
1.232737057264463365e+00 1.294173988954512966e+00
1.239026532046424878e+00 2.866051944518998251e+00
1.245316006828386390e+00 1.928947500080374189e+00
1.251605481610347903e+00 2.529290867907488582e+00
1.257894956392309416e+00 1.575054479673650976e+00
1.264184431174270928e+00 2.912222474033859143e+00
1.270473905956232663e+00 2.575198609621539347e+00
1.276763380738194176e+00 1.596418368356775419e+00
1.283052855520155688e+00 2.196493930449772147e+00
1.289342330302117201e+00 2.117962074843791065e+00
1.295631805084078714e+00 2.450873908734851447e+00
1.301921279866040226e+00 2.787667444711226850e+00
1.308210754648001739e+00 1.918423905540429963e+00
1.314500229429963474e+00 2.702935826038068257e+00
1.320789704211924986e+00 2.618956380587439625e+00
1.327079178993886499e+00 1.324484476560731760e+00
1.333368653775848012e+00 2.012194220239322817e+00
1.339658128557809524e+00 1.983599048317453484e+00
1.345947603339771037e+00 1.847502118545925276e+00
1.352237078121732772e+00 2.150427185806045305e+00
1.358526552903694284e+00 2.732517281709649914e+00
1.364816027685655797e+00 2.924154419924171133e+00
1.371105502467617310e+00 1.881456470991908381e+00
1.377394977249578822e+00 1.553805509549862629e+00
1.383684452031540335e+00 2.938149111987208961e+00
1.389973926813502070e+00 1.597216978043532354e+00
1.396263401595463582e+00 2.217545342030959432e+00
1.402552876377425095e+00 2.751414862509533599e+00
1.408842351159386608e+00 2.712045922978739476e+00
1.415131825941348120e+00 1.385916733219075381e+00
1.421421300723309633e+00 2.160735693768447430e+00
1.427710775505271146e+00 1.519378750011147972e+00
1.434000250287232880e+00 1.098741544026615502e+00
1.440289725069194393e+00 1.351968650032234320e+00
1.446579199851155906e+00 1.822708191289595714e+00
1.452868674633117418e+00 1.626003278172192035e+00
1.459158149415078931e+00 1.888321007820434660e+00
1.465447624197040444e+00 1.250152720974558651e+00
1.471737098979002178e+00 1.814252518580535822e+00
1.478026573760963691e+00 7.754369902020831207e-01
1.484316048542925204e+00 2.353922754456351019e+00
1.490605523324886716e+00 2.157974223574803840e+00
1.496894998106848229e+00 1.840192293070566754e+00
1.503184472888809742e+00 1.038669278235650584e+00
1.509473947670771476e+00 2.049757248302345403e+00
1.515763422452732989e+00 1.093465644665465586e+00
1.522052897234694502e+00 2.083733786363954010e+00
1.528342372016656014e+00 1.214071656116314735e+00
1.534631846798617527e+00 1.131459838622349778e+00
1.540921321580579040e+00 1.461311734137732854e+00
1.547210796362540552e+00 1.679068140837814971e+00
1.553500271144502287e+00 1.613375062410618233e+00
1.559789745926463800e+00 9.064208703742321349e-01
1.566079220708425312e+00 1.347301490840342730e-01
1.572368695490386825e+00 1.406828426527171771e+00
1.578658170272348338e+00 6.177821759394498402e-01
1.584947645054309850e+00 4.301947075019011413e-01
1.591237119836271585e+00 3.194045944193707465e-02
1.597526594618233098e+00 -8.879240427818230197e-02
1.603816069400194610e+00 1.369493687215669109e+00
1.610105544182156123e+00 1.056451347000564756e+00
1.616395018964117636e+00 2.134353837232394469e-02
1.622684493746079148e+00 -1.470342318006208071e-01
1.628973968528040661e+00 9.490309243601876554e-01
1.635263443310002396e+00 6.591410503888266437e-01
1.641552918091963909e+00 -4.743923639127031189e-01
1.647842392873925421e+00 -8.041292979477343561e-01
1.654131867655886934e+00 7.071953625245264163e-02
1.660421342437848446e+00 1.977417991290102428e-01
1.666710817219809959e+00 8.278771315275126330e-01
1.673000292001771694e+00 -6.040484600347399979e-01
1.679289766783733207e+00 -7.366678913784634464e-01
1.685579241565694719e+00 6.371032320690590556e-01
1.691868716347656232e+00 -9.772084369061584397e-01
1.698158191129617745e+00 6.966818049733793927e-01
1.704447665911579257e+00 -6.887403504834235246e-01
1.710737140693540770e+00 -8.558999509857105892e-01
1.717026615475502505e+00 -7.384109603638182584e-01
1.723316090257464017e+00 1.265713413242917085e-01
1.729605565039425530e+00 -1.584627465387542511e-01
1.735895039821387043e+00 -3.512318717891553810e-01
1.742184514603348555e+00 -3.187035384347229883e-01
1.748473989385310068e+00 2.159155905440837131e-01
1.754763464167271803e+00 -5.566809474254081902e-01
1.761052938949233315e+00 -1.503952803908186642e+00
1.767342413731194828e+00 -1.728599269512158587e+00
1.773631888513156341e+00 -8.414058484636519619e-01
1.779921363295117853e+00 -1.088420685503313168e+00
1.786210838077079366e+00 -1.526939683001020009e+00
1.792500312859041101e+00 -7.255216022754811256e-01
1.798789787641002613e+00 -1.614159739694509321e+00
1.805079262422964126e+00 7.108186396042248667e-02
1.811368737204925639e+00 -1.906961486729975119e+00
1.817658211986887151e+00 -4.038634847264079841e-01
1.823947686768848664e+00 -5.252729602832522104e-01
1.830237161550810177e+00 -1.780623855495744312e-01
1.836526636332771911e+00 -1.215804421913857736e+00
1.842816111114733424e+00 -8.255188538935391840e-01
1.849105585896694937e+00 -2.281809659238198673e-01
1.855395060678656449e+00 -4.567901486667980127e-01
1.861684535460617962e+00 -1.727908007906435950e+00
1.867974010242579475e+00 -7.146297690751852727e-01
1.874263485024541209e+00 -2.045128417458888848e+00
1.880552959806502722e+00 -1.931849079746595033e+00
1.886842434588464235e+00 -1.242872243787697562e+00
1.893131909370425747e+00 -1.341869623253649335e+00
1.899421384152387260e+00 -1.805860634956134358e+00
1.905710858934348773e+00 -1.199999488484931431e+00
1.912000333716310507e+00 -1.809311803044514555e+00
1.918289808498272020e+00 -1.375031632911476676e+00
1.924579283280233533e+00 -8.045679900255362504e-01
1.930868758062195045e+00 -1.638746594254943956e+00
1.937158232844156558e+00 -1.859000561710110855e+00
1.943447707626118071e+00 -3.844935633509298789e-01
1.949737182408079583e+00 -1.742384171292165718e+00
1.956026657190041318e+00 -1.876728691632782997e-01
1.962316131972002831e+00 -5.078305617801086580e-01
1.968605606753964343e+00 -1.300295608446621287e+00
1.974895081535925856e+00 -2.269333494402647755e-01
1.981184556317887369e+00 -1.157593465122586984e+00
1.987474031099848881e+00 -8.993066286642006357e-01
1.993763505881810616e+00 1.646715401276568347e-01
2.000052980663772129e+00 -7.675553040146052552e-01
2.006342455445733641e+00 -1.352341185491908071e+00
2.012631930227695154e+00 -1.133385332531964718e+00
2.018921405009656667e+00 -7.847789781795899700e-01
2.025210879791618179e+00 -2.134754941761569658e-01
2.031500354573579692e+00 3.763362674314456591e-01
2.037789829355541205e+00 -7.077232272083555653e-01
2.044079304137502717e+00 -6.578203058962337479e-01
2.050368778919464230e+00 -8.489073002541529522e-01
2.056658253701426187e+00 5.160654102093806816e-01
2.062947728483387699e+00 -2.490506903014311213e-02
2.069237203265349212e+00 -2.088010698413838018e-01
2.075526678047310725e+00 -4.299292953933164796e-01
2.081816152829272237e+00 1.810481880738488147e-01
2.088105627611233750e+00 -3.812809574633395648e-01
2.094395102393195263e+00 -9.524272649295271176e-01
2.100684577175156775e+00 -6.647369646181067182e-03
2.106974051957118288e+00 -2.021768156173567865e-01
2.113263526739079801e+00 7.777517574955487012e-01
2.119553001521041313e+00 1.064969004034983957e+00
2.125842476303002826e+00 -5.102352366815343654e-02
2.132131951084964339e+00 1.726078593464737132e-01
2.138421425866926295e+00 6.970733314249690782e-01
2.144710900648887808e+00 9.002106527683988446e-01
2.151000375430849321e+00 -6.645842745984098521e-02
2.157289850212810833e+00 5.178646726244924281e-01
2.163579324994772346e+00 6.186386414454778659e-01
2.169868799776733859e+00 -2.430739311250953438e-01
2.176158274558695371e+00 4.510257415313292384e-01
2.182447749340656884e+00 6.794938544444678596e-01
2.188737224122618397e+00 -4.287279455245546211e-02
2.195026698904579909e+00 1.564004060972083776e+00
2.201316173686541422e+00 9.316408048853146440e-01
2.207605648468502935e+00 1.088924474299280076e+00
2.213895123250464891e+00 1.478528493205515382e-01
2.220184598032426404e+00 1.257316312584978446e-01
2.226474072814387917e+00 1.568100458678063802e+00
2.232763547596349429e+00 1.719018712495117285e+00
2.239053022378310942e+00 7.920993308599042493e-01
2.245342497160272455e+00 2.233007502406652911e+00
2.251631971942233967e+00 9.008562894617144767e-01
2.257921446724195480e+00 1.773456548646750397e+00
2.264210921506156993e+00 1.407144945740642195e+00
2.270500396288118505e+00 1.698759552162896425e+00
2.276789871070080018e+00 1.983695901111233617e+00
2.283079345852041531e+00 1.554589983957857413e+00
2.289368820634003043e+00 9.979879354806641123e-01
2.295658295415965000e+00 1.742750907775209468e+00
2.301947770197926513e+00 1.167819072021643922e+00
2.308237244979888025e+00 1.337125697430820104e+00
2.314526719761849538e+00 2.496096258269124402e+00
2.320816194543811051e+00 2.921010614115018278e+00
2.327105669325772563e+00 2.681059192417504455e+00
2.333395144107734076e+00 2.792889653222312418e+00
2.339684618889695589e+00 2.234496001703992096e+00
2.345974093671657101e+00 3.080381703903478652e+00
2.352263568453618614e+00 2.035280590261615785e+00
2.358553043235580127e+00 3.082136447486489850e+00
2.364842518017541639e+00 2.796164701064062008e+00
2.371131992799503152e+00 2.916032298995859584e+00
2.377421467581465109e+00 3.114782185457570129e+00
2.383710942363426621e+00 3.330718399999958557e+00
2.390000417145388134e+00 2.712953114345882710e+00
2.396289891927349647e+00 2.961406139371383972e+00
2.402579366709311159e+00 2.681603454109254159e+00
2.408868841491272672e+00 2.166721855097610394e+00
2.415158316273234185e+00 2.855358468774468861e+00
2.421447791055195697e+00 3.256359151698524634e+00
2.427737265837157210e+00 2.714137273530367267e+00
2.434026740619118723e+00 2.887921374150726805e+00
2.440316215401080235e+00 3.707065709789112873e+00
2.446605690183041748e+00 3.805428564751254683e+00
2.452895164965003261e+00 2.218712594038824371e+00
2.459184639746965217e+00 1.895896926927848725e+00
2.465474114528926730e+00 2.340707644786857777e+00
2.471763589310888243e+00 2.173062659832047494e+00
2.478053064092849755e+00 3.678200337486380533e+00
2.484342538874811268e+00 2.464966739304469190e+00
2.490632013656772781e+00 3.138490267335033224e+00
2.496921488438734293e+00 3.569943046292056721e+00
2.503210963220695806e+00 3.887398331067672075e+00
2.509500438002657319e+00 3.115652462759376462e+00
2.515789912784618831e+00 2.220496908783803569e+00
2.522079387566580344e+00 3.118874674623651977e+00
2.528368862348541857e+00 3.074630809781725205e+00
2.534658337130503369e+00 2.466613974921668451e+00
2.540947811912465326e+00 2.894892918713028784e+00
2.547237286694426839e+00 2.625470544467285006e+00
2.553526761476388351e+00 1.989836693056822314e+00
2.559816236258349864e+00 3.364856023586445311e+00
2.566105711040311377e+00 3.460487573003180550e+00
2.572395185822272889e+00 2.795008120528743589e+00
2.578684660604234402e+00 3.719166091081370418e+00
2.584974135386195915e+00 3.394653463953358319e+00
2.591263610168157427e+00 3.216887822810971631e+00
2.597553084950118940e+00 3.044690460170452972e+00
2.603842559732080453e+00 2.628990107312394908e+00
2.610132034514041965e+00 3.453315266245418513e+00
2.616421509296003478e+00 3.180224809526135843e+00
2.622710984077965435e+00 2.236494894180763637e+00
2.629000458859926947e+00 2.242719522738036986e+00
2.635289933641888460e+00 1.975612164338403254e+00
2.641579408423849973e+00 1.548505687549618370e+00
2.647868883205811485e+00 3.337160623056235842e+00
2.654158357987772998e+00 2.552421631976030447e+00
2.660447832769734511e+00 2.901640476083713338e+00
2.666737307551696023e+00 3.192922513766483839e+00
2.673026782333657536e+00 1.781726045709816297e+00
2.679316257115619049e+00 2.506005263547034012e+00
2.685605731897580561e+00 3.200871955753419318e+00
2.691895206679542074e+00 1.812575204306325016e+00
2.698184681461504031e+00 1.683485926441848246e+00
2.704474156243465544e+00 1.917590685600118805e+00
2.710763631025427056e+00 2.834476830047509388e+00
2.717053105807388569e+00 2.479760640553310136e+00
2.723342580589350082e+00 1.862074808904551793e+00
2.729632055371311594e+00 2.441430618225080007e+00
2.735921530153273107e+00 1.024706557224239534e+00
2.742211004935234619e+00 2.422435813010193950e+00
2.748500479717196132e+00 2.064259315711373333e+00
2.754789954499157645e+00 9.568326446112341843e-01
2.761079429281119157e+00 1.241296134744239055e+00
2.767368904063080670e+00 1.832106721984426034e+00
2.773658378845042183e+00 1.142434432932883492e+00
2.779947853627004140e+00 2.280316840932952616e+00
2.786237328408965652e+00 5.706780846006853647e-01
2.792526803190927165e+00 1.429932406936690770e+00
2.798816277972888678e+00 1.718992992915304940e+00
2.805105752754850190e+00 3.679820262732570457e-01
2.811395227536811703e+00 7.747535483706358139e-01
2.817684702318773216e+00 4.860059713973056139e-01
2.823974177100734728e+00 4.387568383913353909e-01
2.830263651882696241e+00 1.907636640397475380e-02
2.836553126664657754e+00 3.618255538540317007e-01
2.842842601446619266e+00 1.911607260700880495e-01
2.849132076228580779e+00 6.452506216827563756e-02
2.855421551010542291e+00 1.691053984835894530e+00
2.861711025792504248e+00 4.767664987646621499e-01
2.868000500574465761e+00 -8.439043480743474435e-02
2.874289975356427274e+00 -4.096998615228537588e-01
2.880579450138388786e+00 1.796145328642654304e-01
2.886868924920350299e+00 -6.306337898818081822e-02
2.893158399702311812e+00 1.119168876743749097e-01
2.899447874484273324e+00 5.874289153140002107e-01
2.905737349266234837e+00 9.596053428828191789e-01
2.912026824048196350e+00 2.995841214328278657e-01
2.918316298830157862e+00 1.173595169619878531e+00
2.924605773612119375e+00 3.263150664872812579e-01
2.930895248394080888e+00 1.059280773748977111e+00
2.937184723176042400e+00 9.428144824499762322e-01
2.943474197958004357e+00 1.178002932914037348e-01
2.949763672739965870e+00 -3.623316142687971197e-01
2.956053147521927382e+00 2.052928188253542174e-01
2.962342622303888895e+00 3.667751988926617468e-01
2.968632097085850408e+00 4.920963309786758888e-01
2.974921571867811920e+00 -8.817823984022137296e-01
2.981211046649773433e+00 4.042484128465861914e-02
2.987500521431734946e+00 -3.251915812341696910e-01
2.993789996213696458e+00 -1.148053827010601102e+00
3.000079470995657971e+00 -7.987355607979562677e-01
3.006368945777619484e+00 -8.025756640689172272e-01
3.012658420559580996e+00 -4.555125309747163342e-01
3.018947895341542953e+00 -1.328171696767175725e+00
3.025237370123504466e+00 2.534310121481384570e-01
3.031526844905465978e+00 2.328136851713091815e-02
3.037816319687427491e+00 -1.413421941337547061e+00
3.044105794469389004e+00 -4.488043926443137099e-01
3.050395269251350516e+00 3.382223713563927703e-01
3.056684744033312029e+00 -1.372428375423661029e+00
3.062974218815273542e+00 3.364852544272602941e-01
3.069263693597235054e+00 -1.218909711230260262e+00
3.075553168379196567e+00 -7.386044091272661039e-01
3.081842643161158080e+00 2.669433287794094056e-01
3.088132117943119592e+00 -6.976261442198701257e-01
3.094421592725081105e+00 -1.184956959061584714e+00
3.100711067507043062e+00 1.924203949161691352e-01
3.107000542289004574e+00 -2.855008155471450149e-01
3.113290017070966087e+00 -5.520311970496460940e-01
3.119579491852927600e+00 -3.715455301310750524e-01
3.125868966634889112e+00 2.431803604578706146e-01
3.132158441416850625e+00 -1.059324248808986901e+00
3.138447916198812138e+00 -1.148092060543736581e+00
3.144737390980773650e+00 -1.142212753023311711e+00
3.151026865762735163e+00 -3.640800772238992344e-01
3.157316340544696676e+00 -1.806766445896528239e-01
3.163605815326658188e+00 -5.820558581639383444e-01
3.169895290108619701e+00 -4.687039613273991101e-01
3.176184764890581214e+00 -8.230710588425278473e-01
3.182474239672543170e+00 -9.440263144937102169e-01
3.188763714454504683e+00 -1.000058046460562400e+00
3.195053189236466196e+00 -6.912750122224222693e-01
3.201342664018427708e+00 -1.219091255365100768e+00
3.207632138800389221e+00 -5.243795777711071082e-01
3.213921613582350734e+00 -7.938250231504286880e-01
3.220211088364312246e+00 2.092977854045980912e-01
3.226500563146273759e+00 -5.141914764572521612e-01
3.232790037928235272e+00 -6.803160678128006289e-02
3.239079512710196784e+00 -6.065478405511552928e-01
3.245368987492158297e+00 -5.885309672639842393e-01
3.251658462274119810e+00 -1.245125240846404191e+00
3.257947937056081322e+00 4.612552496630424326e-01
3.264237411838043279e+00 -1.171603535216428682e+00
3.270526886620004792e+00 -1.075509483394696320e+00
3.276816361401966304e+00 -1.082111137391523537e+00
3.283105836183927817e+00 -8.323757354674439224e-01
3.289395310965889330e+00 -1.166913763706527440e-01
3.295684785747850842e+00 5.479838087793971191e-01
3.301974260529812355e+00 -3.536809531175675314e-01
3.308263735311773868e+00 -6.844504630352532537e-02
3.314553210093735380e+00 4.623587271416076394e-01
3.320842684875696893e+00 -1.791159301120908154e-01
3.327132159657658406e+00 1.249530711714131881e-01
3.333421634439619918e+00 -5.491011844352373661e-01
3.339711109221581431e+00 7.300712144872308906e-01
3.346000584003543388e+00 -4.707501202241359817e-01
3.352290058785504900e+00 9.401899876616797158e-01
3.358579533567466413e+00 1.175324838575791730e+00
3.364869008349427926e+00 -5.813459514098056058e-01
3.371158483131389438e+00 6.639221337987878391e-01
3.377447957913350951e+00 7.910991358990864253e-01
3.383737432695312464e+00 1.395855627753311845e-01
3.390026907477273976e+00 1.318958268005224532e+00
3.396316382259235489e+00 5.527677056636988162e-01
3.402605857041197002e+00 -3.394948799073425061e-01
3.408895331823158514e+00 1.141743289297020070e+00
3.415184806605120027e+00 9.494182883399976403e-01
3.421474281387081540e+00 8.904459014468223410e-01
3.427763756169043496e+00 3.000458133483672185e-01
3.434053230951005009e+00 1.309970746551143206e+00
3.440342705732966522e+00 9.243027046995744289e-01
3.446632180514928034e+00 6.634171583953157869e-01
3.452921655296889547e+00 1.477808080887336617e+00
3.459211130078851060e+00 1.795046147522530777e+00
3.465500604860812572e+00 1.791742252822132953e+00
3.471790079642774085e+00 1.998046307300956670e+00
3.478079554424735598e+00 1.975269422460607327e+00
3.484369029206697110e+00 1.502731892659919355e+00
3.490658503988658623e+00 2.004314538001313650e+00
3.496947978770620136e+00 7.476763215535537910e-01
3.503237453552582092e+00 1.271316922302733854e+00
3.509526928334543605e+00 6.557986750579352098e-01
3.515816403116505118e+00 1.681110615150806398e+00
3.522105877898466630e+00 4.852191846672922471e-01
3.528395352680428143e+00 1.539737510905196283e+00
3.534684827462389656e+00 2.271835076958941713e+00
3.540974302244351168e+00 1.363711607793386626e+00
3.547263777026312681e+00 1.898670007915660207e+00
3.553553251808274194e+00 1.451092619507568404e+00
3.559842726590235706e+00 1.531093023246273832e+00
3.566132201372197219e+00 2.220715983844750330e+00
3.572421676154158732e+00 1.878948502945428478e+00
3.578711150936120244e+00 2.502032760277316026e+00
3.585000625718082201e+00 2.385358924431483008e+00
3.591290100500043714e+00 2.201600447384558734e+00
3.597579575282005226e+00 1.714599889147693457e+00
3.603869050063966739e+00 1.881634075849753618e+00
3.610158524845928252e+00 1.467364234447058990e+00
3.616447999627889764e+00 1.891301888445100943e+00
3.622737474409851277e+00 2.679864550207573526e+00
3.629026949191812790e+00 2.580856934855594531e+00
3.635316423973774302e+00 2.715269964790293589e+00
3.641605898755735815e+00 2.729918791630896902e+00
3.647895373537697328e+00 3.022978516965331153e+00
3.654184848319658840e+00 2.493935131571624719e+00
3.660474323101620353e+00 2.116497020131241857e+00
3.666763797883582310e+00 3.072324189371007375e+00
3.673053272665543822e+00 2.648309014363479541e+00
3.679342747447505335e+00 2.725446986855248888e+00
3.685632222229466848e+00 2.001773350826382192e+00
3.691921697011428360e+00 1.518850687002059718e+00
3.698211171793389873e+00 1.850013939269731233e+00
3.704500646575351386e+00 2.781684270715304663e+00
3.710790121357312898e+00 1.662237383575596583e+00
3.717079596139274411e+00 1.564376297647328551e+00
3.723369070921235924e+00 1.388316222366186015e+00
3.729658545703197436e+00 1.741685003514753971e+00
3.735948020485158949e+00 1.915784368688724371e+00
3.742237495267120462e+00 1.930405717143314437e+00
3.748526970049082419e+00 2.220978985262967331e+00
3.754816444831043931e+00 1.376614502399979623e+00
3.761105919613005444e+00 1.541847834524642913e+00
3.767395394394966956e+00 2.390382639423709321e+00
3.773684869176928469e+00 1.212773400534035373e+00
3.779974343958889982e+00 1.198277449681384166e+00
3.786263818740851494e+00 1.848690973597900467e+00
3.792553293522813007e+00 2.485791124776061345e+00
3.798842768304774520e+00 2.104984718948683664e+00
3.805132243086736032e+00 2.974683333590026901e+00
3.811421717868697545e+00 1.719443090616042058e+00
3.817711192650659058e+00 1.628405025503455450e+00
3.824000667432621015e+00 1.355477693888923030e+00
3.830290142214582527e+00 1.616977531478741348e+00
3.836579616996544040e+00 2.567325340444799320e+00
3.842869091778505553e+00 2.096388094479036290e+00
3.849158566560467065e+00 2.592744650093256276e+00
3.855448041342428578e+00 2.346850791705339390e+00
3.861737516124390091e+00 1.924631438906996728e+00
3.868026990906351603e+00 2.076880204514330419e+00
3.874316465688313116e+00 1.621471613412670987e+00
3.880605940470274628e+00 1.226327646573346808e+00
3.886895415252236141e+00 1.359393361153023783e+00
3.893184890034197654e+00 1.867996111964332240e+00
3.899474364816159166e+00 1.251759357830156016e+00
3.905763839598121123e+00 8.302655216540298921e-01
3.912053314380082636e+00 7.509120405026762368e-01
3.918342789162044149e+00 2.069138849008888670e+00
3.924632263944005661e+00 2.560914031870753504e+00
3.930921738725967174e+00 2.087350303021881626e+00
3.937211213507928687e+00 2.427554065594734301e+00
3.943500688289890199e+00 2.389465976538068137e+00
3.949790163071851712e+00 1.239276966079130293e+00
3.956079637853813225e+00 1.496753664212975954e+00
3.962369112635774737e+00 2.283165282438126553e+00
3.968658587417736250e+00 6.934904572651666710e-01
3.974948062199697763e+00 1.899199039277495782e+00
3.981237536981659275e+00 1.439450148988143052e+00
3.987527011763621232e+00 1.611960010146694433e+00
3.993816486545582745e+00 1.835010922625588847e+00
4.000105961327544257e+00 1.126949155588667040e+00
4.006395436109505326e+00 1.317564615852972132e+00
4.012684910891467283e+00 2.174567664769730069e+00
4.018974385673428351e+00 1.412495196275208587e+00
4.025263860455390308e+00 1.220673132244536552e+00
4.031553335237352265e+00 6.007370647738594638e-01
4.037842810019313333e+00 6.596847007952053588e-01
4.044132284801275290e+00 1.924211497576322039e+00
4.050421759583236359e+00 1.887830770310164441e+00
4.056711234365198315e+00 1.506013634370982235e+00
4.063000709147159384e+00 1.028927542344603707e-01
4.069290183929121341e+00 1.634502914154732478e+00
4.075579658711082409e+00 1.567379427701764083e+00
4.081869133493044366e+00 1.878380165570253224e+00
4.088158608275005435e+00 1.900804636883490772e-02
4.094448083056967391e+00 1.135028293890654183e+00
4.100737557838928460e+00 1.598956509866947151e+00
4.107027032620890417e+00 2.616282726220801602e-01
4.113316507402852373e+00 8.407317910765368940e-02
4.119605982184813442e+00 1.003015840891966715e+00
4.125895456966775399e+00 8.992582772071271435e-01
4.132184931748736467e+00 4.058927660475301624e-01
4.138474406530698424e+00 1.406957751191132644e+00
4.144763881312659493e+00 1.067490377967338144e+00
4.151053356094621449e+00 1.548062103061130568e+00
4.157342830876582518e+00 5.915993739655054373e-01
4.163632305658544475e+00 1.254457520162883810e+00
4.169921780440505543e+00 1.332721053793926025e+00
4.176211255222467500e+00 1.339545295643499001e+00
4.182500730004428569e+00 1.182389377546066100e+00
4.188790204786390525e+00 -4.545768698975403144e-01
4.195079679568352482e+00 1.316487082446651247e+00
4.201369154350313551e+00 -1.989656705489836197e-01
4.207658629132275507e+00 5.472132451883597870e-01
4.213948103914236576e+00 2.806155581511506902e-01
4.220237578696198533e+00 6.379143434311622674e-01
4.226527053478159601e+00 5.709035008438354541e-01
4.232816528260121558e+00 1.390735660077184743e+00
4.239106003042082627e+00 2.238162554982370267e-01
4.245395477824044583e+00 -6.889890255679231856e-02
4.251684952606005652e+00 2.566390035756209720e-01
4.257974427387967609e+00 7.750869736338714677e-01
4.264263902169928677e+00 1.382306233511593652e+00
4.270553376951890634e+00 5.703888069647196080e-01
4.276842851733852591e+00 -4.967564976926682752e-01
4.283132326515813659e+00 -3.302926117283682128e-01
4.289421801297775616e+00 5.178327981020987014e-01
4.295711276079736685e+00 9.176553506258184889e-01
4.302000750861698641e+00 -3.726111024030585028e-01
4.308290225643659710e+00 -5.315962676501428952e-01
4.314579700425621667e+00 2.796861861569436281e-01
4.320869175207582735e+00 1.312250447470593606e+00
4.327158649989544692e+00 2.982452242161709455e-01
4.333448124771505761e+00 8.725626504490315849e-01
4.339737599553467717e+00 9.622327339858016693e-03
4.346027074335428786e+00 8.921875736769265819e-01
4.352316549117390743e+00 9.790785515509135006e-01
4.358606023899352699e+00 -4.546926127701030884e-01
4.364895498681313768e+00 -2.277085542211857438e-01
4.371184973463275725e+00 1.064958562742420733e+00
4.377474448245236793e+00 3.739853803175371416e-01
4.383763923027198750e+00 -1.475075276412567415e-01
4.390053397809159819e+00 -1.518262443374297499e-01
4.396342872591121775e+00 -2.540156908500268429e-02
4.402632347373082844e+00 -3.902229590425969619e-01
4.408921822155044801e+00 -4.511460071634258995e-01
4.415211296937005869e+00 9.112668570056714490e-01
4.421500771718967826e+00 2.789990055697290083e-01
4.427790246500929783e+00 5.824579160356777585e-01
4.434079721282890851e+00 1.292407690738248238e+00
4.440369196064852808e+00 4.004020317080727587e-01
4.446658670846813877e+00 -2.793824012631065390e-01
4.452948145628775833e+00 3.226094189718964333e-01
4.459237620410736902e+00 5.783343942984351393e-01
4.465527095192698859e+00 1.410885257215987121e+00
4.471816569974659927e+00 1.389672468465497079e+00
4.478106044756621884e+00 -2.110743189340853476e-01
4.484395519538582953e+00 -9.339115363375594114e-02
4.490684994320544909e+00 1.475692968313570885e+00
4.496974469102505978e+00 8.122167419684036549e-01
4.503263943884467935e+00 1.662916679630506156e-01
4.509553418666429891e+00 1.002979896013411087e+00
4.515842893448390960e+00 -4.041672062928836073e-02
4.522132368230352917e+00 -2.144095070227053923e-01
4.528421843012313985e+00 1.262700121995740776e+00
4.534711317794275942e+00 1.175707324789164954e+00
4.541000792576237011e+00 6.110666881001850514e-01
4.547290267358198967e+00 1.628986689941496646e+00
4.553579742140160036e+00 1.216645376441960469e+00
4.559869216922121993e+00 1.247990278176289713e-01
4.566158691704083061e+00 -1.138729929058554524e-01
4.572448166486045018e+00 -1.099562833017619923e-02
4.578737641268006087e+00 1.320689828269003829e+00
4.585027116049968043e+00 5.753964090263149478e-01
4.591316590831930000e+00 -2.069700250545574716e-01
4.597606065613891069e+00 1.562746754942288874e+00
4.603895540395853025e+00 4.379309036350841344e-01
4.610185015177814094e+00 1.387530913328849147e+00
4.616474489959776051e+00 -1.581686511673919271e-01
4.622763964741737119e+00 1.029628049809566903e+00
4.629053439523699076e+00 5.557002847096608189e-01
4.635342914305660145e+00 5.691841338458450972e-01
4.641632389087622101e+00 3.758663164173191573e-01
4.647921863869583170e+00 3.134914378500565091e-01
4.654211338651545127e+00 7.177726765700440659e-01
4.660500813433506195e+00 4.063218569428354576e-01
4.666790288215468152e+00 -2.358674557794748772e-01
4.673079762997430109e+00 7.076082281303394117e-01
4.679369237779391177e+00 5.261697140921434146e-01
4.685658712561353134e+00 1.030504657389757384e+00
4.691948187343314203e+00 1.068443360302450129e+00
4.698237662125276159e+00 1.244238041733255251e+00
4.704527136907237228e+00 4.594251234215642743e-01
4.710816611689199185e+00 1.293566874187568549e+00
4.717106086471160253e+00 7.461178291135490692e-01
4.723395561253122210e+00 -1.417878478089983907e-01
4.729685036035083279e+00 1.079546478001037757e+00
4.735974510817045235e+00 -2.360771666641406918e-01
4.742263985599006304e+00 1.396152165426408187e+00
4.748553460380968261e+00 1.618281201170085115e+00
4.754842935162930218e+00 1.406505938253737042e+00
4.761132409944891286e+00 1.105557184830717743e+00
4.767421884726853243e+00 -2.752733058699519120e-01
4.773711359508814311e+00 1.043177867141967585e+00
4.780000834290776268e+00 1.552702688867576786e+00
4.786290309072737337e+00 2.326148640931928746e-01
4.792579783854699293e+00 1.428152843982756215e+00
4.798869258636660362e+00 -2.506600451771727189e-01
4.805158733418622319e+00 -2.444256427049215641e-01
4.811448208200583387e+00 7.490581912242022522e-01
4.817737682982545344e+00 4.525131613250132911e-03
4.824027157764506413e+00 -2.039910382730450444e-01
4.830316632546468369e+00 1.264762791499919325e+00
4.836606107328430326e+00 1.569421676479901828e-01
4.842895582110391395e+00 5.677385881654245514e-01
4.849185056892353352e+00 1.035309402166896486e+00
4.855474531674314420e+00 1.217624038642129314e+00
4.861764006456276377e+00 2.298641543661301134e-01
4.868053481238237445e+00 5.528020198418392983e-01
4.874342956020199402e+00 7.225020674815019195e-02
4.880632430802160471e+00 -2.546549810909522482e-01
4.886921905584122428e+00 1.074775839069932459e+00
4.893211380366083496e+00 9.259629740948709387e-01
4.899500855148045453e+00 9.423511156854302850e-02
4.905790329930006521e+00 -1.148421279216960134e-02
4.912079804711968478e+00 5.276467755792688674e-01
4.918369279493930435e+00 -5.124186193219280039e-01
4.924658754275891503e+00 3.205757868798895238e-01
4.930948229057853460e+00 1.131008557917219770e+00
4.937237703839814529e+00 3.495845019226528905e-01
4.943527178621776486e+00 1.131913368184843893e+00
4.949816653403737554e+00 4.811455501881911623e-01
4.956106128185699511e+00 1.050893149070208921e-02
4.962395602967660579e+00 4.912813759883007947e-01
4.968685077749622536e+00 1.295036055221427063e+00
4.974974552531583605e+00 5.310308313308431671e-02
4.981264027313545562e+00 -6.574919787103703506e-01
4.987553502095506630e+00 1.180449085918115593e+00
4.993842976877468587e+00 -2.967292996164569985e-01
5.000132451659430544e+00 1.285835289215151445e+00
5.006421926441391612e+00 5.853046261765189051e-01
5.012711401223353569e+00 1.937337042014722899e-01
5.019000876005314637e+00 1.217343282537077354e+00
5.025290350787276594e+00 1.153336653128172129e+00
5.031579825569237663e+00 -2.797231681358258726e-01
5.037869300351199620e+00 2.454691756311786488e-01
5.044158775133160688e+00 -4.486560755400287315e-01
5.050448249915122645e+00 -3.057587907081016354e-02
5.056737724697083713e+00 3.114839949991131673e-01
5.063027199479045670e+00 -6.256231908741478609e-01
5.069316674261006739e+00 5.650839395665803178e-01
5.075606149042968696e+00 6.137584894399306101e-02
5.081895623824930652e+00 -6.956488694085760649e-01
5.088185098606891721e+00 8.281046905255923241e-01
5.094474573388853678e+00 -7.740924558733933702e-01
5.100764048170814746e+00 8.438413796407904233e-01
5.107053522952776703e+00 -4.891682799929473191e-01
5.113342997734737772e+00 5.123820508336849322e-01
5.119632472516699728e+00 9.106661016712873646e-01
5.125921947298660797e+00 -3.868085473683583464e-01
5.132211422080622754e+00 1.653724036482226989e-01
5.138500896862583822e+00 1.164464034679973725e+00
5.144790371644545779e+00 -2.480914074788392876e-01
5.151079846426506847e+00 2.600024904280857641e-01
5.157369321208468804e+00 -4.807802713164035513e-01
5.163658795990430761e+00 9.686104138119939755e-01
5.169948270772391830e+00 8.205598438475025791e-02
5.176237745554353786e+00 8.084805566144005473e-01
5.182527220336314855e+00 -4.379808629769161854e-01
5.188816695118276812e+00 -1.170670106530898869e-01
5.195106169900237880e+00 5.171803186691914522e-02
5.201395644682199837e+00 8.003108728440191388e-01
5.207685119464160906e+00 4.862888731881312987e-01
5.213974594246122862e+00 1.109612396015794866e+00
5.220264069028083931e+00 -4.767277802868659098e-01
5.226553543810045888e+00 -1.198441328802757333e-01
5.232843018592006956e+00 -2.537307954328937853e-03
5.239132493373968913e+00 -6.491206542033631788e-01
5.245421968155930870e+00 9.901184463151486703e-01
5.251711442937891938e+00 1.248965700480489938e+00
5.258000917719853895e+00 4.800760575266660446e-02
5.264290392501814964e+00 -6.035182088269637202e-01
5.270579867283776920e+00 1.277225806223975413e+00
5.276869342065737989e+00 9.368453352285988078e-01
5.283158816847699946e+00 9.891644373115547895e-01
5.289448291629661014e+00 -2.925956502955824323e-01
5.295737766411622971e+00 1.144626777595052936e+00
5.302027241193584040e+00 6.661983257930624847e-01
5.308316715975545996e+00 -1.609729871198443130e-01
5.314606190757507953e+00 -1.205503878872887791e-02
5.320895665539469022e+00 2.393903887739091685e-01
5.327185140321430978e+00 1.175150313271555502e+00
5.333474615103392047e+00 -1.089050788355803712e-01
5.339764089885354004e+00 1.491314723263585718e+00
5.346053564667315072e+00 1.455064766110836016e+00
5.352343039449277029e+00 -6.408214452539534589e-02
5.358632514231238098e+00 7.203032249253837893e-02
5.364921989013200054e+00 8.446006234635847765e-01
5.371211463795161123e+00 -1.225432172902414241e-01
5.377500938577123080e+00 7.495759727890561885e-01
5.383790413359084148e+00 3.259801776889701408e-01
5.390079888141046105e+00 1.786602454293562126e+00
5.396369362923008062e+00 2.032319777744974187e-01
5.402658837704969130e+00 9.381891528771322264e-01
5.408948312486931087e+00 1.534385829496970555e+00
5.415237787268892156e+00 1.383745158453272284e+00
5.421527262050854112e+00 1.480280257204728223e+00
5.427816736832815181e+00 9.777684726754047873e-01
5.434106211614777138e+00 1.174058088693088919e+00
5.440395686396738206e+00 7.297682259101516689e-01
5.446685161178700163e+00 5.600006717192533845e-01
5.452974635960661232e+00 1.466566734612742007e-01
5.459264110742623188e+00 7.177980767428328024e-01
5.465553585524584257e+00 2.115530432824049178e+00
5.471843060306546214e+00 1.380986797094618579e+00
5.478132535088508170e+00 5.114480806626735543e-01
5.484422009870469239e+00 1.157044238615151599e+00
5.490711484652431196e+00 9.027076426951027299e-01
5.497000959434392264e+00 1.861045113918812888e+00
5.503290434216354221e+00 1.549795979787489397e+00
5.509579908998315290e+00 6.162363720640248177e-01
5.515869383780277246e+00 1.684694023183022971e+00
5.522158858562238315e+00 1.651210725953761838e+00
5.528448333344200272e+00 2.188174464358483284e+00
5.534737808126161340e+00 9.953635691174299582e-01
5.541027282908123297e+00 1.284746662742242140e+00
5.547316757690084366e+00 8.143352270231090095e-01
5.553606232472046322e+00 2.482696071864579856e+00
5.559895707254008279e+00 9.579453453425992304e-01
5.566185182035969348e+00 1.571181364916268031e+00
5.572474656817931304e+00 1.828929166060365930e+00
5.578764131599892373e+00 1.490476985437420243e+00
5.585053606381854330e+00 5.963778971553956865e-01
5.591343081163815398e+00 1.878814071798743157e+00
5.597632555945777355e+00 1.711791669546031347e+00
5.603922030727738424e+00 1.411554683697725299e+00
5.610211505509700380e+00 2.510203276397038330e+00
5.616500980291661449e+00 1.372422740728202140e+00
5.622790455073623406e+00 2.288915138391888426e+00
5.629079929855584474e+00 7.195738119497107066e-01
5.635369404637546431e+00 2.461400819667596274e+00
5.641658879419508388e+00 1.030012398367321724e+00
5.647948354201469456e+00 1.382316594959465128e+00
5.654237828983431413e+00 1.365807592269046911e+00
5.660527303765392482e+00 7.756963302747550415e-01
5.666816778547354438e+00 1.939791369329523008e+00
5.673106253329315507e+00 1.987559676687638666e+00
5.679395728111277464e+00 2.436369770702285997e+00
5.685685202893238532e+00 1.173651003091310097e+00
5.691974677675200489e+00 1.222830349276218254e+00
5.698264152457161558e+00 1.022286845614540862e+00
5.704553627239123514e+00 2.642191932475117522e+00
5.710843102021084583e+00 7.593759150716405948e-01
5.717132576803046540e+00 1.770296845028679122e+00
5.723422051585008496e+00 2.192111698844183110e+00
5.729711526366969565e+00 2.194910294689048413e+00
5.736001001148931522e+00 1.490697409749491165e+00
5.742290475930892590e+00 1.631470081704639696e+00
5.748579950712854547e+00 1.866196716237246367e+00
5.754869425494815616e+00 1.561455179954823080e+00
5.761158900276777572e+00 6.938260500930922836e-01
5.767448375058738641e+00 1.101017978322397672e+00
5.773737849840700598e+00 1.059777683744937971e+00
5.780027324622661666e+00 1.668952792232650140e+00
5.786316799404623623e+00 6.119032357373512809e-01
5.792606274186584692e+00 1.153950608961661572e+00
5.798895748968546648e+00 8.570045571327077338e-01
5.805185223750508605e+00 6.102953184914083895e-01
5.811474698532469674e+00 1.187753916561258727e+00
5.817764173314431631e+00 9.504770879584543142e-01
5.824053648096392699e+00 2.182752109177068522e+00
5.830343122878354656e+00 7.831655762872626880e-01
5.836632597660315724e+00 1.377145042102832395e+00
5.842922072442277681e+00 5.946841017092985293e-01
5.849211547224238750e+00 2.191087816423578527e+00
5.855501022006200706e+00 2.095408014819941656e+00
5.861790496788161775e+00 1.306387937240931940e+00
5.868079971570123732e+00 3.198116427109063964e-01
5.874369446352084800e+00 3.944396926346545040e-01
5.880658921134046757e+00 1.065875017847284223e+00
5.886948395916008714e+00 1.587125312629353302e-01
5.893237870697969782e+00 1.431103155806706440e+00
5.899527345479931739e+00 1.318667095747120266e-01
5.905816820261892808e+00 1.223425083277385195e+00
5.912106295043854765e+00 -4.632851509827862202e-02
5.918395769825815833e+00 8.451049025896060218e-01
5.924685244607777790e+00 5.570021837366272432e-01
5.930974719389738858e+00 -2.092321835852061773e-01
5.937264194171700815e+00 1.489954575035649098e-01
5.943553668953661884e+00 8.918911039373494942e-01
5.949843143735623840e+00 1.999664857449312549e-01
5.956132618517584909e+00 1.411216611541384336e-01
5.962422093299546866e+00 2.729791701126905168e-01
5.968711568081508823e+00 3.481819030615795896e-01
5.975001042863469891e+00 1.320678551811622858e+00
5.981290517645431848e+00 8.488535732457922478e-01
5.987579992427392916e+00 -2.537621969774255248e-01
5.993869467209354873e+00 -3.184814812804364070e-01
6.000158941991315942e+00 2.542173079978022887e-01
6.006448416773277899e+00 8.007848466727418568e-03
6.012737891555238967e+00 -1.672727976749686096e-01
6.019027366337200924e+00 -1.790409190248036797e-01
6.025316841119161992e+00 3.904969526958157466e-02
6.031606315901123949e+00 -6.261958007935286563e-01
6.037895790683085906e+00 4.887337860779426002e-01
6.044185265465046974e+00 -8.861483072807561090e-01
6.050474740247008931e+00 3.620338598617764969e-01
6.056764215028970000e+00 4.783102547406110627e-01
6.063053689810931957e+00 -2.101676428984351475e-01
6.069343164592893025e+00 -7.118730287488748143e-01
6.075632639374854982e+00 -9.336602355646286266e-01
6.081922114156816050e+00 3.032279136462494584e-01
6.088211588938778007e+00 -1.329313670051772700e+00
6.094501063720739076e+00 -4.874186374971567481e-02
6.100790538502701033e+00 -1.372686874144810387e+00
6.107080013284662101e+00 -1.433654023768483832e+00
6.113369488066624058e+00 -4.977329938648382690e-01
6.119658962848586015e+00 -1.185429784109573337e+00
6.125948437630547083e+00 -1.514718448476269463e+00
6.132237912412509040e+00 -9.608389250568665219e-01
6.138527387194470109e+00 -1.262950751064576327e+00
6.144816861976432065e+00 8.175306369385482164e-02
6.151106336758393134e+00 -5.958515186450632495e-01
6.157395811540355091e+00 -1.459525584504330675e+00
6.163685286322316159e+00 -1.752170032615399053e+00
6.169974761104278116e+00 -1.819983050256915424e+00
6.176264235886239184e+00 -1.010111133607438649e+00
6.182553710668201141e+00 -5.951659780502798203e-01
6.188843185450162210e+00 -6.102060621630476245e-01
6.195132660232124167e+00 -1.631925543045211979e+00
6.201422135014086123e+00 -1.994838485617080659e+00
6.207711609796047192e+00 -1.433945059319632342e-01
6.214001084578009149e+00 -2.169671921613958165e-01
6.220290559359970217e+00 -1.739063816506307925e+00
6.226580034141932174e+00 -2.458974306370906859e-01
6.232869508923893243e+00 -1.914771929437209863e+00
6.239158983705855199e+00 -9.484894712862335098e-01
6.245448458487816268e+00 -2.119109339163041561e+00
6.251737933269778225e+00 -8.876157550761463177e-01
6.258027408051739293e+00 -1.538568982291736331e+00
6.264316882833701250e+00 -1.006329870437685736e+00
6.270606357615662318e+00 -1.222409944108686419e+00
6.276895832397624275e+00 -7.714990546009754535e-01
6.283185307179586232e+00 -1.826194289392153447e+00
