0.000000000000000000e+00 4.054111407121385735e-01
6.289474781961547356e-03 -2.662427828469853819e-01
1.257894956392309471e-02 1.495267690019004503e+00
1.886842434588464207e-02 1.476672253603299012e+00
2.515789912784618942e-02 8.719452532446119175e-01
3.144737390980773678e-02 1.869939570609602253e-03
3.773684869176928414e-02 -2.898892328667113105e-01
4.402632347373083149e-02 1.058624524312179460e+00
5.031579825569237885e-02 6.332514534650011129e-01
5.660527303765392620e-02 -2.733239979492788629e-01
6.289474781961547356e-02 1.181909472626807345e+00
6.918422260157702786e-02 -3.172523850054680405e-01
7.547369738353856827e-02 1.170980956092980252e+00
8.176317216550010869e-02 8.711901755623834287e-01
8.805264694746166299e-02 6.385267682925344079e-01
9.434212172942321728e-02 1.096550690625724300e+00
1.006315965113847577e-01 1.532856635846317594e+00
1.069210712933462981e-01 1.809258239656795775e-01
1.132105460753078524e-01 1.270616607262361253e+00
1.195000208572694067e-01 1.152038584255955067e+00
1.257894956392309471e-01 9.783570381199255817e-01
1.320789704211924875e-01 9.607934065001330071e-01
1.383684452031540557e-01 -2.621640774840616750e-02
1.446579199851155961e-01 1.399310665054335212e+00
1.509473947670771365e-01 -1.889322094533135155e-01
1.572368695490386770e-01 1.339736846499743672e+00
1.635263443310002174e-01 1.309799503711151392e+00
1.698158191129617856e-01 9.733504031346605911e-01
1.761052938949233260e-01 1.511223050344483232e+00
1.823947686768848664e-01 1.552315571529494953e+00
1.886842434588464346e-01 1.000498607311107957e+00
1.949737182408079750e-01 8.568359560521290330e-01
2.012631930227695154e-01 1.350546444656229417e+00
2.075526678047310558e-01 -1.560881815055928934e-01
2.138421425866925962e-01 -1.948984016736545755e-01
2.201316173686541644e-01 8.157077410059887512e-02
2.264210921506157048e-01 -2.142960535162073965e-01
2.327105669325772452e-01 1.613482647140669579e+00
2.390000417145388134e-01 -2.414735962988601159e-02
2.452895164965003538e-01 -2.315528880298445280e-01
2.515789912784618942e-01 5.000725626485149622e-01
2.578684660604234624e-01 4.854607319677539112e-01
2.641579408423849751e-01 8.900723707886185609e-01
2.704474156243465433e-01 3.984879285453548636e-01
2.767368904063081114e-01 1.421700011663698637e+00
2.830263651882696241e-01 5.343009177924739062e-01
2.893158399702311923e-01 1.262366939780727115e+00
2.956053147521927049e-01 7.995799295834790099e-01
3.018947895341542731e-01 8.855235147248075034e-01
3.081842643161158413e-01 2.012227363170362437e-01
3.144737390980773539e-01 1.164357587307830677e+00
3.207632138800389221e-01 1.329049192107261135e+00
3.270526886620004348e-01 1.284358057928309815e-01
3.333421634439620029e-01 -1.386281676245337824e-02
3.396316382259235711e-01 1.051631786157978921e+00
3.459211130078850838e-01 1.369000122487646909e-01
3.522105877898466519e-01 1.329866665112928947e+00
3.585000625718082201e-01 8.269253526326182380e-01
3.647895373537697328e-01 9.571344046562884067e-01
3.710790121357313009e-01 9.967547998235963824e-01
3.773684869176928691e-01 1.018663081552345195e+00
3.836579616996543818e-01 -3.047772202777286887e-01
3.899474364816159500e-01 7.026208194824925535e-01
3.962369112635774626e-01 6.304134157762211199e-01
4.025263860455390308e-01 1.209588627145822937e+00
4.088158608275005990e-01 -2.340129286568252143e-01
4.151053356094621116e-01 8.725857342920091408e-01
4.213948103914236798e-01 -6.006268794712643633e-02
4.276842851733851925e-01 2.819811173943990168e-01
4.339737599553467606e-01 4.670899508720673943e-01
4.402632347373083288e-01 -8.136112987011929754e-01
4.465527095192698415e-01 9.675359191454158125e-01
4.528421843012314096e-01 -6.659018974623758247e-01
4.591316590831929778e-01 1.533527894961796978e-01
4.654211338651544905e-01 1.085714367338282749e+00
4.717106086471160586e-01 3.486278481388985773e-01
4.780000834290776268e-01 3.650012324790239404e-01
4.842895582110391395e-01 -4.068676765789384087e-01
4.905790329930007077e-01 -4.620355599494565535e-01
4.968685077749622203e-01 -3.563196740864804646e-02
5.031579825569237885e-01 -2.492888496205416526e-01
5.094474573388853011e-01 -3.611614079245180076e-01
5.157369321208469248e-01 9.009220722930968428e-01
5.220264069028084375e-01 -3.272110081659951319e-02
5.283158816847699502e-01 -5.928546896152036005e-01
5.346053564667315738e-01 -7.309569415694803229e-01
5.408948312486930865e-01 -5.671682610266108870e-01
5.471843060306545992e-01 -9.407180167998032694e-01
5.534737808126162228e-01 -9.435234078566043792e-01
5.597632555945777355e-01 -7.281628335807643904e-01
5.660527303765392482e-01 7.002784218026514296e-01
5.723422051585007608e-01 -1.169537239398070527e+00
5.786316799404623845e-01 -7.536647712746389338e-01
5.849211547224238972e-01 -1.187792495402778092e+00
5.912106295043854098e-01 1.322391240676308310e-01
5.975001042863470335e-01 3.491779894377078364e-01
6.037895790683085462e-01 -5.649402053659744460e-01
6.100790538502700588e-01 6.018714312347290818e-01
6.163685286322316825e-01 -7.250261253747245505e-01
6.226580034141931952e-01 3.776017724505207340e-01
6.289474781961547079e-01 -1.196801860903163428e+00
6.352369529781163315e-01 -2.870175698183401458e-01
6.415264277600778442e-01 6.407603743971239663e-01
6.478159025420393569e-01 -3.800214339929068874e-01
6.541053773240008695e-01 -1.221825215669853915e+00
6.603948521059624932e-01 -3.269402375601797583e-01
6.666843268879240059e-01 -7.190950032875604858e-01
6.729738016698855185e-01 1.926665781579643966e-01
6.792632764518471422e-01 -1.123410963039259913e+00
6.855527512338086549e-01 -4.236855604523037666e-01
6.918422260157701675e-01 -5.753944101973744729e-01
6.981317007977317912e-01 -4.334286808800245083e-01
7.044211755796933039e-01 4.851549229914609018e-01
7.107106503616548165e-01 -4.629842534117400987e-01
7.170001251436164402e-01 -6.906666217597199342e-01
7.232895999255779529e-01 -6.088544941879336925e-02
7.295790747075394655e-01 -1.183471717598258532e+00
7.358685494895010892e-01 -7.180216522456432937e-01
7.421580242714626019e-01 -5.251270399451233306e-01
7.484474990534241146e-01 -5.035517066125716479e-01
7.547369738353857382e-01 -8.926446511425387698e-01
7.610264486173472509e-01 1.188830817393804473e-02
7.673159233993087636e-01 -1.103297247825460348e+00
7.736053981812702762e-01 1.745594379996513457e-01
7.798948729632318999e-01 -9.513772551158306001e-01
7.861843477451934126e-01 5.795434010974418459e-01
7.924738225271549252e-01 -2.663378548056876127e-01
7.987632973091165489e-01 -1.942636065530072287e-01
8.050527720910780616e-01 -2.209424772171786344e-01
8.113422468730395742e-01 -4.434901277728642288e-01
8.176317216550011979e-01 -4.694979545955562106e-01
8.239211964369627106e-01 4.208785862883748230e-01
8.302106712189242232e-01 -5.751145688890144658e-01
8.365001460008858469e-01 9.585385306201676947e-01
8.427896207828473596e-01 -3.395973896586067520e-01
8.490790955648088723e-01 -3.899728791328256339e-01
8.553685703467703849e-01 5.523505351281552400e-01
8.616580451287320086e-01 -1.947902309823463796e-01
8.679475199106935213e-01 9.962065925655239074e-01
8.742369946926550339e-01 9.546098023372171504e-01
8.805264694746166576e-01 8.031576495846373120e-01
8.868159442565781703e-01 1.099255832456711435e-01
8.931054190385396829e-01 7.575821264717597092e-01
8.993948938205013066e-01 3.174585607710295188e-01
9.056843686024628193e-01 6.368824824521015504e-01
9.119738433844243319e-01 8.555754538641875406e-01
9.182633181663859556e-01 1.613349731744653237e-01
9.245527929483474683e-01 1.017967502086068343e+00
9.308422677303089809e-01 7.621328448845944292e-01
9.371317425122706046e-01 4.734897179114460619e-01
9.434212172942321173e-01 4.780632694211255362e-01
9.497106920761936300e-01 1.475802155169100072e+00
9.560001668581552536e-01 7.099049636960663712e-02
9.622896416401167663e-01 6.833467584754151503e-01
9.685791164220782790e-01 6.364945466333236102e-01
9.748685912040397916e-01 1.419461210028120313e+00
9.811580659860014153e-01 5.127654511497889978e-01
9.874475407679629280e-01 9.681548930467884784e-01
9.937370155499244406e-01 4.337284242438117499e-01
1.000026490331886064e+00 6.698157289981772067e-01
1.006315965113847577e+00 1.662580572945720148e+00
1.012605439895809090e+00 1.407957483715843949e+00
1.018894914677770602e+00 1.459423392346329562e+00
1.025184389459732115e+00 4.073473732366724165e-01
1.031473864241693850e+00 7.193600694284398855e-01
1.037763339023655362e+00 5.396890134458117716e-01
1.044052813805616875e+00 1.167142385538310290e+00
1.050342288587578388e+00 1.353146419923874744e+00
1.056631763369539900e+00 3.308837521390842751e-01
1.062921238151501413e+00 1.519576368015955525e+00
1.069210712933463148e+00 7.668248448864840583e-01
1.075500187715424660e+00 2.026092840601894096e+00
1.081789662497386173e+00 2.356568813402115214e+00
1.088079137279347686e+00 2.351727766525074870e+00
1.094368612061309198e+00 8.040346196701670944e-01
1.100658086843270711e+00 1.650641590869494912e+00
1.106947561625232446e+00 1.761680667570850733e+00
1.113237036407193958e+00 2.482649285129912009e+00
1.119526511189155471e+00 2.475354393743645964e+00
1.125815985971116984e+00 1.284032707630274439e+00
1.132105460753078496e+00 2.108111792148442021e+00
1.138394935535040009e+00 1.627880833106212899e+00
1.144684410317001522e+00 1.005954072684574152e+00
1.150973885098963256e+00 8.741040620002256123e-01
1.157263359880924769e+00 1.231604297186369879e+00
1.163552834662886282e+00 1.538755847740830962e+00
1.169842309444847794e+00 2.021273869264238687e+00
1.176131784226809307e+00 1.995486907914418406e+00
1.182421259008770820e+00 2.857754769239333914e+00
1.188710733790732554e+00 1.071744893944764687e+00
1.195000208572694067e+00 2.455379155905994537e+00
1.201289683354655580e+00 2.428631141271518246e+00
1.207579158136617092e+00 1.311474701286356126e+00
1.213868632918578605e+00 1.609339436666552103e+00
1.220158107700540118e+00 2.270591913977549670e+00
1.226447582482501630e+00 2.365457103580580700e+00
1.232737057264463365e+00 2.859510189962326088e+00
1.239026532046424878e+00 2.502361156406583298e+00
1.245316006828386390e+00 2.477048596744815701e+00
1.251605481610347903e+00 1.441883157325123399e+00
1.257894956392309416e+00 2.501649507535540273e+00
1.264184431174270928e+00 1.564418017873953515e+00
1.270473905956232663e+00 1.568263044811676332e+00
1.276763380738194176e+00 1.920091112979822823e+00
1.283052855520155688e+00 2.593398849537698503e+00
1.289342330302117201e+00 1.565107794536168218e+00
1.295631805084078714e+00 2.727750280136651106e+00
1.301921279866040226e+00 1.983652250329384081e+00
1.308210754648001739e+00 1.960880844109740284e+00
1.314500229429963474e+00 1.687232682341169188e+00
1.320789704211924986e+00 1.965755935457235370e+00
1.327079178993886499e+00 3.113713598036543573e+00
1.333368653775848012e+00 2.957229384438563091e+00
1.339658128557809524e+00 1.280869770759753390e+00
1.345947603339771037e+00 1.280638952507613393e+00
1.352237078121732772e+00 1.665937446900776164e+00
1.358526552903694284e+00 1.341977745830203794e+00
1.364816027685655797e+00 2.651980858668088636e+00
1.371105502467617310e+00 2.493497982079996511e+00
1.377394977249578822e+00 1.163262535251116780e+00
1.383684452031540335e+00 2.577155092577496198e+00
1.389973926813502070e+00 2.834663743088411181e+00
1.396263401595463582e+00 1.633983299847841630e+00
1.402552876377425095e+00 1.132595561593602529e+00
1.408842351159386608e+00 2.574141552500984531e+00
1.415131825941348120e+00 1.373477244984018908e+00
1.421421300723309633e+00 1.934199641261818314e+00
1.427710775505271146e+00 2.261319127691383546e+00
1.434000250287232880e+00 8.855147200197346358e-01
1.440289725069194393e+00 7.638551861386357889e-01
1.446579199851155906e+00 1.586106504755434576e+00
1.452868674633117418e+00 1.808404067983530705e+00
1.459158149415078931e+00 6.673825464456408785e-01
1.465447624197040444e+00 2.498833212113151347e+00
1.471737098979002178e+00 1.033381197530356177e+00
1.478026573760963691e+00 2.462225657250888933e+00
1.484316048542925204e+00 1.243155449017328218e+00
1.490605523324886716e+00 2.347417145063906752e+00
1.496894998106848229e+00 2.165468505559731582e+00
1.503184472888809742e+00 1.701475685038575270e+00
1.509473947670771476e+00 7.849376826390881412e-01
1.515763422452732989e+00 6.306915497668436066e-01
1.522052897234694502e+00 1.389169697458980446e+00
1.528342372016656014e+00 2.038700315348749292e+00
1.534631846798617527e+00 1.815842199421905612e+00
1.540921321580579040e+00 1.570617769327734004e-01
1.547210796362540552e+00 6.967058708482488649e-01
1.553500271144502287e+00 1.150148744735945083e+00
1.559789745926463800e+00 -1.153380326507914277e-01
1.566079220708425312e+00 6.988853164331718659e-01
1.572368695490386825e+00 3.673800753426264554e-01
1.578658170272348338e+00 1.155974281034982454e+00
1.584947645054309850e+00 3.632611090228291539e-01
1.591237119836271585e+00 -2.956306229005327135e-01
1.597526594618233098e+00 7.730603156679478616e-01
1.603816069400194610e+00 -2.063422498338352007e-01
1.610105544182156123e+00 7.793583390184009030e-01
1.616395018964117636e+00 8.437201830849372364e-02
1.622684493746079148e+00 7.357613998495362573e-01
1.628973968528040661e+00 -6.377742904597233364e-01
1.635263443310002396e+00 -7.866402150552183059e-01
1.641552918091963909e+00 -8.175352630017396205e-02
1.647842392873925421e+00 -1.597521054133701490e-01
1.654131867655886934e+00 -5.394083151140434129e-01
1.660421342437848446e+00 7.395363309756199932e-01
1.666710817219809959e+00 2.366756230747844025e-01
1.673000292001771694e+00 -2.862576813702737422e-01
1.679289766783733207e+00 -1.814641423028333644e-01
1.685579241565694719e+00 -1.178614370775104669e+00
1.691868716347656232e+00 3.971957315995298110e-01
1.698158191129617745e+00 -2.825608311697986874e-01
1.704447665911579257e+00 5.131766743762480321e-01
1.710737140693540770e+00 -1.097721008894567252e+00
1.717026615475502505e+00 -1.310897676864537509e-01
1.723316090257464017e+00 -8.782222889142832223e-02
1.729605565039425530e+00 -1.440567754654558108e-01
1.735895039821387043e+00 3.538148861106036325e-01
1.742184514603348555e+00 -1.293225050493778117e-01
1.748473989385310068e+00 -5.523326725074895194e-01
1.754763464167271803e+00 -9.184399179029532068e-01
1.761052938949233315e+00 -1.241890353580288986e+00
1.767342413731194828e+00 -7.204700673033648251e-01
1.773631888513156341e+00 -1.523393796823901303e+00
1.779921363295117853e+00 -8.759974410423463365e-01
1.786210838077079366e+00 -7.083838676817233448e-01
1.792500312859041101e+00 -1.560049457261299732e+00
1.798789787641002613e+00 -4.770910090514224322e-01
1.805079262422964126e+00 -2.225720074572645757e-01
1.811368737204925639e+00 -1.845990341827476122e+00
1.817658211986887151e+00 -6.324215622932711778e-01
1.823947686768848664e+00 -1.593968725212093318e+00
1.830237161550810177e+00 -1.572466448923854898e+00
1.836526636332771911e+00 -3.078426187533702674e-01
1.842816111114733424e+00 -3.713523909314837557e-01
1.849105585896694937e+00 -1.080848976584699361e+00
1.855395060678656449e+00 -8.477749130414091727e-01
1.861684535460617962e+00 -1.861465974006617063e+00
1.867974010242579475e+00 -8.975026255004536768e-01
1.874263485024541209e+00 -1.704081247780938613e+00
1.880552959806502722e+00 -2.037356330990980346e+00
1.886842434588464235e+00 -1.412980281028475504e+00
1.893131909370425747e+00 -6.342982949168796125e-01
1.899421384152387260e+00 -1.010616736345098632e+00
1.905710858934348773e+00 -1.142386600960363152e+00
1.912000333716310507e+00 -1.959621343313449726e+00
1.918289808498272020e+00 -9.273601481935247470e-01
1.924579283280233533e+00 -1.101749690411824467e+00
1.930868758062195045e+00 -1.267576429340773858e+00
1.937158232844156558e+00 -1.246126735152484510e+00
1.943447707626118071e+00 -3.933735876806994103e-01
1.949737182408079583e+00 -1.691798842728425845e+00
1.956026657190041318e+00 -4.485785707347276219e-01
1.962316131972002831e+00 -1.286944476933813197e+00
1.968605606753964343e+00 -4.635710080478325779e-01
1.974895081535925856e+00 -6.494681477064383479e-01
1.981184556317887369e+00 -6.724166199045589210e-01
1.987474031099848881e+00 -1.247367511671222617e+00
1.993763505881810616e+00 -9.512360178484584594e-01
2.000052980663772129e+00 -7.712469117948104191e-01
2.006342455445733641e+00 -1.063430033087589655e+00
2.012631930227695154e+00 -1.383544839795358694e+00
2.018921405009656667e+00 -3.645709503936411799e-02
2.025210879791618179e+00 -6.422294379528348252e-02
2.031500354573579692e+00 -1.322343759521265705e+00
2.037789829355541205e+00 -1.191359742907128538e+00
2.044079304137502717e+00 -1.091375024978203934e+00
2.050368778919464230e+00 -1.368620872169830527e+00
2.056658253701426187e+00 -1.258186280575067872e+00
2.062947728483387699e+00 5.491586765316871510e-01
2.069237203265349212e+00 1.052772363306095915e-01
2.075526678047310725e+00 -9.382930517274463700e-01
2.081816152829272237e+00 1.357023597986872776e-01
2.088105627611233750e+00 -8.347625007003465214e-01
2.094395102393195263e+00 -1.094970627845489597e+00
2.100684577175156775e+00 2.471839904894175266e-01
2.106974051957118288e+00 6.932560462048303895e-01
2.113263526739079801e+00 -6.427963102420398700e-01
2.119553001521041313e+00 1.675777226284866916e-01
2.125842476303002826e+00 7.119138346739123380e-01
2.132131951084964339e+00 -4.649343635256353302e-01
2.138421425866926295e+00 1.131733426575782797e-01
2.144710900648887808e+00 8.691347804947047173e-02
2.151000375430849321e+00 -5.175023969989440698e-01
2.157289850212810833e+00 3.242516051621489037e-01
2.163579324994772346e+00 3.929070273537593194e-01
2.169868799776733859e+00 -2.898750788852939575e-01
2.176158274558695371e+00 1.885151693063942258e-01
2.182447749340656884e+00 3.607960481988233825e-01
2.188737224122618397e+00 1.443256880322496105e+00
2.195026698904579909e+00 1.647028097213550091e-01
2.201316173686541422e+00 7.019777089197261066e-01
2.207605648468502935e+00 2.975448981503683310e-01
2.213895123250464891e+00 1.871751429144807188e+00
2.220184598032426404e+00 1.547527528028127319e+00
2.226474072814387917e+00 5.397514675428920494e-01
2.232763547596349429e+00 1.962206610655987893e+00
2.239053022378310942e+00 5.402472760305021549e-01
2.245342497160272455e+00 1.273522390940187377e+00
2.251631971942233967e+00 1.023322038767613851e+00
2.257921446724195480e+00 8.051141734082558621e-01
2.264210921506156993e+00 1.307698777702501536e+00
2.270500396288118505e+00 2.268339476342663197e+00
2.276789871070080018e+00 1.053717460429098196e+00
2.283079345852041531e+00 8.112231752633609627e-01
2.289368820634003043e+00 9.015302027983390643e-01
2.295658295415965000e+00 1.500113019858107188e+00
2.301947770197926513e+00 2.059866391860183832e+00
2.308237244979888025e+00 2.823286185593180342e+00
2.314526719761849538e+00 1.804311028538346795e+00
2.320816194543811051e+00 1.752440677469777164e+00
2.327105669325772563e+00 2.796718764501231469e+00
2.333395144107734076e+00 2.779241707248205628e+00
2.339684618889695589e+00 1.254161777557559532e+00
2.345974093671657101e+00 2.896897191131055038e+00
2.352263568453618614e+00 1.854254463913834083e+00
2.358553043235580127e+00 1.443426225913908123e+00
2.364842518017541639e+00 1.786541643697045822e+00
2.371131992799503152e+00 2.311721443382855234e+00
2.377421467581465109e+00 2.293901691061157599e+00
2.383710942363426621e+00 2.159423805226948545e+00
2.390000417145388134e+00 3.066176571437143394e+00
2.396289891927349647e+00 2.582485919444881262e+00
2.402579366709311159e+00 2.405267039979966714e+00
2.408868841491272672e+00 3.411981634376742623e+00
2.415158316273234185e+00 3.111093427054684390e+00
2.421447791055195697e+00 2.816291288515385904e+00
2.427737265837157210e+00 3.607575471972017223e+00
2.434026740619118723e+00 2.704489031499537788e+00
2.440316215401080235e+00 3.785221244287175768e+00
2.446605690183041748e+00 3.696670845133081862e+00
2.452895164965003261e+00 2.436105155386782961e+00
2.459184639746965217e+00 3.464870060392492235e+00
2.465474114528926730e+00 1.918701757630884464e+00
2.471763589310888243e+00 3.893879755704956480e+00
2.478053064092849755e+00 2.045854175623505800e+00
2.484342538874811268e+00 2.514693057414874033e+00
2.490632013656772781e+00 2.964745695470003106e+00
2.496921488438734293e+00 2.634290464790788988e+00
2.503210963220695806e+00 2.254816690604786622e+00
2.509500438002657319e+00 2.004226165448501629e+00
2.515789912784618831e+00 2.676167505729893037e+00
2.522079387566580344e+00 3.052419218244073917e+00
2.528368862348541857e+00 3.198184441448244542e+00
2.534658337130503369e+00 2.644395923867278064e+00
2.540947811912465326e+00 2.577727068597503113e+00
2.547237286694426839e+00 3.305385516036728255e+00
2.553526761476388351e+00 2.751857070737989464e+00
2.559816236258349864e+00 2.323152388660763457e+00
2.566105711040311377e+00 2.840116835525136718e+00
2.572395185822272889e+00 2.703183798903171731e+00
2.578684660604234402e+00 3.133052324578314174e+00
2.584974135386195915e+00 3.496288835319895760e+00
2.591263610168157427e+00 3.227247368991467802e+00
2.597553084950118940e+00 1.897883604633872956e+00
2.603842559732080453e+00 1.990152778685057466e+00
2.610132034514041965e+00 2.366475687355222401e+00
2.616421509296003478e+00 1.979062575359287646e+00
2.622710984077965435e+00 2.383849690187648029e+00
2.629000458859926947e+00 3.466916108381961514e+00
2.635289933641888460e+00 3.110991422950743157e+00
2.641579408423849973e+00 1.563100085829616903e+00
2.647868883205811485e+00 2.765285765957754549e+00
2.654158357987772998e+00 2.717404455882460823e+00
2.660447832769734511e+00 2.711894851971793585e+00
2.666737307551696023e+00 3.369271955533718721e+00
2.673026782333657536e+00 1.778669901276018539e+00
2.679316257115619049e+00 1.396879254978658835e+00
2.685605731897580561e+00 2.647403099128845305e+00
2.691895206679542074e+00 3.033995484133250375e+00
2.698184681461504031e+00 1.569200452311909411e+00
2.704474156243465544e+00 2.799520545603403576e+00
2.710763631025427056e+00 2.437902556170889135e+00
2.717053105807388569e+00 1.412074335904206945e+00
2.723342580589350082e+00 1.036044647074095382e+00
2.729632055371311594e+00 1.793186208486217570e+00
2.735921530153273107e+00 1.775568088574659642e+00
2.742211004935234619e+00 1.371665093492467680e+00
2.748500479717196132e+00 2.371174527192481118e+00
2.754789954499157645e+00 1.488138215988444202e+00
2.761079429281119157e+00 1.879572820544252121e+00
2.767368904063080670e+00 9.215983582051039402e-01
2.773658378845042183e+00 1.480077135725283544e+00
2.779947853627004140e+00 1.062688642957166696e+00
2.786237328408965652e+00 2.037721879480298259e+00
2.792526803190927165e+00 8.624685422060791584e-01
2.798816277972888678e+00 1.061361073628144913e+00
2.805105752754850190e+00 1.208173025411978685e+00
2.811395227536811703e+00 8.424555238027138238e-01
2.817684702318773216e+00 1.143547040596003095e+00
2.823974177100734728e+00 4.310608174804009263e-01
2.830263651882696241e+00 1.090922508406890090e+00
2.836553126664657754e+00 1.002263488306626593e+00
2.842842601446619266e+00 5.181466895399533534e-01
2.849132076228580779e+00 9.939288181966330349e-01
2.855421551010542291e+00 7.317222957030231623e-01
2.861711025792504248e+00 5.837898922241137045e-01
2.868000500574465761e+00 1.326416738795177963e+00
2.874289975356427274e+00 -4.213045895326634760e-01
2.880579450138388786e+00 3.785118212482053712e-01
2.886868924920350299e+00 2.532181012599509229e-01
2.893158399702311812e+00 8.480403850030427959e-01
2.899447874484273324e+00 2.373560229269378041e-01
2.905737349266234837e+00 2.506446783168795323e-01
2.912026824048196350e+00 3.564484158973149075e-01
2.918316298830157862e+00 -4.366698152779211473e-01
2.924605773612119375e+00 -1.435782904138626082e-01
2.930895248394080888e+00 1.029536231069447805e+00
2.937184723176042400e+00 -5.201598705937460210e-01
2.943474197958004357e+00 2.747433050586098879e-01
2.949763672739965870e+00 8.790855210105177342e-01
2.956053147521927382e+00 -4.328249759691256138e-01
2.962342622303888895e+00 5.924729068516643160e-01
2.968632097085850408e+00 -1.012457929953632263e+00
2.974921571867811920e+00 -5.495952558440420077e-02
2.981211046649773433e+00 -5.366337731822485857e-01
2.987500521431734946e+00 4.218364407216397272e-01
2.993789996213696458e+00 9.322844946240405051e-02
3.000079470995657971e+00 3.794106997327735264e-01
3.006368945777619484e+00 1.789660323097255201e-01
3.012658420559580996e+00 4.682247822817688920e-01
3.018947895341542953e+00 -5.305237204088977254e-01
3.025237370123504466e+00 -1.426945540203060858e+00
3.031526844905465978e+00 -1.264951528712490836e+00
3.037816319687427491e+00 4.226092914478773999e-02
3.044105794469389004e+00 -1.086979006988047392e+00
3.050395269251350516e+00 -9.837724995130319172e-01
3.056684744033312029e+00 -3.854679115037400461e-01
3.062974218815273542e+00 -4.379785885969482706e-01
3.069263693597235054e+00 -1.272351948719101733e+00
3.075553168379196567e+00 -8.690124653908248842e-01
3.081842643161158080e+00 -9.719813258790275246e-01
3.088132117943119592e+00 -1.441864994677097167e+00
3.094421592725081105e+00 2.053236126067587985e-01
3.100711067507043062e+00 2.335880296549561752e-01
3.107000542289004574e+00 -1.395744863485459009e+00
3.113290017070966087e+00 -1.685562885068496497e+00
3.119579491852927600e+00 -8.828928656752605963e-01
3.125868966634889112e+00 -4.822954445235276832e-01
3.132158441416850625e+00 -6.368146147992053141e-01
3.138447916198812138e+00 -6.451966626841723063e-01
3.144737390980773650e+00 -6.888754730321176023e-01
3.151026865762735163e+00 -9.979697665345004243e-01
3.157316340544696676e+00 -1.276780863604227934e+00
3.163605815326658188e+00 -1.449803761545878533e+00
3.169895290108619701e+00 -5.866648090153336881e-01
3.176184764890581214e+00 -1.149551481636617911e+00
3.182474239672543170e+00 1.349430830922271340e-01
3.188763714454504683e+00 -5.384267774563511466e-01
3.195053189236466196e+00 -2.379847669709289626e-02
3.201342664018427708e+00 -7.884281125997416595e-01
3.207632138800389221e+00 -3.529651714618635694e-01
3.213921613582350734e+00 -1.159092298213566963e+00
3.220211088364312246e+00 -6.112048582715479128e-02
3.226500563146273759e+00 -6.905672350030098716e-01
3.232790037928235272e+00 -7.975339669350733907e-02
3.239079512710196784e+00 -1.091972060541414047e+00
3.245368987492158297e+00 8.779145725697223845e-02
3.251658462274119810e+00 2.554318646845510354e-01
3.257947937056081322e+00 -3.771555507189594536e-01
3.264237411838043279e+00 6.600044295977114395e-02
3.270526886620004792e+00 -5.444246119766771308e-02
3.276816361401966304e+00 5.317604771902249006e-01
3.283105836183927817e+00 -5.300228940060138783e-01
3.289395310965889330e+00 1.185928439914587518e-01
3.295684785747850842e+00 1.930503989079248583e-01
3.301974260529812355e+00 6.903278086425592708e-01
3.308263735311773868e+00 4.546123653836471323e-01
3.314553210093735380e+00 -6.756352880605145383e-01
3.320842684875696893e+00 4.176842851480804253e-01
3.327132159657658406e+00 1.346081109006443954e-01
3.333421634439619918e+00 5.975366368275085716e-01
3.339711109221581431e+00 2.660152879612488475e-01
3.346000584003543388e+00 2.081564792757206739e-02
3.352290058785504900e+00 -7.493564067023388287e-01
3.358579533567466413e+00 -4.549542236321262312e-01
3.364869008349427926e+00 1.028880449677306963e+00
3.371158483131389438e+00 2.567595004516143309e-02
3.377447957913350951e+00 -5.493364331274597223e-01
3.383737432695312464e+00 1.423666689186632972e+00
3.390026907477273976e+00 -4.439801871554158730e-01
3.396316382259235489e+00 1.206855642060792877e-01
3.402605857041197002e+00 1.211472647436075745e+00
3.408895331823158514e+00 2.728257788633464687e-01
3.415184806605120027e+00 9.024460898087350857e-01
3.421474281387081540e+00 4.150146549278378449e-01
3.427763756169043496e+00 1.202622882166447527e+00
3.434053230951005009e+00 -7.888463592643191191e-02
3.440342705732966522e+00 4.010411495020703154e-01
3.446632180514928034e+00 1.507409986521991874e+00
3.452921655296889547e+00 1.555975928587687074e+00
3.459211130078851060e+00 6.986811628549662867e-01
3.465500604860812572e+00 1.553218382072026671e+00
3.471790079642774085e+00 1.057567655986641153e+00
3.478079554424735598e+00 8.416026857588607690e-01
3.484369029206697110e+00 2.204592765253924891e-01
3.490658503988658623e+00 1.318105495959210005e+00
3.496947978770620136e+00 2.258972410817825516e+00
3.503237453552582092e+00 1.140325639176868577e+00
3.509526928334543605e+00 1.249223985417336147e+00
3.515816403116505118e+00 1.866448266927008603e+00
3.522105877898466630e+00 4.870149396093133576e-01
3.528395352680428143e+00 1.044374052194773306e+00
3.534684827462389656e+00 1.597201705694211604e+00
3.540974302244351168e+00 2.271071945691364391e+00
3.547263777026312681e+00 2.064002143168390369e+00
3.553553251808274194e+00 1.052959877303379699e+00
3.559842726590235706e+00 1.478193023786520399e+00
3.566132201372197219e+00 8.327726430105609756e-01
3.572421676154158732e+00 2.227332991727173805e+00
3.578711150936120244e+00 1.139253239506983650e+00
3.585000625718082201e+00 2.030945163996394243e+00
3.591290100500043714e+00 1.673742462369558481e+00
3.597579575282005226e+00 2.432473289627075541e+00
3.603869050063966739e+00 1.363791012478835940e+00
3.610158524845928252e+00 1.231145086317903647e+00
3.616447999627889764e+00 1.353260668951523860e+00
3.622737474409851277e+00 2.147316555777369018e+00
3.629026949191812790e+00 2.613350344957195759e+00
3.635316423973774302e+00 1.998753364317711778e+00
3.641605898755735815e+00 1.383217332043977121e+00
3.647895373537697328e+00 3.015245360245164097e+00
3.654184848319658840e+00 1.644634194794762694e+00
3.660474323101620353e+00 1.758242988672493956e+00
3.666763797883582310e+00 1.289969875578757197e+00
3.673053272665543822e+00 1.343470342648090954e+00
3.679342747447505335e+00 3.103634547167645863e+00
3.685632222229466848e+00 1.461536965389449660e+00
3.691921697011428360e+00 3.093299582396573655e+00
3.698211171793389873e+00 2.938879705958796329e+00
3.704500646575351386e+00 1.958711663234864231e+00
3.710790121357312898e+00 2.458288464551555919e+00
3.717079596139274411e+00 2.764764690395150826e+00
3.723369070921235924e+00 1.481030868530825328e+00
3.729658545703197436e+00 1.953563449333612034e+00
3.735948020485158949e+00 2.159202217906488031e+00
3.742237495267120462e+00 1.236432302610718681e+00
3.748526970049082419e+00 2.911944964082584963e+00
3.754816444831043931e+00 2.548411721377686234e+00
3.761105919613005444e+00 2.547799351693666559e+00
3.767395394394966956e+00 1.811001865791664001e+00
3.773684869176928469e+00 2.146325062679198314e+00
3.779974343958889982e+00 2.581646632819429410e+00
3.786263818740851494e+00 2.126565372954243749e+00
3.792553293522813007e+00 2.781775332058717076e+00
3.798842768304774520e+00 2.090973742485123132e+00
3.805132243086736032e+00 1.438120339080275700e+00
3.811421717868697545e+00 1.924686015262432104e+00
3.817711192650659058e+00 2.211341120472329891e+00
3.824000667432621015e+00 2.044612315930413260e+00
3.830290142214582527e+00 2.692390368772349163e+00
3.836579616996544040e+00 2.646979167719396564e+00
3.842869091778505553e+00 2.686370075648352174e+00
3.849158566560467065e+00 2.804165913182390835e+00
3.855448041342428578e+00 1.230311028221690473e+00
3.861737516124390091e+00 1.996060846495613328e+00
3.868026990906351603e+00 9.969174805623675084e-01
3.874316465688313116e+00 2.333160491345537491e+00
3.880605940470274628e+00 2.215199255700539105e+00
3.886895415252236141e+00 2.078270561005843398e+00
3.893184890034197654e+00 1.527438174595533660e+00
3.899474364816159166e+00 1.959596358353025813e+00
3.905763839598121123e+00 1.678584382168238243e+00
3.912053314380082636e+00 2.448250349352754984e+00
3.918342789162044149e+00 1.988897177969596530e+00
3.924632263944005661e+00 1.001928056378444065e+00
3.930921738725967174e+00 2.373533351248956702e+00
3.937211213507928687e+00 1.661624328142523144e+00
3.943500688289890199e+00 2.374350182200033466e+00
3.949790163071851712e+00 1.998131853948544201e+00
3.956079637853813225e+00 5.019848220036942088e-01
3.962369112635774737e+00 1.860588811054462610e+00
3.968658587417736250e+00 5.861302703310186102e-01
3.974948062199697763e+00 9.386437239626573836e-01
3.981237536981659275e+00 1.628688955764144408e+00
3.987527011763621232e+00 1.225918563208889367e+00
3.993816486545582745e+00 1.588367925639223577e+00
4.000105961327544257e+00 1.783548043373225589e+00
4.006395436109505326e+00 3.466520539061201944e-01
4.012684910891467283e+00 1.495487166445457206e+00
4.018974385673428351e+00 2.790977958634324185e-01
4.025263860455390308e+00 2.157268339040383509e+00
4.031553335237352265e+00 4.265803575151526084e-01
4.037842810019313333e+00 1.210723648181069922e+00
4.044132284801275290e+00 9.207913657779593919e-01
4.050421759583236359e+00 9.579382957541591193e-01
4.056711234365198315e+00 3.888387758041036979e-02
4.063000709147159384e+00 1.939606075930112361e+00
4.069290183929121341e+00 1.365192631278499436e+00
4.075579658711082409e+00 1.177904107892608243e+00
4.081869133493044366e+00 1.108933754392600335e+00
4.088158608275005435e+00 1.202670720577083685e-01
4.094448083056967391e+00 7.145301206744192335e-02
4.100737557838928460e+00 1.334461037543511530e+00
4.107027032620890417e+00 8.704085876653804288e-01
4.113316507402852373e+00 2.251184616933963600e-01
4.119605982184813442e+00 2.508678168952741538e-01
4.125895456966775399e+00 1.035194276260047008e+00
4.132184931748736467e+00 1.588071267597124026e+00
4.138474406530698424e+00 7.066201203633287742e-02
4.144763881312659493e+00 3.941998131704417263e-01
4.151053356094621449e+00 1.755435640305275102e-01
4.157342830876582518e+00 2.930838952084353077e-01
4.163632305658544475e+00 6.422160739609599212e-01
4.169921780440505543e+00 2.570210390615951246e-02
4.176211255222467500e+00 8.492611221263819399e-01
4.182500730004428569e+00 6.019761211777278076e-01
4.188790204786390525e+00 7.273895553009210868e-01
4.195079679568352482e+00 1.257441883922192805e+00
4.201369154350313551e+00 -1.100509694717365372e-01
4.207658629132275507e+00 1.861083215851682127e-01
4.213948103914236576e+00 1.049822415854266833e+00
4.220237578696198533e+00 7.281890102825261391e-01
4.226527053478159601e+00 -4.162498691160623210e-01
4.232816528260121558e+00 5.329283584141016883e-01
4.239106003042082627e+00 2.961941222222286285e-01
4.245395477824044583e+00 6.302780710066808734e-01
4.251684952606005652e+00 7.412665631519614884e-01
4.257974427387967609e+00 5.874348157074316124e-01
4.264263902169928677e+00 -1.031462821175859190e-01
4.270553376951890634e+00 2.063069448003767015e-01
4.276842851733852591e+00 3.277926122840481016e-01
4.283132326515813659e+00 1.122798438937414156e+00
4.289421801297775616e+00 -3.271861684560901651e-01
4.295711276079736685e+00 1.078199954236929159e+00
4.302000750861698641e+00 6.812180231827975607e-01
4.308290225643659710e+00 1.148586557271954689e+00
4.314579700425621667e+00 9.919060506552040968e-01
4.320869175207582735e+00 1.130432895755490552e+00
4.327158649989544692e+00 -2.447518743583406708e-01
4.333448124771505761e+00 1.051928584351659479e+00
4.339737599553467717e+00 -6.187311343011593356e-01
4.346027074335428786e+00 1.157141013742615687e+00
4.352316549117390743e+00 -5.101080772133492758e-01
4.358606023899352699e+00 1.216501056577873996e+00
4.364895498681313768e+00 -2.357482161620938488e-02
4.371184973463275725e+00 7.874909785281392072e-01
4.377474448245236793e+00 -4.798044431361824236e-01
4.383763923027198750e+00 2.657927889483069350e-01
4.390053397809159819e+00 -5.223024740098894947e-01
4.396342872591121775e+00 8.225504598776824938e-01
4.402632347373082844e+00 -2.736707496260877281e-01
4.408921822155044801e+00 6.914129901792396282e-01
4.415211296937005869e+00 8.562552216139573957e-01
4.421500771718967826e+00 1.270876836133532528e+00
4.427790246500929783e+00 8.150081942775706523e-01
4.434079721282890851e+00 9.843226485175137208e-01
4.440369196064852808e+00 3.414586364504443861e-01
4.446658670846813877e+00 1.036161056354018228e+00
4.452948145628775833e+00 4.859976873803120156e-01
4.459237620410736902e+00 7.459721883529746300e-02
4.465527095192698859e+00 1.284252115785192050e+00
4.471816569974659927e+00 1.429792692818006916e+00
4.478106044756621884e+00 5.007484785447395836e-01
4.484395519538582953e+00 3.025361749961685831e-01
4.490684994320544909e+00 9.513427704644478178e-02
4.496974469102505978e+00 1.228204344559576944e+00
4.503263943884467935e+00 6.107538724006209563e-01
4.509553418666429891e+00 6.487960821100441366e-02
4.515842893448390960e+00 2.621872231571897860e-02
4.522132368230352917e+00 6.988340310409077993e-01
4.528421843012313985e+00 1.268809955152454094e+00
4.534711317794275942e+00 -1.154295085316713321e-01
4.541000792576237011e+00 1.197770735043461876e+00
4.547290267358198967e+00 1.338437946155125902e+00
4.553579742140160036e+00 3.591575192305855313e-01
4.559869216922121993e+00 5.545024831869478366e-01
4.566158691704083061e+00 -1.698548880152361273e-01
4.572448166486045018e+00 1.596040565506297249e+00
4.578737641268006087e+00 1.096979480378532212e+00
4.585027116049968043e+00 5.469938841061096069e-01
4.591316590831930000e+00 -3.057902398990577919e-01
4.597606065613891069e+00 1.505673135025782372e+00
4.603895540395853025e+00 2.117710242252747177e-01
4.610185015177814094e+00 -1.119119366077483413e-01
4.616474489959776051e+00 1.440326095560221953e+00
4.622763964741737119e+00 4.884628948234317480e-01
4.629053439523699076e+00 -2.527788167726605639e-01
4.635342914305660145e+00 1.569213322971006352e+00
4.641632389087622101e+00 1.210078656675369402e+00
4.647921863869583170e+00 1.067675294026282362e+00
4.654211338651545127e+00 1.078047362258842012e+00
4.660500813433506195e+00 -1.521717258188475808e-01
4.666790288215468152e+00 2.200267361836099056e-01
4.673079762997430109e+00 2.774176095274538678e-02
4.679369237779391177e+00 6.491760132674507799e-01
4.685658712561353134e+00 5.010951119467021986e-01
4.691948187343314203e+00 1.330147886571681148e+00
4.698237662125276159e+00 1.602063517949096350e-01
4.704527136907237228e+00 8.192438631094831614e-01
4.710816611689199185e+00 1.136256866236204477e+00
4.717106086471160253e+00 2.327906070926253901e-01
4.723395561253122210e+00 -1.156377257262399261e-01
4.729685036035083279e+00 5.508811428296043200e-01
4.735974510817045235e+00 1.096058552351376392e+00
4.742263985599006304e+00 2.230615091454208332e-01
4.748553460380968261e+00 1.422831341205712086e+00
4.754842935162930218e+00 8.439097758648381742e-01
4.761132409944891286e+00 4.777584486462751467e-01
4.767421884726853243e+00 1.631584226789107417e+00
4.773711359508814311e+00 1.222239251883803890e+00
4.780000834290776268e+00 -2.084795381198909503e-01
4.786290309072737337e+00 9.823405647598584256e-01
4.792579783854699293e+00 -2.372640215515147699e-01
4.798869258636660362e+00 8.122725907379186872e-01
4.805158733418622319e+00 4.956792158809660287e-01
4.811448208200583387e+00 1.433409673571794718e+00
4.817737682982545344e+00 4.194991971169951817e-01
4.824027157764506413e+00 1.391450644248112711e+00
4.830316632546468369e+00 -3.431781162729682921e-01
4.836606107328430326e+00 1.408615926843489685e+00
4.842895582110391395e+00 5.754399600831140438e-01
4.849185056892353352e+00 -2.286004657141623708e-01
4.855474531674314420e+00 7.157088212225459767e-02
4.861764006456276377e+00 1.158051271413504391e-01
4.868053481238237445e+00 1.229805482963045371e+00
4.874342956020199402e+00 1.589040362455952371e-01
4.880632430802160471e+00 1.213285091298545448e-01
4.886921905584122428e+00 1.263938421861817929e+00
4.893211380366083496e+00 -4.580194921633280458e-01
4.899500855148045453e+00 1.282471146291434216e+00
4.905790329930006521e+00 3.819177967036512245e-01
4.912079804711968478e+00 9.920174958009062571e-01
4.918369279493930435e+00 1.140129029430568819e+00
4.924658754275891503e+00 2.897215262674992520e-01
4.930948229057853460e+00 -1.826111011951361274e-01
4.937237703839814529e+00 -1.386567244960916767e-01
4.943527178621776486e+00 3.319350437973984658e-01
4.949816653403737554e+00 1.216745276279078691e-01
4.956106128185699511e+00 -5.324805032297974527e-02
4.962395602967660579e+00 3.958820332478989457e-01
4.968685077749622536e+00 -4.846709143995048263e-01
4.974974552531583605e+00 -5.203211620462144804e-01
4.981264027313545562e+00 2.270071619497682214e-02
4.987553502095506630e+00 9.788133023465289684e-01
4.993842976877468587e+00 -2.711088694465135784e-01
5.000132451659430544e+00 -1.044290722834724239e-01
5.006421926441391612e+00 2.728997171727722826e-01
5.012711401223353569e+00 -3.831562730898890878e-01
5.019000876005314637e+00 5.310972498081434345e-02
5.025290350787276594e+00 1.229454593987709732e+00
5.031579825569237663e+00 4.809121021093767379e-01
5.037869300351199620e+00 2.215897346116468825e-01
5.044158775133160688e+00 1.128399144552313160e+00
5.050448249915122645e+00 1.036096610280364816e+00
5.056737724697083713e+00 -4.099790919546423273e-01
5.063027199479045670e+00 -7.075291988870471283e-01
5.069316674261006739e+00 1.078543276702365272e+00
5.075606149042968696e+00 -3.152227634335367235e-01
5.081895623824930652e+00 -6.108352532753824615e-01
5.088185098606891721e+00 4.072472827907155368e-01
5.094474573388853678e+00 7.925871417696764842e-01
5.100764048170814746e+00 1.168082003164870208e+00
5.107053522952776703e+00 -4.057314657304849081e-01
5.113342997734737772e+00 7.503820436951347261e-02
5.119632472516699728e+00 1.561530166939339992e-02
5.125921947298660797e+00 -8.527760978411358384e-02
5.132211422080622754e+00 9.099863513008317195e-01
5.138500896862583822e+00 -5.681446834226537845e-01
5.144790371644545779e+00 9.500668132215973616e-01
5.151079846426506847e+00 -3.621725232124233251e-01
5.157369321208468804e+00 3.085766181785754014e-01
5.163658795990430761e+00 8.689233518703676218e-02
5.169948270772391830e+00 9.333746996436050880e-01
5.176237745554353786e+00 -5.987294981773080282e-01
5.182527220336314855e+00 -2.047831704489344595e-02
5.188816695118276812e+00 9.438363387931557602e-01
5.195106169900237880e+00 4.380810146925041559e-01
5.201395644682199837e+00 5.486776316172781165e-01
5.207685119464160906e+00 -6.604470022182363786e-01
5.213974594246122862e+00 2.589200831023659166e-01
5.220264069028083931e+00 -7.073474195969280398e-01
5.226553543810045888e+00 2.473347451908554095e-01
5.232843018592006956e+00 -6.277313793099057460e-01
5.239132493373968913e+00 6.530984998535536157e-01
5.245421968155930870e+00 1.583402616011477804e-01
5.251711442937891938e+00 1.150844993522930571e+00
5.258000917719853895e+00 -2.003282828426589113e-02
5.264290392501814964e+00 -3.095534023786885580e-01
5.270579867283776920e+00 8.581391467568613152e-01
5.276869342065737989e+00 1.012108559091329019e+00
5.283158816847699946e+00 5.146192005395905378e-01
5.289448291629661014e+00 -2.944270855591111236e-01
5.295737766411622971e+00 4.997923078117438855e-01
5.302027241193584040e+00 -3.728884220407348016e-01
5.308316715975545996e+00 1.155225778955500271e+00
5.314606190757507953e+00 1.073754350063688801e+00
5.320895665539469022e+00 1.401390377028338019e+00
5.327185140321430978e+00 -2.754386041263592322e-01
5.333474615103392047e+00 1.059364462676511742e+00
5.339764089885354004e+00 -2.063371206210044551e-01
5.346053564667315072e+00 -1.647390962395630098e-01
5.352343039449277029e+00 1.264640925940199612e+00
5.358632514231238098e+00 7.304367157053864856e-01
5.364921989013200054e+00 -2.291037747520603962e-01
5.371211463795161123e+00 1.546486618587285866e+00
5.377500938577123080e+00 -1.660595753312511524e-01
5.383790413359084148e+00 1.174475476104893001e+00
5.390079888141046105e+00 -4.189278121839229430e-02
5.396369362923008062e+00 8.996570935835813687e-01
5.402658837704969130e+00 1.083469788084230556e+00
5.408948312486931087e+00 1.451746952114272737e+00
5.415237787268892156e+00 1.048535750238509978e+00
5.421527262050854112e+00 4.731423475000724466e-01
5.427816736832815181e+00 1.509497824812580102e+00
5.434106211614777138e+00 1.232826996111513029e+00
5.440395686396738206e+00 1.873471967236183477e+00
5.446685161178700163e+00 2.014614055327823561e+00
5.452974635960661232e+00 1.819771573499718409e+00
5.459264110742623188e+00 2.003212189679107968e+00
5.465553585524584257e+00 7.580397186912282148e-01
5.471843060306546214e+00 5.738971906829835046e-01
5.478132535088508170e+00 1.145467963928435529e+00
5.484422009870469239e+00 1.020695562704274195e+00
5.490711484652431196e+00 8.368045544163548177e-01
5.497000959434392264e+00 6.087674791706598754e-01
5.503290434216354221e+00 2.237423630745729142e+00
5.509579908998315290e+00 6.717389919116824037e-01
5.515869383780277246e+00 7.491306390514765878e-01
5.522158858562238315e+00 1.543994670108282730e+00
5.528448333344200272e+00 8.323269928999648126e-01
5.534737808126161340e+00 5.214228253642391175e-01
5.541027282908123297e+00 7.709782889736578326e-01
5.547316757690084366e+00 9.981679747635197053e-01
5.553606232472046322e+00 2.446570842631215381e+00
5.559895707254008279e+00 5.640824900092435978e-01
5.566185182035969348e+00 1.971593458101730700e+00
5.572474656817931304e+00 2.400038323520591543e+00
5.578764131599892373e+00 7.265712721200185964e-01
5.585053606381854330e+00 2.085361605743957014e+00
5.591343081163815398e+00 1.864120101993959278e+00
5.597632555945777355e+00 1.377771103522639429e+00
5.603922030727738424e+00 1.197123132625626862e+00
5.610211505509700380e+00 1.669587831337493444e+00
5.616500980291661449e+00 1.569777994373346974e+00
5.622790455073623406e+00 1.881828004943321364e+00
5.629079929855584474e+00 1.556812953812798828e+00
5.635369404637546431e+00 2.171764241700364195e+00
5.641658879419508388e+00 1.136168224092478640e+00
5.647948354201469456e+00 2.272360880733492738e+00
5.654237828983431413e+00 1.036275295941545549e+00
5.660527303765392482e+00 1.313596766653373438e+00
5.666816778547354438e+00 8.292260468274881280e-01
5.673106253329315507e+00 2.312386596412644657e+00
5.679395728111277464e+00 2.129217837646160127e+00
5.685685202893238532e+00 1.900539687403848488e+00
5.691974677675200489e+00 2.401916611475868102e+00
5.698264152457161558e+00 2.529042760001265044e+00
5.704553627239123514e+00 2.131566816685941834e+00
5.710843102021084583e+00 2.555948742576604094e+00
5.717132576803046540e+00 2.120970336600074280e+00
5.723422051585008496e+00 1.994115481245409605e+00
5.729711526366969565e+00 2.611162372672152010e+00
5.736001001148931522e+00 2.555906510268551202e+00
5.742290475930892590e+00 2.026031955817277463e+00
5.748579950712854547e+00 2.496142397640465305e+00
5.754869425494815616e+00 1.655392807760592389e+00
5.761158900276777572e+00 2.101406254308953780e+00
5.767448375058738641e+00 2.187785998495764161e+00
5.773737849840700598e+00 1.136623510724449559e+00
5.780027324622661666e+00 6.185606506588272602e-01
5.786316799404623623e+00 2.159640836614142412e+00
5.792606274186584692e+00 1.232528398423354821e+00
5.798895748968546648e+00 5.410036031984967186e-01
5.805185223750508605e+00 9.166477360217770709e-01
5.811474698532469674e+00 2.161163098531149185e+00
5.817764173314431631e+00 9.021027080278860577e-01
5.824053648096392699e+00 9.837686941747332270e-01
5.830343122878354656e+00 2.182083043951122736e+00
5.836632597660315724e+00 1.995235026528981770e+00
5.842922072442277681e+00 1.983933493993376374e+00
5.849211547224238750e+00 2.252767513152647894e+00
5.855501022006200706e+00 7.457853300746644098e-01
5.861790496788161775e+00 4.142280801913031940e-01
5.868079971570123732e+00 1.867579737390175243e+00
5.874369446352084800e+00 9.864381774858224095e-01
5.880658921134046757e+00 3.757735575149209750e-01
5.886948395916008714e+00 7.830134197780982408e-01
5.893237870697969782e+00 3.599528071756865621e-01
5.899527345479931739e+00 1.335619041563296694e+00
5.905816820261892808e+00 8.818666797184067097e-01
5.912106295043854765e+00 1.275834822974569516e+00
5.918395769825815833e+00 3.882267033850108628e-01
5.924685244607777790e+00 7.697787325628469013e-01
5.930974719389738858e+00 8.890544079048756654e-01
5.937264194171700815e+00 1.131869526470501874e+00
5.943553668953661884e+00 4.433962181212697251e-01
5.949843143735623840e+00 -9.590166458769733282e-02
5.956132618517584909e+00 -1.759849014193090588e-01
5.962422093299546866e+00 -1.961700882734750961e-01
5.968711568081508823e+00 7.089815462360133935e-01
5.975001042863469891e+00 1.502517915172794094e-01
5.981290517645431848e+00 8.127914392081292405e-01
5.987579992427392916e+00 1.145317540002894763e-01
5.993869467209354873e+00 8.886173782602651006e-01
6.000158941991315942e+00 2.939668525716938596e-01
6.006448416773277899e+00 2.184819889602951370e-01
6.012737891555238967e+00 -3.235639101631007097e-01
6.019027366337200924e+00 1.077364600187939114e+00
6.025316841119161992e+00 -1.435410375113135295e-01
6.031606315901123949e+00 -2.948624076898376245e-02
6.037895790683085906e+00 3.744128681695868543e-02
6.044185265465046974e+00 -1.134988209357259414e-01
6.050474740247008931e+00 -2.321408695603801586e-01
6.056764215028970000e+00 -3.668708119593870887e-01
6.063053689810931957e+00 -6.251656257866859967e-01
6.069343164592893025e+00 7.186935341191045268e-01
6.075632639374854982e+00 -2.759243411666834067e-01
6.081922114156816050e+00 4.719250455145598266e-01
6.088211588938778007e+00 3.608154915168904076e-02
6.094501063720739076e+00 -3.139118744969673358e-01
6.100790538502701033e+00 -8.017129299241823048e-01
6.107080013284662101e+00 -2.790577855750837610e-01
6.113369488066624058e+00 1.882156542348691897e-01
6.119658962848586015e+00 -1.444888874631917730e-01
6.125948437630547083e+00 -3.983092295534176319e-01
6.132237912412509040e+00 -1.590843478932763677e+00
6.138527387194470109e+00 -8.251425349292129674e-01
6.144816861976432065e+00 -5.562768848335084559e-01
6.151106336758393134e+00 -1.155644578377845733e-02
6.157395811540355091e+00 1.281686071797156767e-01
6.163685286322316159e+00 -4.737208934581211839e-01
6.169974761104278116e+00 -8.036919740010661783e-02
6.176264235886239184e+00 -8.146836601304885406e-02
6.182553710668201141e+00 -1.832888638819601734e+00
6.188843185450162210e+00 -3.543719986808202549e-02
6.195132660232124167e+00 -9.386846614541570766e-01
6.201422135014086123e+00 -8.546352791231779378e-01
6.207711609796047192e+00 -2.012900954384712726e+00
6.214001084578009149e+00 -8.886301922325743341e-01
6.220290559359970217e+00 -7.710584492344172425e-01
6.226580034141932174e+00 -7.971104483720456990e-01
6.232869508923893243e+00 -3.909026181442440961e-01
6.239158983705855199e+00 -1.881878966061129699e+00
6.245448458487816268e+00 -2.107182312174056715e+00
6.251737933269778225e+00 -4.940671221088437370e-01
6.258027408051739293e+00 -1.869693932279463899e+00
6.264316882833701250e+00 -2.020224288762333842e+00
6.270606357615662318e+00 -1.277169192335223524e+00
6.276895832397624275e+00 -3.404350727526819220e-01
6.283185307179586232e+00 -1.320079663542575332e+00
