0.000000000000000000e+00 3.997992692321017394e-01
6.289474781961547356e-03 8.102561451570995388e-01
1.257894956392309471e-02 3.276072482462191182e-01
1.886842434588464207e-02 -2.926604860371470052e-01
2.515789912784618942e-02 1.250991325703923351e+00
3.144737390980773678e-02 -1.835685629450095058e-01
3.773684869176928414e-02 2.755524497013224217e-01
4.402632347373083149e-02 2.680288313450769344e-01
5.031579825569237885e-02 3.490743725968534772e-01
5.660527303765392620e-02 9.489104252783350235e-01
6.289474781961547356e-02 -1.053802439838482652e-01
6.918422260157702786e-02 3.730341177103801975e-01
7.547369738353856827e-02 -3.113631827463365087e-01
8.176317216550010869e-02 4.831440956142205034e-01
8.805264694746166299e-02 -2.525055924014030229e-03
9.434212172942321728e-02 7.826011829622385729e-01
1.006315965113847577e-01 -3.447285901604722480e-01
1.069210712933462981e-01 2.979818572303948310e-01
1.132105460753078524e-01 1.308605941205423839e+00
1.195000208572694067e-01 4.976437871815828085e-01
1.257894956392309471e-01 1.576329159816401759e+00
1.320789704211924875e-01 3.384751474213932854e-01
1.383684452031540557e-01 1.546661129666324186e+00
1.446579199851155961e-01 6.324776747523834786e-01
1.509473947670771365e-01 -1.738311529806219058e-02
1.572368695490386770e-01 3.211191778765187799e-01
1.635263443310002174e-01 8.473814434240301008e-02
1.698158191129617856e-01 8.456276154049217064e-01
1.761052938949233260e-01 5.525446452912017303e-01
1.823947686768848664e-01 1.117036849211152871e+00
1.886842434588464346e-01 1.067981866619248432e+00
1.949737182408079750e-01 1.113904807496200577e+00
2.012631930227695154e-01 1.426701554677094919e+00
2.075526678047310558e-01 1.564065901305444317e+00
2.138421425866925962e-01 2.344860744263661534e-01
2.201316173686541644e-01 1.264866492727430458e+00
2.264210921506157048e-01 -2.156687650425715974e-01
2.327105669325772452e-01 5.040091914157782682e-01
2.390000417145388134e-01 -2.214374386156889862e-01
2.452895164965003538e-01 4.535132369772327809e-01
2.515789912784618942e-01 7.445734776144519174e-03
2.578684660604234624e-01 8.912669379195581332e-01
2.641579408423849751e-01 4.211008621651383121e-01
2.704474156243465433e-01 9.682483110258426340e-01
2.767368904063081114e-01 4.584024269036026111e-01
2.830263651882696241e-01 8.966697992406519324e-01
2.893158399702311923e-01 1.410359813216708891e-01
2.956053147521927049e-01 -4.519280575407597089e-01
3.018947895341542731e-01 5.321410464328475420e-01
3.081842643161158413e-01 1.355747553622167922e+00
3.144737390980773539e-01 5.617693822641696144e-01
3.207632138800389221e-01 1.178213656098739737e+00
3.270526886620004348e-01 -3.151061440469866692e-01
3.333421634439620029e-01 8.344244032013908852e-01
3.396316382259235711e-01 -1.003435754313026784e-01
3.459211130078850838e-01 8.143092831268683440e-03
3.522105877898466519e-01 1.019932458826278143e+00
3.585000625718082201e-01 9.431071212725951058e-01
3.647895373537697328e-01 1.379960738998583070e+00
3.710790121357313009e-01 1.228807028203602547e+00
3.773684869176928691e-01 4.094502247767666248e-01
3.836579616996543818e-01 1.058325786391093093e+00
3.899474364816159500e-01 -4.398915624242947242e-01
3.962369112635774626e-01 -3.219493643355697543e-01
4.025263860455390308e-01 -3.996595402663135621e-01
4.088158608275005990e-01 -4.376286977196205408e-01
4.151053356094621116e-01 3.749461648369676325e-01
4.213948103914236798e-01 9.565097275919096642e-01
4.276842851733851925e-01 3.194637563934243918e-02
4.339737599553467606e-01 7.829434339139487165e-01
4.402632347373083288e-01 -5.618456880733679881e-01
4.465527095192698415e-01 3.085365355735842918e-01
4.528421843012314096e-01 -7.056781107967431410e-01
4.591316590831929778e-01 -8.409357141984961093e-01
4.654211338651544905e-01 3.527966276676042234e-02
4.717106086471160586e-01 7.462020407651707155e-01
4.780000834290776268e-01 3.808522943346126510e-01
4.842895582110391395e-01 1.025176970691212830e+00
4.905790329930007077e-01 -8.340795626039412269e-01
4.968685077749622203e-01 5.875601388276312509e-01
5.031579825569237885e-01 -9.316142103821403175e-01
5.094474573388853011e-01 7.244571086924995740e-01
5.157369321208469248e-01 1.870056071941061937e-02
5.220264069028084375e-01 -8.711562595807484932e-01
5.283158816847699502e-01 7.074740928212812641e-01
5.346053564667315738e-01 -1.066375587661728908e+00
5.408948312486930865e-01 -4.510695072877952683e-01
5.471843060306545992e-01 -5.763149804844025503e-01
5.534737808126162228e-01 3.940010381422622832e-01
5.597632555945777355e-01 -3.907121819396583984e-01
5.660527303765392482e-01 4.382800525182419804e-01
5.723422051585007608e-01 -5.528093226559191997e-01
5.786316799404623845e-01 -7.522816489587835775e-01
5.849211547224238972e-01 -3.285032835001411300e-01
5.912106295043854098e-01 7.481359845762700633e-01
5.975001042863470335e-01 -1.078035859308437150e-01
6.037895790683085462e-01 -9.493818558284705666e-01
6.100790538502700588e-01 7.253294772537557389e-01
6.163685286322316825e-01 6.736987977975394948e-02
6.226580034141931952e-01 1.217239644917553765e-01
6.289474781961547079e-01 4.111599708625892635e-01
6.352369529781163315e-01 -6.159830069400387131e-01
6.415264277600778442e-01 -6.638209432978399160e-01
6.478159025420393569e-01 -1.002469067902705291e+00
6.541053773240008695e-01 -1.035019462197293239e+00
6.603948521059624932e-01 -1.130060411719101099e+00
6.666843268879240059e-01 -7.849451010607269019e-01
6.729738016698855185e-01 -1.007191762703023352e+00
6.792632764518471422e-01 -1.208865869254382108e+00
6.855527512338086549e-01 7.299529068540233645e-02
6.918422260157701675e-01 2.817297410731745000e-01
6.981317007977317912e-01 -1.205868618710942419e+00
7.044211755796933039e-01 -4.910545817868010587e-01
7.107106503616548165e-01 -5.979844953562205578e-01
7.170001251436164402e-01 7.269310266557460487e-02
7.232895999255779529e-01 -8.923988891183671779e-01
7.295790747075394655e-01 -3.862605612086191798e-01
7.358685494895010892e-01 -7.679784617170926087e-01
7.421580242714626019e-01 2.928840316075720374e-02
7.484474990534241146e-01 -1.338755008769423327e-01
7.547369738353857382e-01 -8.182969827150390341e-01
7.610264486173472509e-01 7.487509970960382066e-01
7.673159233993087636e-01 -1.076993980925103456e+00
7.736053981812702762e-01 -8.996173747399698328e-01
7.798948729632318999e-01 -1.001800172976896608e-01
7.861843477451934126e-01 3.018216908365720652e-01
7.924738225271549252e-01 3.334404501664276488e-01
7.987632973091165489e-01 -1.022882664797273522e+00
8.050527720910780616e-01 -6.614698527606985845e-01
8.113422468730395742e-01 -4.202629035456098006e-01
8.176317216550011979e-01 -4.615473797194169503e-01
8.239211964369627106e-01 -7.101379900181254978e-01
8.302106712189242232e-01 -4.373402426317758440e-01
8.365001460008858469e-01 -3.727797822966958385e-01
8.427896207828473596e-01 7.349557400990888167e-01
8.490790955648088723e-01 6.722157419461660677e-01
8.553685703467703849e-01 3.521473772119771972e-01
8.616580451287320086e-01 9.573560186920910819e-01
8.679475199106935213e-01 9.887024339492169744e-01
8.742369946926550339e-01 -3.541724561646755198e-01
8.805264694746166576e-01 1.090968016477820157e+00
8.868159442565781703e-01 2.674143767316357057e-01
8.931054190385396829e-01 8.441757673346297342e-01
8.993948938205013066e-01 1.343733234776571361e+00
9.056843686024628193e-01 -1.597206261265580185e-01
9.119738433844243319e-01 1.393274298717239956e+00
9.182633181663859556e-01 -2.159667021722111446e-01
9.245527929483474683e-01 -2.904579855930475851e-01
9.308422677303089809e-01 7.814393471947419512e-01
9.371317425122706046e-01 6.705282775218528446e-01
9.434212172942321173e-01 -3.121015299854965619e-01
9.497106920761936300e-01 3.452326885574821813e-01
9.560001668581552536e-01 1.595437516520832322e-01
9.622896416401167663e-01 1.082980709981073986e+00
9.685791164220782790e-01 3.234361977525230802e-01
9.748685912040397916e-01 1.425094181071170085e-01
9.811580659860014153e-01 5.663558261462802168e-01
9.874475407679629280e-01 1.038394323791704821e-01
9.937370155499244406e-01 1.477762160625080812e+00
1.000026490331886064e+00 3.287820305711542379e-01
1.006315965113847577e+00 1.329124812125412225e+00
1.012605439895809090e+00 1.971320893912372196e-01
1.018894914677770602e+00 1.870442889796089636e+00
1.025184389459732115e+00 3.496917354916327381e-01
1.031473864241693850e+00 2.120559632531159977e+00
1.037763339023655362e+00 4.723336931194540567e-01
1.044052813805616875e+00 1.013420021520983205e+00
1.050342288587578388e+00 1.944952540646740724e+00
1.056631763369539900e+00 6.220964517331718513e-01
1.062921238151501413e+00 1.773149145940583260e+00
1.069210712933463148e+00 2.356780898969113025e+00
1.075500187715424660e+00 2.393967316768196962e+00
1.081789662497386173e+00 2.435501476852635516e+00
1.088079137279347686e+00 6.118438476510767998e-01
1.094368612061309198e+00 1.560879664538334488e+00
1.100658086843270711e+00 1.717241666872586947e+00
1.106947561625232446e+00 2.367791544517935165e+00
1.113237036407193958e+00 1.436362447155264732e+00
1.119526511189155471e+00 1.864567566546320165e+00
1.125815985971116984e+00 8.351247113902191543e-01
1.132105460753078496e+00 1.852609573277356869e+00
1.138394935535040009e+00 2.220352723922746740e+00
1.144684410317001522e+00 2.288350980948077762e+00
1.150973885098963256e+00 8.771294848278030631e-01
1.157263359880924769e+00 2.566593853174936157e+00
1.163552834662886282e+00 2.167573449937771901e+00
1.169842309444847794e+00 1.584107772676362380e+00
1.176131784226809307e+00 1.002836359109604558e+00
1.182421259008770820e+00 2.275158077139160628e+00
1.188710733790732554e+00 2.073312414140235926e+00
1.195000208572694067e+00 2.037713097717853472e+00
1.201289683354655580e+00 3.025054570939524901e+00
1.207579158136617092e+00 2.117118130127998654e+00
1.213868632918578605e+00 1.336832859627657522e+00
1.220158107700540118e+00 2.408904812818368768e+00
1.226447582482501630e+00 1.219628793792995047e+00
1.232737057264463365e+00 1.458805078926238785e+00
1.239026532046424878e+00 1.797235543005921921e+00
1.245316006828386390e+00 2.416507242102227337e+00
1.251605481610347903e+00 3.030077648409673863e+00
1.257894956392309416e+00 1.190669326483581925e+00
1.264184431174270928e+00 2.956991848636751463e+00
1.270473905956232663e+00 1.716368436626461325e+00
1.276763380738194176e+00 2.801607053055569008e+00
1.283052855520155688e+00 1.180864062802498671e+00
1.289342330302117201e+00 2.286793259162452685e+00
1.295631805084078714e+00 1.774322365356102438e+00
1.301921279866040226e+00 2.493437028742491179e+00
1.308210754648001739e+00 1.910386176001477532e+00
1.314500229429963474e+00 1.866767963269347907e+00
1.320789704211924986e+00 3.019264002038398509e+00
1.327079178993886499e+00 2.152516290443819535e+00
1.333368653775848012e+00 3.022538608716576647e+00
1.339658128557809524e+00 1.880659505174093749e+00
1.345947603339771037e+00 2.752133672353310079e+00
1.352237078121732772e+00 1.752508204814655857e+00
1.358526552903694284e+00 2.253228547893180611e+00
1.364816027685655797e+00 2.430909578401154292e+00
1.371105502467617310e+00 2.987609113467733835e+00
1.377394977249578822e+00 2.799273646062176546e+00
1.383684452031540335e+00 1.890834048175539461e+00
1.389973926813502070e+00 2.545962878664536966e+00
1.396263401595463582e+00 1.459582414091846747e+00
1.402552876377425095e+00 2.353253614801847249e+00
1.408842351159386608e+00 2.798988040321497728e+00
1.415131825941348120e+00 1.197990085766484247e+00
1.421421300723309633e+00 1.376214012176442125e+00
1.427710775505271146e+00 1.387448448402877510e+00
1.434000250287232880e+00 1.847697109830794382e+00
1.440289725069194393e+00 1.518637484370407797e+00
1.446579199851155906e+00 1.091690224163365253e+00
1.452868674633117418e+00 2.601673961428666804e+00
1.459158149415078931e+00 1.657992842864363991e+00
1.465447624197040444e+00 1.782469722691332414e+00
1.471737098979002178e+00 2.322817497640658146e+00
1.478026573760963691e+00 7.805808005784401482e-01
1.484316048542925204e+00 1.442861445627023231e+00
1.490605523324886716e+00 1.871636406898957272e+00
1.496894998106848229e+00 2.174394573191785529e+00
1.503184472888809742e+00 2.229502524244651340e+00
1.509473947670771476e+00 6.911960629509874554e-01
1.515763422452732989e+00 1.753521472207570042e+00
1.522052897234694502e+00 2.028942335112311923e+00
1.528342372016656014e+00 6.014488258535348741e-01
1.534631846798617527e+00 1.870126931929192882e+00
1.540921321580579040e+00 1.070506284098676764e+00
1.547210796362540552e+00 -4.087753813811353942e-02
1.553500271144502287e+00 -3.739659024644487184e-02
1.559789745926463800e+00 1.345221453349963125e+00
1.566079220708425312e+00 1.222832225945305273e+00
1.572368695490386825e+00 1.274346612824769798e+00
1.578658170272348338e+00 5.963672800150418007e-01
1.584947645054309850e+00 1.697797439925959884e-01
1.591237119836271585e+00 1.412574200150439330e+00
1.597526594618233098e+00 -1.368770701829952197e-02
1.603816069400194610e+00 3.048277012229556604e-01
1.610105544182156123e+00 8.337821468807338210e-01
1.616395018964117636e+00 5.249171174825681963e-01
1.622684493746079148e+00 3.849295043859108922e-01
1.628973968528040661e+00 -2.394366629274190528e-01
1.635263443310002396e+00 -6.233267983800638845e-01
1.641552918091963909e+00 -2.494821818738279795e-03
1.647842392873925421e+00 2.369854829790241091e-01
1.654131867655886934e+00 9.869448821150583750e-01
1.660421342437848446e+00 -5.340845128457460955e-01
1.666710817219809959e+00 2.773644361407925363e-01
1.673000292001771694e+00 -8.002746618103806497e-01
1.679289766783733207e+00 7.797362683758501944e-01
1.685579241565694719e+00 6.495988651602093711e-01
1.691868716347656232e+00 2.618555428221012171e-01
1.698158191129617745e+00 -5.130563187106125245e-01
1.704447665911579257e+00 -6.525209599851868880e-01
1.710737140693540770e+00 -1.035609600838895528e+00
1.717026615475502505e+00 -4.871809922007523941e-01
1.723316090257464017e+00 -5.543363412752921882e-01
1.729605565039425530e+00 1.213569527719622343e-01
1.735895039821387043e+00 -1.069628188043170613e+00
1.742184514603348555e+00 3.815326881845271245e-02
1.748473989385310068e+00 -1.581879243100313914e+00
1.754763464167271803e+00 1.753103057412541688e-01
1.761052938949233315e+00 -4.374866139274695698e-01
1.767342413731194828e+00 -1.100093798304771830e+00
1.773631888513156341e+00 -1.410679930043408747e+00
1.779921363295117853e+00 -1.172759349271009111e+00
1.786210838077079366e+00 -1.801559042014349687e+00
1.792500312859041101e+00 -1.735760145755359751e+00
1.798789787641002613e+00 -7.393975471545248812e-01
1.805079262422964126e+00 -1.578417600493067674e+00
1.811368737204925639e+00 -1.176101498112669841e+00
1.817658211986887151e+00 -4.643419200918410539e-01
1.823947686768848664e+00 -4.354518786243226636e-01
1.830237161550810177e+00 -1.648513084266434392e+00
1.836526636332771911e+00 -4.780041907055938566e-01
1.842816111114733424e+00 -2.960887907791147633e-01
1.849105585896694937e+00 -1.067966108589333940e+00
1.855395060678656449e+00 -8.726700136892757698e-01
1.861684535460617962e+00 -6.011861412741370536e-02
1.867974010242579475e+00 -3.973830110891674039e-01
1.874263485024541209e+00 -5.153665889478402651e-01
1.880552959806502722e+00 -5.246583909463888862e-01
1.886842434588464235e+00 -4.142494581623752392e-01
1.893131909370425747e+00 -6.257454616576443307e-01
1.899421384152387260e+00 -1.108665353295312128e+00
1.905710858934348773e+00 -1.844554862474960366e+00
1.912000333716310507e+00 -1.426168673804410369e+00
1.918289808498272020e+00 -1.791187852509614764e+00
1.924579283280233533e+00 -1.063884666209325980e+00
1.930868758062195045e+00 -1.909321316300357507e+00
1.937158232844156558e+00 -1.228945533472274310e+00
1.943447707626118071e+00 -6.510810321246751631e-01
1.949737182408079583e+00 -1.545218883869486026e+00
1.956026657190041318e+00 -1.484795892018607510e+00
1.962316131972002831e+00 -5.449918727689082587e-01
1.968605606753964343e+00 -1.174230824836894449e+00
1.974895081535925856e+00 -8.199877536412814027e-01
1.981184556317887369e+00 -1.374073004596294778e+00
1.987474031099848881e+00 1.211243169822582288e-01
1.993763505881810616e+00 5.411898438688789170e-02
2.000052980663772129e+00 -5.644729605837697228e-01
2.006342455445733641e+00 -1.179118033209259897e+00
2.012631930227695154e+00 -1.387398355497392322e+00
2.018921405009656667e+00 -2.061424473516353384e-01
2.025210879791618179e+00 -2.238645976625690537e-01
2.031500354573579692e+00 -1.461888575368023746e+00
2.037789829355541205e+00 -1.439928448249937709e+00
2.044079304137502717e+00 3.995241221708201174e-01
2.050368778919464230e+00 4.293579621140215519e-01
2.056658253701426187e+00 5.122203326983891802e-01
2.062947728483387699e+00 -4.790049845134269901e-02
2.069237203265349212e+00 -4.941168229123362732e-01
2.075526678047310725e+00 -9.302983239776618785e-01
2.081816152829272237e+00 -1.315669057912667306e-01
2.088105627611233750e+00 -2.858297250863408578e-01
2.094395102393195263e+00 -9.132040022992546913e-01
2.100684577175156775e+00 -2.131792909211285281e-01
2.106974051957118288e+00 -8.627034409755750533e-01
2.113263526739079801e+00 -7.330760246438104977e-01
2.119553001521041313e+00 2.809731864789426492e-01
2.125842476303002826e+00 4.247206918929491426e-02
2.132131951084964339e+00 2.520939892755147405e-01
2.138421425866926295e+00 1.602550053475948477e-01
2.144710900648887808e+00 2.090277369692856713e-01
2.151000375430849321e+00 7.279984001968453633e-02
2.157289850212810833e+00 7.408928118867983414e-01
2.163579324994772346e+00 1.336551179493913888e-01
2.169868799776733859e+00 3.805218621873585061e-01
2.176158274558695371e+00 -8.152810567245305506e-02
2.182447749340656884e+00 1.371384006474520856e+00
2.188737224122618397e+00 1.108345311670049904e+00
2.195026698904579909e+00 9.109652279188429347e-01
2.201316173686541422e+00 1.228479746294673047e+00
2.207605648468502935e+00 1.276589669542755434e+00
2.213895123250464891e+00 1.997394352770788473e+00
2.220184598032426404e+00 6.893849133765704851e-01
2.226474072814387917e+00 8.923310897807532616e-01
2.232763547596349429e+00 5.582402898670327795e-01
2.239053022378310942e+00 8.657424804461000267e-01
2.245342497160272455e+00 1.475354471931201061e+00
2.251631971942233967e+00 2.031001583016348810e+00
2.257921446724195480e+00 1.532449488300849927e+00
2.264210921506156993e+00 8.130420290211470835e-01
2.270500396288118505e+00 2.153115724919234530e+00
2.276789871070080018e+00 8.733583293399410641e-01
2.283079345852041531e+00 1.935880727556216430e+00
2.289368820634003043e+00 2.557076694520258098e+00
2.295658295415965000e+00 8.798919738845061289e-01
2.301947770197926513e+00 2.638912032583576650e+00
2.308237244979888025e+00 2.617300689259731694e+00
2.314526719761849538e+00 2.794573336843861888e+00
2.320816194543811051e+00 1.474796791432239296e+00
2.327105669325772563e+00 2.089583309121527677e+00
2.333395144107734076e+00 2.479307855552156159e+00
2.339684618889695589e+00 2.746739480097550867e+00
2.345974093671657101e+00 2.897454509029699032e+00
2.352263568453618614e+00 2.561765806432273251e+00
2.358553043235580127e+00 1.402111549166702664e+00
2.364842518017541639e+00 1.874972593134878407e+00
2.371131992799503152e+00 2.864717613001629193e+00
2.377421467581465109e+00 3.449776239179207060e+00
2.383710942363426621e+00 2.967139466810733150e+00
2.390000417145388134e+00 2.142009610214484105e+00
2.396289891927349647e+00 2.454460884642744034e+00
2.402579366709311159e+00 2.991225550850074910e+00
2.408868841491272672e+00 2.758544362797281213e+00
2.415158316273234185e+00 2.745858146436122915e+00
2.421447791055195697e+00 3.186678615941604065e+00
2.427737265837157210e+00 3.683624621521171871e+00
2.434026740619118723e+00 2.519693604663242326e+00
2.440316215401080235e+00 2.220004990319830451e+00
2.446605690183041748e+00 2.168678571514520037e+00
2.452895164965003261e+00 1.922376859139613536e+00
2.459184639746965217e+00 2.844304371679755583e+00
2.465474114528926730e+00 2.716447876097227265e+00
2.471763589310888243e+00 3.103888444643655653e+00
2.478053064092849755e+00 2.900444537798303024e+00
2.484342538874811268e+00 3.638352593476917640e+00
2.490632013656772781e+00 3.850407321826479823e+00
2.496921488438734293e+00 3.259331183495471240e+00
2.503210963220695806e+00 2.990346909655480889e+00
2.509500438002657319e+00 2.010820541924043248e+00
2.515789912784618831e+00 2.280206064035795954e+00
2.522079387566580344e+00 2.420282122076386599e+00
2.528368862348541857e+00 3.304662853094006536e+00
2.534658337130503369e+00 3.211396308985738024e+00
2.540947811912465326e+00 2.441612683812965923e+00
2.547237286694426839e+00 3.866497312655801544e+00
2.553526761476388351e+00 2.115781644383044835e+00
2.559816236258349864e+00 2.737209951340578762e+00
2.566105711040311377e+00 2.457567220887973303e+00
2.572395185822272889e+00 3.294418907007440112e+00
2.578684660604234402e+00 3.413045653816970226e+00
2.584974135386195915e+00 3.161353819691445466e+00
2.591263610168157427e+00 3.427957278683508413e+00
2.597553084950118940e+00 2.046407358201954629e+00
2.603842559732080453e+00 2.090823078233893906e+00
2.610132034514041965e+00 3.454308955440908768e+00
2.616421509296003478e+00 2.489930253081043432e+00
2.622710984077965435e+00 2.160262501803221102e+00
2.629000458859926947e+00 3.275718040464698166e+00
2.635289933641888460e+00 3.390324015008273406e+00
2.641579408423849973e+00 2.890050490386697035e+00
2.647868883205811485e+00 1.756350710106196367e+00
2.654158357987772998e+00 1.816041750814294309e+00
2.660447832769734511e+00 2.740042120880147536e+00
2.666737307551696023e+00 1.957956145584062169e+00
2.673026782333657536e+00 1.745360705953893588e+00
2.679316257115619049e+00 2.963987049872039758e+00
2.685605731897580561e+00 2.660720852877784814e+00
2.691895206679542074e+00 2.692618948407058621e+00
2.698184681461504031e+00 1.670866518546304080e+00
2.704474156243465544e+00 2.049109935362142920e+00
2.710763631025427056e+00 2.779460288230400700e+00
2.717053105807388569e+00 1.197697806787941577e+00
2.723342580589350082e+00 1.934912554067445667e+00
2.729632055371311594e+00 2.804880278570871965e+00
2.735921530153273107e+00 2.656904358382759845e+00
2.742211004935234619e+00 1.304532720095372689e+00
2.748500479717196132e+00 2.240076970049126537e+00
2.754789954499157645e+00 1.609791606699184197e+00
2.761079429281119157e+00 1.896987860138899862e+00
2.767368904063080670e+00 1.046306499615468510e+00
2.773658378845042183e+00 9.961461577123671418e-01
2.779947853627004140e+00 7.688713956118132797e-01
2.786237328408965652e+00 2.205227445166434208e+00
2.792526803190927165e+00 9.385221684274553944e-01
2.798816277972888678e+00 1.871328685889665611e+00
2.805105752754850190e+00 2.653446510377880374e-01
2.811395227536811703e+00 7.850803839714011190e-01
2.817684702318773216e+00 1.852807272633875124e+00
2.823974177100734728e+00 1.668494935894451858e+00
2.830263651882696241e+00 1.521360530414083589e+00
2.836553126664657754e+00 9.899435275180051841e-01
2.842842601446619266e+00 1.447715985234633296e+00
2.849132076228580779e+00 7.228942585800051113e-01
2.855421551010542291e+00 1.507203146560065710e+00
2.861711025792504248e+00 3.035179163856834839e-01
2.868000500574465761e+00 -2.403150226233906062e-01
2.874289975356427274e+00 -3.985245997385407080e-01
2.880579450138388786e+00 6.490656497530246094e-01
2.886868924920350299e+00 -4.777289172446007592e-01
2.893158399702311812e+00 6.692963858721331372e-01
2.899447874484273324e+00 -4.745912293532805748e-02
2.905737349266234837e+00 9.216125141519763142e-01
2.912026824048196350e+00 -6.026631499901782263e-01
2.918316298830157862e+00 7.624125232374789896e-02
2.924605773612119375e+00 -5.591885623166908958e-01
2.930895248394080888e+00 7.781580218767387702e-01
2.937184723176042400e+00 2.525561801530722406e-01
2.943474197958004357e+00 -3.107503252110954683e-01
2.949763672739965870e+00 -4.841414250664193286e-01
2.956053147521927382e+00 -4.338594037738034981e-01
2.962342622303888895e+00 -8.772527499873086221e-01
2.968632097085850408e+00 4.109534449368945630e-02
2.974921571867811920e+00 -1.229904124318560221e+00
2.981211046649773433e+00 6.989518187956655915e-01
2.987500521431734946e+00 -1.002525710595610464e+00
2.993789996213696458e+00 1.955627802841213292e-01
3.000079470995657971e+00 -1.004332872536839227e+00
3.006368945777619484e+00 -1.263943257709670975e+00
3.012658420559580996e+00 -5.353290665227936618e-01
3.018947895341542953e+00 -3.436175332298168072e-01
3.025237370123504466e+00 -8.912888858169540907e-01
3.031526844905465978e+00 -1.309232565575164653e+00
3.037816319687427491e+00 -1.061159437610954104e+00
3.044105794469389004e+00 -1.117810973772522587e+00
3.050395269251350516e+00 -7.200326532675525026e-01
3.056684744033312029e+00 -1.448322913721739491e+00
3.062974218815273542e+00 -9.554423953974930939e-01
3.069263693597235054e+00 -1.235401019876684048e+00
3.075553168379196567e+00 -1.503284825261663959e+00
3.081842643161158080e+00 -6.651348143650079869e-01
3.088132117943119592e+00 -1.450576813454431679e-01
3.094421592725081105e+00 -4.235893066164011511e-01
3.100711067507043062e+00 1.159001054001842501e-01
3.107000542289004574e+00 -3.961748040201136245e-01
3.113290017070966087e+00 -5.959220030249245958e-01
3.119579491852927600e+00 1.030672587202166035e-01
3.125868966634889112e+00 -1.663509984656302620e+00
3.132158441416850625e+00 -1.061628823476113093e+00
3.138447916198812138e+00 2.451947412600332665e-01
3.144737390980773650e+00 1.522975343864940712e-02
3.151026865762735163e+00 -6.953645943377058103e-01
3.157316340544696676e+00 -6.663413737913248536e-01
3.163605815326658188e+00 -1.183722701339842143e-01
3.169895290108619701e+00 -5.275745517895475967e-01
3.176184764890581214e+00 -1.755999121832820808e-01
3.182474239672543170e+00 -1.533751040636325502e+00
3.188763714454504683e+00 -1.137562611432093362e+00
3.195053189236466196e+00 -1.630043929250871493e+00
3.201342664018427708e+00 1.347289826538833335e-01
3.207632138800389221e+00 -4.311714355702482848e-01
3.213921613582350734e+00 2.188792563125760982e-01
3.220211088364312246e+00 4.275542087749937270e-01
3.226500563146273759e+00 -8.218651695885761388e-01
3.232790037928235272e+00 2.900768286125003925e-01
3.239079512710196784e+00 4.093046062177940758e-01
3.245368987492158297e+00 -3.426202039507568742e-01
3.251658462274119810e+00 -2.492922069164571486e-01
3.257947937056081322e+00 -8.846134645419190257e-02
3.264237411838043279e+00 -3.356854253197507632e-01
3.270526886620004792e+00 -9.817352649508639395e-01
3.276816361401966304e+00 2.103107478517463047e-01
3.283105836183927817e+00 -4.060293205795488802e-01
3.289395310965889330e+00 5.358679998513504739e-01
3.295684785747850842e+00 -5.457628620474004322e-01
3.301974260529812355e+00 9.363358704193247561e-02
3.308263735311773868e+00 -8.197137640718019647e-01
3.314553210093735380e+00 -2.260806196772691123e-02
3.320842684875696893e+00 6.268322366075040897e-01
3.327132159657658406e+00 3.677207948224460177e-01
3.333421634439619918e+00 -3.792851405493846695e-01
3.339711109221581431e+00 8.231097067198145378e-02
3.346000584003543388e+00 -8.004069597145817561e-01
3.352290058785504900e+00 1.088964867169737616e+00
3.358579533567466413e+00 -7.124721542640779504e-01
3.364869008349427926e+00 1.102154898695930640e-01
3.371158483131389438e+00 4.472921823451950774e-01
3.377447957913350951e+00 -5.750825540838024885e-01
3.383737432695312464e+00 3.316070981930996364e-02
3.390026907477273976e+00 5.042969059605104665e-01
3.396316382259235489e+00 2.518556725591742373e-01
3.402605857041197002e+00 3.885823270724286793e-02
3.408895331823158514e+00 -1.261108021600639839e-01
3.415184806605120027e+00 1.621000806449588438e+00
3.421474281387081540e+00 -2.624944951337674359e-01
3.427763756169043496e+00 1.449170934322386861e+00
3.434053230951005009e+00 1.111428598528099165e-01
3.440342705732966522e+00 -7.552577146908395767e-02
3.446632180514928034e+00 5.030784514932476470e-02
3.452921655296889547e+00 1.009278712624442353e-02
3.459211130078851060e+00 1.708001223681998582e-01
3.465500604860812572e+00 1.083681142864060698e+00
3.471790079642774085e+00 8.814017004768410768e-01
3.478079554424735598e+00 1.433602422791979247e+00
3.484369029206697110e+00 1.141394707119841812e+00
3.490658503988658623e+00 9.817942534584661596e-01
3.496947978770620136e+00 1.337272733538482861e+00
3.503237453552582092e+00 5.488725152255546913e-01
3.509526928334543605e+00 1.111432463803251558e+00
3.515816403116505118e+00 1.455763927879345054e+00
3.522105877898466630e+00 9.147337723340924764e-01
3.528395352680428143e+00 8.458314604268992731e-01
3.534684827462389656e+00 8.281641351976801735e-01
3.540974302244351168e+00 7.570015470173541150e-01
3.547263777026312681e+00 1.608373906012265486e+00
3.553553251808274194e+00 7.637368228908073542e-01
3.559842726590235706e+00 1.077913458126435797e+00
3.566132201372197219e+00 2.409167893748517919e+00
3.572421676154158732e+00 8.037805150791843545e-01
3.578711150936120244e+00 1.019320735436135550e+00
3.585000625718082201e+00 2.070680547530588722e+00
3.591290100500043714e+00 2.209215973015045353e+00
3.597579575282005226e+00 2.133620099820783267e+00
3.603869050063966739e+00 2.621683744762491663e+00
3.610158524845928252e+00 1.733742188895901037e+00
3.616447999627889764e+00 1.134605160865401752e+00
3.622737474409851277e+00 1.324103211024595828e+00
3.629026949191812790e+00 2.309884466461721964e+00
3.635316423973774302e+00 2.664552270193806915e+00
3.641605898755735815e+00 1.423465315507317586e+00
3.647895373537697328e+00 2.915600134908999053e+00
3.654184848319658840e+00 3.036687866376043488e+00
3.660474323101620353e+00 1.281538455440410562e+00
3.666763797883582310e+00 2.608462272253667447e+00
3.673053272665543822e+00 2.106184703255975066e+00
3.679342747447505335e+00 1.418950116128778305e+00
3.685632222229466848e+00 1.813277223273945138e+00
3.691921697011428360e+00 3.079924768791343581e+00
3.698211171793389873e+00 2.774177844782933278e+00
3.704500646575351386e+00 1.376402638867749273e+00
3.710790121357312898e+00 1.156368683783774332e+00
3.717079596139274411e+00 2.771259913372461803e+00
3.723369070921235924e+00 2.385603992032923948e+00
3.729658545703197436e+00 2.545204530306212298e+00
3.735948020485158949e+00 2.955117718026474272e+00
3.742237495267120462e+00 1.651741096943420972e+00
3.748526970049082419e+00 2.515253999767116611e+00
3.754816444831043931e+00 2.290624885477939188e+00
3.761105919613005444e+00 2.953496012177954988e+00
3.767395394394966956e+00 2.678155244591879036e+00
3.773684869176928469e+00 2.217393647608774998e+00
3.779974343958889982e+00 2.032553578679905382e+00
3.786263818740851494e+00 2.708864768930978606e+00
3.792553293522813007e+00 1.128152960383095760e+00
3.798842768304774520e+00 2.852594434590436379e+00
3.805132243086736032e+00 2.063452467598960283e+00
3.811421717868697545e+00 1.622737537621329107e+00
3.817711192650659058e+00 2.882868630482490424e+00
3.824000667432621015e+00 2.964459167132280193e+00
3.830290142214582527e+00 1.027586507188300136e+00
3.836579616996544040e+00 2.516542359175764965e+00
3.842869091778505553e+00 1.408458641232530395e+00
3.849158566560467065e+00 2.555733696269595345e+00
3.855448041342428578e+00 1.201971252226089248e+00
3.861737516124390091e+00 2.791462386299779830e+00
3.868026990906351603e+00 2.274670214602900309e+00
3.874316465688313116e+00 1.164089189752808284e+00
3.880605940470274628e+00 1.712105116049882358e+00
3.886895415252236141e+00 1.239344465518185778e+00
3.893184890034197654e+00 2.211029452704835752e+00
3.899474364816159166e+00 1.278289100118646271e+00
3.905763839598121123e+00 2.405783914670742707e+00
3.912053314380082636e+00 1.357461863257598988e+00
3.918342789162044149e+00 9.810707321208781417e-01
3.924632263944005661e+00 6.737048451015500428e-01
3.930921738725967174e+00 2.045864555348040348e+00
3.937211213507928687e+00 2.569256857323041210e+00
3.943500688289890199e+00 9.252583033777719290e-01
3.949790163071851712e+00 1.652280120431071975e+00
3.956079637853813225e+00 8.991655763630883591e-01
3.962369112635774737e+00 5.503065460494298566e-01
3.968658587417736250e+00 8.515009460038008848e-01
3.974948062199697763e+00 2.032606664239963834e+00
3.981237536981659275e+00 9.092976016356109081e-01
3.987527011763621232e+00 1.754231962767952790e+00
3.993816486545582745e+00 3.593581126481326105e-01
4.000105961327544257e+00 1.473356225978753375e+00
4.006395436109505326e+00 3.248473601172945369e-01
4.012684910891467283e+00 1.389255547385239931e+00
4.018974385673428351e+00 1.837424389570607275e+00
4.025263860455390308e+00 1.263858682590134119e+00
4.031553335237352265e+00 7.217689071165924730e-01
4.037842810019313333e+00 1.157924140405269114e-01
4.044132284801275290e+00 9.801155953064897286e-01
4.050421759583236359e+00 1.755375616763427127e+00
4.056711234365198315e+00 1.342885145833636829e+00
4.063000709147159384e+00 1.129644154407891898e+00
4.069290183929121341e+00 1.511612783919004999e+00
4.075579658711082409e+00 1.512898652653164255e+00
4.081869133493044366e+00 1.095134868060836597e+00
4.088158608275005435e+00 -8.512517772960359608e-02
4.094448083056967391e+00 3.796417910360048165e-01
4.100737557838928460e+00 1.810715933394750898e+00
4.107027032620890417e+00 6.928702838601117353e-01
4.113316507402852373e+00 2.468595614055631160e-01
4.119605982184813442e+00 2.470565794103759538e-01
4.125895456966775399e+00 1.457052116151843046e+00
4.132184931748736467e+00 1.552874112041602972e+00
4.138474406530698424e+00 1.929325023869470912e-01
4.144763881312659493e+00 1.291491440114095557e+00
4.151053356094621449e+00 7.026290809891208022e-01
4.157342830876582518e+00 1.480885989034739891e+00
4.163632305658544475e+00 4.755866676277589189e-01
4.169921780440505543e+00 -2.602994725426191480e-01
4.176211255222467500e+00 -5.697471425946748491e-02
4.182500730004428569e+00 1.036460592523843705e+00
4.188790204786390525e+00 1.886779510343636890e-01
4.195079679568352482e+00 9.795067423405339202e-01
4.201369154350313551e+00 3.299660345512233084e-01
4.207658629132275507e+00 7.841045787473497342e-01
4.213948103914236576e+00 1.136971726519513171e+00
4.220237578696198533e+00 1.871239631911776335e-01
4.226527053478159601e+00 1.328290097545431925e+00
4.232816528260121558e+00 2.441185067863497204e-01
4.239106003042082627e+00 1.309839410295186246e+00
4.245395477824044583e+00 1.253785687559081596e+00
4.251684952606005652e+00 1.399837822495451745e+00
4.257974427387967609e+00 -3.833078512481002953e-01
4.264263902169928677e+00 -3.831825699317619183e-01
4.270553376951890634e+00 -1.652377342619182343e-02
4.276842851733852591e+00 -3.535084731920551393e-01
4.283132326515813659e+00 2.267568452446560023e-01
4.289421801297775616e+00 9.301381272283406609e-01
4.295711276079736685e+00 3.000387503779549103e-01
4.302000750861698641e+00 4.553500888974721938e-01
4.308290225643659710e+00 7.847666479485082558e-01
4.314579700425621667e+00 -1.505953969200758413e-01
4.320869175207582735e+00 1.087410821366515457e+00
4.327158649989544692e+00 8.927557951207062414e-01
4.333448124771505761e+00 6.274008356165112765e-01
4.339737599553467717e+00 -2.440975365003591468e-01
4.346027074335428786e+00 6.035677973668108764e-01
4.352316549117390743e+00 1.109359762073886868e+00
4.358606023899352699e+00 2.685792253090207860e-01
4.364895498681313768e+00 1.081325292607698829e-01
4.371184973463275725e+00 1.019969831112676362e+00
4.377474448245236793e+00 7.740538260417316740e-01
4.383763923027198750e+00 9.084970145863853208e-01
4.390053397809159819e+00 -4.614618875971266965e-01
4.396342872591121775e+00 1.008768119872529789e+00
4.402632347373082844e+00 6.469291078870109679e-02
4.408921822155044801e+00 1.085128354579312893e+00
4.415211296937005869e+00 9.558887854585633725e-01
4.421500771718967826e+00 1.117774499145505640e+00
4.427790246500929783e+00 3.791442501963449008e-01
4.434079721282890851e+00 8.781669789180509555e-01
4.440369196064852808e+00 4.362684938599801221e-01
4.446658670846813877e+00 -2.080468803516553056e-01
4.452948145628775833e+00 1.213972080518954222e+00
4.459237620410736902e+00 -3.560538232864922659e-01
4.465527095192698859e+00 -4.448234203297788403e-01
4.471816569974659927e+00 1.231734794314792047e+00
4.478106044756621884e+00 6.822556120328817642e-01
4.484395519538582953e+00 1.196636019565860742e+00
4.490684994320544909e+00 1.133313344425079139e+00
4.496974469102505978e+00 1.294329261568561096e+00
4.503263943884467935e+00 -3.019985206885535955e-01
4.509553418666429891e+00 6.287419547091976924e-01
4.515842893448390960e+00 4.516794077354532311e-01
4.522132368230352917e+00 9.670083903883168741e-01
4.528421843012313985e+00 -2.533226578702902909e-01
4.534711317794275942e+00 1.433979594673852720e+00
4.541000792576237011e+00 -5.176627421989110633e-02
4.547290267358198967e+00 1.213132497362486406e+00
4.553579742140160036e+00 6.969100967405212899e-01
4.559869216922121993e+00 1.309738857959489078e+00
4.566158691704083061e+00 6.076943347899952386e-01
4.572448166486045018e+00 7.233688264061339801e-01
4.578737641268006087e+00 5.602209846940043869e-01
4.585027116049968043e+00 1.655342687179786498e+00
4.591316590831930000e+00 5.069814790101989654e-01
4.597606065613891069e+00 1.466284645972752543e+00
4.603895540395853025e+00 -1.510578431984651582e-01
4.610185015177814094e+00 1.575892005419881503e+00
4.616474489959776051e+00 1.232465811270864409e+00
4.622763964741737119e+00 1.394911693672538755e+00
4.629053439523699076e+00 8.969543618313893241e-01
4.635342914305660145e+00 7.243413570614513075e-01
4.641632389087622101e+00 -4.733908385556617748e-02
4.647921863869583170e+00 1.501712854148901100e-01
4.654211338651545127e+00 1.670383014529346122e+00
4.660500813433506195e+00 8.189602883356796870e-01
4.666790288215468152e+00 1.449735915874141412e+00
4.673079762997430109e+00 1.492043909403534485e+00
4.679369237779391177e+00 5.298063181261968291e-01
4.685658712561353134e+00 8.984769659511582240e-01
4.691948187343314203e+00 9.566239097467637009e-01
4.698237662125276159e+00 6.081743142983823125e-01
4.704527136907237228e+00 -5.777707059413272894e-02
4.710816611689199185e+00 3.145092156512202530e-01
4.717106086471160253e+00 -8.585300349530394781e-02
4.723395561253122210e+00 1.665192763903517337e+00
4.729685036035083279e+00 4.715437989966049792e-01
4.735974510817045235e+00 -2.094514473406182686e-01
4.742263985599006304e+00 1.012196676304581433e-01
4.748553460380968261e+00 1.601748882111373673e+00
4.754842935162930218e+00 1.321036957089543495e+00
4.761132409944891286e+00 8.508040315067244563e-04
4.767421884726853243e+00 -2.111104810043187285e-01
4.773711359508814311e+00 1.077217823782898876e+00
4.780000834290776268e+00 2.526152820148985789e-02
4.786290309072737337e+00 7.617283364594047423e-01
4.792579783854699293e+00 4.246299158173227339e-01
4.798869258636660362e+00 1.594537239895684744e+00
4.805158733418622319e+00 1.010844266856634754e-01
4.811448208200583387e+00 8.076966476463480760e-01
4.817737682982545344e+00 1.437402702791227838e-01
4.824027157764506413e+00 7.911459799956355177e-01
4.830316632546468369e+00 8.416052739108315084e-01
4.836606107328430326e+00 5.289389113787412722e-02
4.842895582110391395e+00 9.574435530832084984e-01
4.849185056892353352e+00 -3.433231818451237816e-01
4.855474531674314420e+00 4.623552957091755511e-01
4.861764006456276377e+00 -1.714788578134472385e-01
4.868053481238237445e+00 1.514788022262256728e-01
4.874342956020199402e+00 -3.687992672072463174e-01
4.880632430802160471e+00 1.202329470596068095e+00
4.886921905584122428e+00 -3.658681881243462941e-01
4.893211380366083496e+00 3.107230688877240521e-01
4.899500855148045453e+00 7.288459517247691810e-02
4.905790329930006521e+00 6.939227957496137966e-01
4.912079804711968478e+00 -2.348415811409920728e-02
4.918369279493930435e+00 9.925331670228183523e-01
4.924658754275891503e+00 1.045650961971102966e-01
4.930948229057853460e+00 8.019173114797562008e-02
4.937237703839814529e+00 6.326736608511145388e-01
4.943527178621776486e+00 -1.046189439299463064e-01
4.949816653403737554e+00 7.591016365768785690e-01
4.956106128185699511e+00 9.614134839044181646e-01
4.962395602967660579e+00 8.183652564358068204e-02
4.968685077749622536e+00 -1.881327794460289082e-01
4.974974552531583605e+00 6.074108326900800048e-01
4.981264027313545562e+00 1.228493551954384477e+00
4.987553502095506630e+00 7.638732392277601813e-01
4.993842976877468587e+00 1.132016027486667742e+00
5.000132451659430544e+00 7.674310282079406242e-01
5.006421926441391612e+00 3.464123609772533641e-01
5.012711401223353569e+00 1.174816752496748329e+00
5.019000876005314637e+00 1.584825547023629433e-01
5.025290350787276594e+00 9.003318145947791784e-02
5.031579825569237663e+00 1.740628151437055848e-01
5.037869300351199620e+00 -5.468348342690181330e-01
5.044158775133160688e+00 -4.581617474251690192e-01
5.050448249915122645e+00 1.099590014666311122e+00
5.056737724697083713e+00 2.991278564788467653e-01
5.063027199479045670e+00 -5.388534528236752497e-01
5.069316674261006739e+00 6.061596429307087863e-01
5.075606149042968696e+00 4.935950056709634826e-01
5.081895623824930652e+00 -7.484029601178683322e-01
5.088185098606891721e+00 -5.055785591934359724e-01
5.094474573388853678e+00 -4.576986946641553589e-01
5.100764048170814746e+00 4.882978167999258989e-01
5.107053522952776703e+00 -4.834755569154352006e-01
5.113342997734737772e+00 2.916308304499395376e-01
5.119632472516699728e+00 -4.928486740302655544e-01
5.125921947298660797e+00 -2.395647635245939933e-01
5.132211422080622754e+00 4.144707536745135812e-01
5.138500896862583822e+00 -6.054797048608804300e-01
5.144790371644545779e+00 2.527419107341818405e-01
5.151079846426506847e+00 6.563707839134222954e-01
5.157369321208468804e+00 8.619340087273699158e-01
5.163658795990430761e+00 -1.020858583340717995e-01
5.169948270772391830e+00 -1.372285109213483567e-01
5.176237745554353786e+00 1.744554717460677917e-02
5.182527220336314855e+00 1.359087343823897065e-01
5.188816695118276812e+00 4.167867679585729457e-01
5.195106169900237880e+00 1.991294337711878581e-01
5.201395644682199837e+00 8.554644332762086911e-01
5.207685119464160906e+00 -2.303904593579676474e-01
5.213974594246122862e+00 -4.172244089847274573e-01
5.220264069028083931e+00 -6.897487738197942697e-01
5.226553543810045888e+00 9.841320191639690851e-01
5.232843018592006956e+00 -5.555830527399798768e-01
5.239132493373968913e+00 3.570718715007514810e-02
5.245421968155930870e+00 5.417151667135697846e-01
5.251711442937891938e+00 7.659586559293873886e-01
5.258000917719853895e+00 -2.376545918329722173e-01
5.264290392501814964e+00 3.340283346932180208e-01
5.270579867283776920e+00 4.248605532644442739e-01
5.276869342065737989e+00 1.233303299998490532e+00
5.283158816847699946e+00 9.918081146208782561e-01
5.289448291629661014e+00 1.320913798672414874e+00
5.295737766411622971e+00 1.253056943618485741e+00
5.302027241193584040e+00 8.158704384846310331e-01
5.308316715975545996e+00 -2.727255320998785981e-01
5.314606190757507953e+00 6.034344239445936786e-01
5.320895665539469022e+00 1.149344658048392809e+00
5.327185140321430978e+00 9.536622952821474097e-01
5.333474615103392047e+00 -2.206106742464697956e-01
5.339764089885354004e+00 -2.494058577137021060e-01
5.346053564667315072e+00 -1.631265474665440363e-01
5.352343039449277029e+00 1.099500508211441518e+00
5.358632514231238098e+00 7.275959282493181801e-01
5.364921989013200054e+00 8.277539129682105479e-01
5.371211463795161123e+00 9.387593431587479831e-01
5.377500938577123080e+00 1.388563623554666560e+00
5.383790413359084148e+00 -1.047112877688598509e-01
5.390079888141046105e+00 1.267883205358126819e+00
5.396369362923008062e+00 -9.043346641858607260e-02
5.402658837704969130e+00 1.549986386250522319e+00
5.408948312486931087e+00 8.960900776048106309e-01
5.415237787268892156e+00 6.095899866104275144e-01
5.421527262050854112e+00 9.835106577844636710e-01
5.427816736832815181e+00 -1.443843022676222221e-02
5.434106211614777138e+00 8.130757210512192801e-01
5.440395686396738206e+00 5.777673610661839820e-01
5.446685161178700163e+00 1.923331350427940789e+00
5.452974635960661232e+00 9.902077539514657634e-01
5.459264110742623188e+00 8.116736517838897269e-01
5.465553585524584257e+00 9.982857202265114083e-01
5.471843060306546214e+00 1.415667338043143708e+00
5.478132535088508170e+00 8.238323346833209548e-01
5.484422009870469239e+00 3.302268762946773961e-01
5.490711484652431196e+00 2.193138722364825988e+00
5.497000959434392264e+00 1.036823738199480260e+00
5.503290434216354221e+00 2.041903567180435086e+00
5.509579908998315290e+00 9.322226947130302088e-01
5.515869383780277246e+00 2.098635421134743773e+00
5.522158858562238315e+00 1.880311265730059800e+00
5.528448333344200272e+00 5.327903566380070011e-01
5.534737808126161340e+00 7.757840114063666581e-01
5.541027282908123297e+00 1.332303650430085584e+00
5.547316757690084366e+00 1.631365081124020566e+00
5.553606232472046322e+00 2.413681314446841419e+00
5.559895707254008279e+00 2.184429548780901342e+00
5.566185182035969348e+00 1.573620274940514374e+00
5.572474656817931304e+00 2.090117118212618141e+00
5.578764131599892373e+00 2.555971634619961463e+00
5.585053606381854330e+00 1.331729044759324188e+00
5.591343081163815398e+00 1.583595272421022493e+00
5.597632555945777355e+00 1.390048278079793143e+00
5.603922030727738424e+00 1.053877664505024070e+00
5.610211505509700380e+00 1.141682263355266791e+00
5.616500980291661449e+00 1.068673789746523717e+00
5.622790455073623406e+00 2.336605537787528775e+00
5.629079929855584474e+00 2.669646049364800433e+00
5.635369404637546431e+00 2.507661988698464128e+00
5.641658879419508388e+00 2.632443754448191786e+00
5.647948354201469456e+00 1.762030251290653604e+00
5.654237828983431413e+00 2.158415097201410227e+00
5.660527303765392482e+00 1.685207726915339821e+00
5.666816778547354438e+00 1.743478188908584858e+00
5.673106253329315507e+00 2.069363279810264800e+00
5.679395728111277464e+00 1.724454081902462965e+00
5.685685202893238532e+00 1.425742967486751667e+00
5.691974677675200489e+00 7.457874884025940121e-01
5.698264152457161558e+00 2.006053288625651021e+00
5.704553627239123514e+00 1.514449734567403949e+00
5.710843102021084583e+00 1.332276173954600518e+00
5.717132576803046540e+00 1.646533742357356278e+00
5.723422051585008496e+00 1.786486913821994760e+00
5.729711526366969565e+00 8.425990345812983673e-01
5.736001001148931522e+00 1.478107980361890839e+00
5.742290475930892590e+00 2.509730806302694184e+00
5.748579950712854547e+00 1.070416270755869315e+00
5.754869425494815616e+00 2.263565773181041685e+00
5.761158900276777572e+00 2.353573321759598880e+00
5.767448375058738641e+00 2.156384036043650809e+00
5.773737849840700598e+00 1.601909681854295719e+00
5.780027324622661666e+00 9.483838749243089783e-01
5.786316799404623623e+00 9.201627228200062181e-01
5.792606274186584692e+00 1.214814167513138754e+00
5.798895748968546648e+00 7.851906942607572715e-01
5.805185223750508605e+00 1.781767381854430843e+00
5.811474698532469674e+00 1.387105316509043895e+00
5.817764173314431631e+00 1.216912356757640978e+00
5.824053648096392699e+00 2.377780235326933500e+00
5.830343122878354656e+00 9.933419133383833977e-01
5.836632597660315724e+00 1.344083120641599294e+00
5.842922072442277681e+00 2.039590488930432599e+00
5.849211547224238750e+00 2.159313144641560989e+00
5.855501022006200706e+00 2.198299217446016307e+00
5.861790496788161775e+00 1.295462982524903328e+00
5.868079971570123732e+00 2.222124290091527787e-01
5.874369446352084800e+00 1.812835913066980886e+00
5.880658921134046757e+00 5.887329299315098297e-01
5.886948395916008714e+00 8.252100901893602014e-01
5.893237870697969782e+00 8.444435017922637954e-01
5.899527345479931739e+00 1.532429506811303632e+00
5.905816820261892808e+00 1.584420683170329580e+00
5.912106295043854765e+00 6.839710822147602176e-01
5.918395769825815833e+00 1.414077903143137194e+00
5.924685244607777790e+00 1.703616810927390812e+00
5.930974719389738858e+00 3.953533759083638910e-01
5.937264194171700815e+00 -2.126721760025828134e-01
5.943553668953661884e+00 1.259929115314528669e+00
5.949843143735623840e+00 1.472978811622758899e+00
5.956132618517584909e+00 1.192239350011359056e+00
5.962422093299546866e+00 4.442075731622672774e-01
5.968711568081508823e+00 7.937945865133166912e-01
5.975001042863469891e+00 2.120133686247682725e-02
5.981290517645431848e+00 2.181996898368510074e-03
5.987579992427392916e+00 6.797106318912131684e-01
5.993869467209354873e+00 -2.595946280484984214e-02
6.000158941991315942e+00 6.105375399864148012e-01
6.006448416773277899e+00 1.535449409350180261e-01
6.012737891555238967e+00 -5.440507572966288841e-01
6.019027366337200924e+00 -7.086706498405006549e-01
6.025316841119161992e+00 -3.490177549883837216e-01
6.031606315901123949e+00 -4.316601867800140546e-02
6.037895790683085906e+00 -6.395589411167628136e-01
6.044185265465046974e+00 -5.821713267886232668e-01
6.050474740247008931e+00 2.461437660785013026e-01
6.056764215028970000e+00 7.933556925956859462e-01
6.063053689810931957e+00 -5.111071034465810570e-01
6.069343164592893025e+00 1.288385477990685590e-01
6.075632639374854982e+00 4.365788044021372549e-01
6.081922114156816050e+00 5.777254740803876576e-01
6.088211588938778007e+00 -8.535987882097462176e-01
6.094501063720739076e+00 3.946203107924957099e-01
6.100790538502701033e+00 -7.483764089047717505e-02
6.107080013284662101e+00 -1.238523496809948554e+00
6.113369488066624058e+00 -2.193891396718274933e-01
6.119658962848586015e+00 -1.221739042321714930e+00
6.125948437630547083e+00 -6.808395258897059765e-01
6.132237912412509040e+00 -8.575684778039072143e-02
6.138527387194470109e+00 -1.133813843870392857e+00
6.144816861976432065e+00 -1.146696261383079563e+00
6.151106336758393134e+00 1.959300393682326114e-01
6.157395811540355091e+00 -1.434812983183590962e-01
6.163685286322316159e+00 -9.930999097795971675e-01
6.169974761104278116e+00 -6.747083604824593017e-01
6.176264235886239184e+00 -1.184384678475140618e+00
6.182553710668201141e+00 -1.501516555399945219e+00
6.188843185450162210e+00 -1.637274540648711696e+00
6.195132660232124167e+00 -5.266196911815590465e-01
6.201422135014086123e+00 -1.883945873571376550e+00
6.207711609796047192e+00 -2.590840681555821590e-01
6.214001084578009149e+00 -1.429544319836886235e+00
6.220290559359970217e+00 -2.312124176463321579e-01
6.226580034141932174e+00 -9.852899822706311372e-01
6.232869508923893243e+00 -1.730340836263700277e+00
6.239158983705855199e+00 -1.678478342388386668e+00
6.245448458487816268e+00 -1.470130965807886936e+00
6.251737933269778225e+00 -8.514034569548722953e-01
6.258027408051739293e+00 -2.442064924000484361e-01
6.264316882833701250e+00 -2.119118657684946339e+00
6.270606357615662318e+00 -1.219698018050216604e+00
6.276895832397624275e+00 -9.212374206081279659e-01
6.283185307179586232e+00 -6.285109868252440890e-01
