0.000000000000000000e+00 1.148423375283284420e+00
6.289474781961547356e-03 5.924676912761486225e-01
1.257894956392309471e-02 6.127593318069604056e-01
1.886842434588464207e-02 2.670464899210026610e-01
2.515789912784618942e-02 5.674677722307481798e-01
3.144737390980773678e-02 2.727359883035155863e-01
3.773684869176928414e-02 -3.091952491225709032e-01
4.402632347373083149e-02 6.680061130657579671e-01
5.031579825569237885e-02 -1.048698875128586394e-01
5.660527303765392620e-02 5.412837980952379668e-01
6.289474781961547356e-02 -2.502965312816762822e-01
6.918422260157702786e-02 -1.545193133529787488e-01
7.547369738353856827e-02 9.817505168170839180e-01
8.176317216550010869e-02 1.387910254025399026e-01
8.805264694746166299e-02 1.077477458319003212e+00
9.434212172942321728e-02 2.111934821000631679e-01
1.006315965113847577e-01 6.953246907503800589e-01
1.069210712933462981e-01 7.554461601437935103e-01
1.132105460753078524e-01 -1.330043243129509500e-01
1.195000208572694067e-01 -1.540006920342891772e-01
1.257894956392309471e-01 9.214871079104796081e-01
1.320789704211924875e-01 1.306296535022954064e+00
1.383684452031540557e-01 -9.629269396682071935e-02
1.446579199851155961e-01 -2.877098584673714043e-01
1.509473947670771365e-01 1.357784447277470274e+00
1.572368695490386770e-01 3.322190479519793183e-01
1.635263443310002174e-01 -2.401027174682676124e-01
1.698158191129617856e-01 -2.565327307646484423e-01
1.761052938949233260e-01 1.451873241573826467e+00
1.823947686768848664e-01 1.601118130706314480e+00
1.886842434588464346e-01 1.473761207599704637e+00
1.949737182408079750e-01 -1.569413927049806423e-02
2.012631930227695154e-01 1.280249155386285365e+00
2.075526678047310558e-01 1.177344953524075866e+00
2.138421425866925962e-01 1.065848703946745024e+00
2.201316173686541644e-01 1.496539647719651533e+00
2.264210921506157048e-01 6.521627480247257358e-01
2.327105669325772452e-01 1.583585088307888578e+00
2.390000417145388134e-01 5.848713197285615450e-02
2.452895164965003538e-01 9.561566977377378151e-02
2.515789912784618942e-01 -1.908972075217587605e-01
2.578684660604234624e-01 -2.889128936012455573e-01
2.641579408423849751e-01 3.978152119502730288e-01
2.704474156243465433e-01 -3.138291720954498043e-01
2.767368904063081114e-01 1.479126003423412605e+00
2.830263651882696241e-01 2.385088002747673963e-01
2.893158399702311923e-01 5.957006671592413038e-01
2.956053147521927049e-01 1.235275215920147218e+00
3.018947895341542731e-01 7.678670105087668230e-01
3.081842643161158413e-01 8.197243777089431305e-01
3.144737390980773539e-01 1.519904189967793418e-01
3.207632138800389221e-01 8.108177643574919768e-01
3.270526886620004348e-01 1.266674062103638976e+00
3.333421634439620029e-01 -1.235468398174296434e-01
3.396316382259235711e-01 1.166897876129313172e+00
3.459211130078850838e-01 1.421099604525823290e+00
3.522105877898466519e-01 1.147793905889154198e+00
3.585000625718082201e-01 2.354951392986389669e-01
3.647895373537697328e-01 -1.513635589566961759e-01
3.710790121357313009e-01 -3.851949398049139273e-01
3.773684869176928691e-01 1.277276188302725268e+00
3.836579616996543818e-01 6.039276199456639072e-01
3.899474364816159500e-01 -4.607746121368669900e-01
3.962369112635774626e-01 1.140696262509237613e+00
4.025263860455390308e-01 -5.008749845501055953e-01
4.088158608275005990e-01 -2.806080170257158057e-01
4.151053356094621116e-01 9.937670202759480986e-01
4.213948103914236798e-01 -7.017079440442810512e-01
4.276842851733851925e-01 1.181626393654902962e+00
4.339737599553467606e-01 1.083770551498050461e+00
4.402632347373083288e-01 -3.921523700285125535e-01
4.465527095192698415e-01 -2.741383461252071552e-01
4.528421843012314096e-01 -1.483810094731583540e-01
4.591316590831929778e-01 4.360544258172291965e-01
4.654211338651544905e-01 -5.777399647623886469e-01
4.717106086471160586e-01 -3.507116441345546898e-01
4.780000834290776268e-01 -9.949495596883828341e-02
4.842895582110391395e-01 1.885575096345026846e-02
4.905790329930007077e-01 1.024157469377653396e+00
4.968685077749622203e-01 -6.311157629317636353e-01
5.031579825569237885e-01 3.084370101668763020e-01
5.094474573388853011e-01 8.232294764227670036e-01
5.157369321208469248e-01 -7.778756431783802050e-01
5.220264069028084375e-01 -6.616150488009520103e-01
5.283158816847699502e-01 3.209867373535795210e-01
5.346053564667315738e-01 9.372140511670590257e-02
5.408948312486930865e-01 -9.283587188005544277e-01
5.471843060306545992e-01 5.823284220618374363e-01
5.534737808126162228e-01 -7.283476527068508677e-01
5.597632555945777355e-01 -1.772275870871706793e-01
5.660527303765392482e-01 1.484497148579528858e-01
5.723422051585007608e-01 3.600978427967738149e-01
5.786316799404623845e-01 -5.138168626709638254e-02
5.849211547224238972e-01 7.720131284757441037e-01
5.912106295043854098e-01 -6.324055811892148604e-02
5.975001042863470335e-01 -1.490018346720085596e-01
6.037895790683085462e-01 -1.058774747407572603e+00
6.100790538502700588e-01 -3.450226032582419666e-01
6.163685286322316825e-01 5.999759190927649311e-01
6.226580034141931952e-01 -1.082682870509346529e+00
6.289474781961547079e-01 1.376649340022892964e-01
6.352369529781163315e-01 -4.453365132256592585e-01
6.415264277600778442e-01 2.528093304836001032e-01
6.478159025420393569e-01 -7.448156534925640671e-01
6.541053773240008695e-01 -5.123482200678783904e-01
6.603948521059624932e-01 -1.187560679890368620e+00
6.666843268879240059e-01 -1.156055883232728121e+00
6.729738016698855185e-01 -4.319366636385293390e-01
6.792632764518471422e-01 -6.005615203417034031e-01
6.855527512338086549e-01 -1.223733053326800935e-01
6.918422260157701675e-01 2.590806633758220290e-01
6.981317007977317912e-01 4.949489334769114901e-01
7.044211755796933039e-01 -9.115093828599702963e-01
7.107106503616548165e-01 -9.826759233119080061e-01
7.170001251436164402e-01 -2.321405553991899851e-01
7.232895999255779529e-01 -5.864827174124018772e-01
7.295790747075394655e-01 6.415006984311057980e-01
7.358685494895010892e-01 -1.219331010843877072e+00
7.421580242714626019e-01 -7.344018217839156648e-01
7.484474990534241146e-01 -8.813316365569106026e-01
7.547369738353857382e-01 -8.056969872743375838e-01
7.610264486173472509e-01 -4.389707461084080276e-01
7.673159233993087636e-01 7.367170577652035757e-01
7.736053981812702762e-01 -3.905246734637932704e-01
7.798948729632318999e-01 -7.341677083575051110e-01
7.861843477451934126e-01 2.071870633033203735e-01
7.924738225271549252e-01 6.334516307795574619e-01
7.987632973091165489e-01 -1.801684371561755871e-01
8.050527720910780616e-01 2.372583517460105096e-01
8.113422468730395742e-01 5.794873386382426439e-02
8.176317216550011979e-01 -7.553557496189124976e-01
8.239211964369627106e-01 -6.956771092321925032e-01
8.302106712189242232e-01 -5.844562854180590517e-01
8.365001460008858469e-01 -7.083315120973612267e-01
8.427896207828473596e-01 -2.474793152864674939e-01
8.490790955648088723e-01 -6.472984084591830722e-01
8.553685703467703849e-01 1.173713249253083291e-03
8.616580451287320086e-01 -1.379614547719483220e-01
8.679475199106935213e-01 7.121105596986898600e-01
8.742369946926550339e-01 1.572897029797843960e-01
8.805264694746166576e-01 -1.668947901304158599e-01
8.868159442565781703e-01 -4.762575587049870940e-01
8.931054190385396829e-01 -2.564636833243219005e-01
8.993948938205013066e-01 -5.459288521806303640e-01
9.056843686024628193e-01 -2.617444372022781351e-01
9.119738433844243319e-01 1.170980567562599939e+00
9.182633181663859556e-01 1.430779916509423044e+00
9.245527929483474683e-01 -3.116419770466207773e-01
9.308422677303089809e-01 2.275375651819210310e-01
9.371317425122706046e-01 1.412254582088070753e+00
9.434212172942321173e-01 -1.016130940008270755e-01
9.497106920761936300e-01 1.580634680217998245e+00
9.560001668581552536e-01 -1.855804263208917781e-01
9.622896416401167663e-01 8.546887103964990740e-01
9.685791164220782790e-01 2.153758054465786109e-01
9.748685912040397916e-01 1.392750509178845464e+00
9.811580659860014153e-01 8.923315208520878894e-01
9.874475407679629280e-01 1.083352845171796419e+00
9.937370155499244406e-01 1.804160173476246687e+00
1.000026490331886064e+00 1.447099199936794922e-01
1.006315965113847577e+00 1.790633302487504963e+00
1.012605439895809090e+00 1.395217666331101336e+00
1.018894914677770602e+00 1.629782274038335199e+00
1.025184389459732115e+00 1.200504065806209386e+00
1.031473864241693850e+00 1.217988492950095702e+00
1.037763339023655362e+00 1.949353899404091539e+00
1.044052813805616875e+00 5.468028103280742069e-01
1.050342288587578388e+00 1.782656349072813562e+00
1.056631763369539900e+00 1.795115049623320580e+00
1.062921238151501413e+00 1.123231737728227264e+00
1.069210712933463148e+00 1.887460797905816889e+00
1.075500187715424660e+00 8.228498707428326675e-01
1.081789662497386173e+00 9.413303653025899553e-01
1.088079137279347686e+00 1.125511872645846179e+00
1.094368612061309198e+00 1.931628808121712559e+00
1.100658086843270711e+00 1.292884692993842677e+00
1.106947561625232446e+00 7.197709323696761530e-01
1.113237036407193958e+00 7.069121809893090802e-01
1.119526511189155471e+00 2.466694225547553909e+00
1.125815985971116984e+00 2.663465992258519321e+00
1.132105460753078496e+00 2.589131417021192760e+00
1.138394935535040009e+00 1.518993810596979799e+00
1.144684410317001522e+00 2.308600518837018001e+00
1.150973885098963256e+00 1.017427578637945196e+00
1.157263359880924769e+00 1.361969145363856937e+00
1.163552834662886282e+00 2.054311635898513622e+00
1.169842309444847794e+00 1.620737082167190035e+00
1.176131784226809307e+00 1.482967931848173215e+00
1.182421259008770820e+00 2.181692434465497321e+00
1.188710733790732554e+00 1.884162301774677140e+00
1.195000208572694067e+00 2.700384172977750907e+00
1.201289683354655580e+00 1.721062283312950747e+00
1.207579158136617092e+00 1.782767601180148320e+00
1.213868632918578605e+00 1.908530932163018390e+00
1.220158107700540118e+00 1.249891247762943136e+00
1.226447582482501630e+00 1.845963033930767772e+00
1.232737057264463365e+00 2.811182259300343933e+00
1.239026532046424878e+00 1.576801683002063470e+00
1.245316006828386390e+00 2.576182293539226009e+00
1.251605481610347903e+00 1.413565286204821803e+00
1.257894956392309416e+00 2.561255127937232423e+00
1.264184431174270928e+00 2.378008915651179223e+00
1.270473905956232663e+00 2.637321615339228043e+00
1.276763380738194176e+00 1.796554835042320830e+00
1.283052855520155688e+00 2.090487069149725485e+00
1.289342330302117201e+00 2.476401561819721486e+00
1.295631805084078714e+00 2.492866979945525863e+00
1.301921279866040226e+00 3.056682661261391765e+00
1.308210754648001739e+00 2.557006230936837099e+00
1.314500229429963474e+00 1.239511432263311619e+00
1.320789704211924986e+00 3.008415281063419489e+00
1.327079178993886499e+00 1.641300496823043797e+00
1.333368653775848012e+00 1.541912229583422222e+00
1.339658128557809524e+00 2.389651499435442084e+00
1.345947603339771037e+00 1.338181329957220056e+00
1.352237078121732772e+00 1.718148995386443723e+00
1.358526552903694284e+00 2.920170512258827955e+00
1.364816027685655797e+00 2.460759110919229720e+00
1.371105502467617310e+00 1.438247344843099462e+00
1.377394977249578822e+00 2.920302758567219659e+00
1.383684452031540335e+00 9.885249677297451854e-01
1.389973926813502070e+00 2.838332786537669961e+00
1.396263401595463582e+00 9.477117809273276627e-01
1.402552876377425095e+00 1.023282865090539229e+00
1.408842351159386608e+00 1.753889565599743072e+00
1.415131825941348120e+00 1.241908517206915086e+00
1.421421300723309633e+00 1.108676840675016484e+00
1.427710775505271146e+00 1.109881065427883673e+00
1.434000250287232880e+00 1.297570400152696646e+00
1.440289725069194393e+00 1.165480755733000029e+00
1.446579199851155906e+00 1.845795604224546915e+00
1.452868674633117418e+00 7.888758245360047994e-01
1.459158149415078931e+00 2.458906757142169219e+00
1.465447624197040444e+00 1.520062443193144652e+00
1.471737098979002178e+00 1.103692082585741474e+00
1.478026573760963691e+00 1.134048595002178139e+00
1.484316048542925204e+00 1.292381476085975311e+00
1.490605523324886716e+00 1.464833144431931800e+00
1.496894998106848229e+00 1.857411904210825915e+00
1.503184472888809742e+00 7.160136457762447115e-01
1.509473947670771476e+00 1.321714137674353085e+00
1.515763422452732989e+00 2.252028488543912355e-01
1.522052897234694502e+00 4.168266901746826014e-01
1.528342372016656014e+00 1.398748346528060127e+00
1.534631846798617527e+00 3.238656053449867622e-01
1.540921321580579040e+00 5.964216455021362773e-01
1.547210796362540552e+00 1.271571607248966007e+00
1.553500271144502287e+00 3.243713782772723042e-01
1.559789745926463800e+00 1.786383333931069739e+00
1.566079220708425312e+00 1.406648925376322024e-02
1.572368695490386825e+00 1.395426524783653699e+00
1.578658170272348338e+00 5.840769989239066318e-01
1.584947645054309850e+00 1.688797564588951916e-01
1.591237119836271585e+00 1.125475029578926200e+00
1.597526594618233098e+00 1.081303210069152421e+00
1.603816069400194610e+00 1.422143690340346600e+00
1.610105544182156123e+00 1.022531559796276968e+00
1.616395018964117636e+00 -1.677315837270532128e-01
1.622684493746079148e+00 3.838456342226241880e-01
1.628973968528040661e+00 -5.307569105491397599e-01
1.635263443310002396e+00 7.533397216792858675e-01
1.641552918091963909e+00 -5.062310707208349525e-01
1.647842392873925421e+00 -8.359045661755706291e-01
1.654131867655886934e+00 6.578788702020226253e-01
1.660421342437848446e+00 8.696973288980673900e-01
1.666710817219809959e+00 4.273490326890785340e-01
1.673000292001771694e+00 1.946940876026383993e-01
1.679289766783733207e+00 -1.021291143973967142e+00
1.685579241565694719e+00 -5.490916540904307031e-01
1.691868716347656232e+00 -4.228774904037080340e-02
1.698158191129617745e+00 -5.716873649850644501e-01
1.704447665911579257e+00 -2.962711622631928332e-01
1.710737140693540770e+00 5.959395495202286508e-01
1.717026615475502505e+00 3.272768234206093751e-01
1.723316090257464017e+00 -1.009177950488653108e+00
1.729605565039425530e+00 4.436971013809334341e-01
1.735895039821387043e+00 -7.831969715088338280e-01
1.742184514603348555e+00 -4.505835866153897751e-01
1.748473989385310068e+00 4.810503608104665929e-02
1.754763464167271803e+00 2.455024506418692631e-01
1.761052938949233315e+00 -1.159648918895020087e+00
1.767342413731194828e+00 -4.718317140413617050e-01
1.773631888513156341e+00 -1.331299205706736100e+00
1.779921363295117853e+00 -4.904781104299771322e-01
1.786210838077079366e+00 -4.712693538701007157e-02
1.792500312859041101e+00 -1.466056982524158725e+00
1.798789787641002613e+00 -1.541426660809674720e+00
1.805079262422964126e+00 -1.432340116706304345e+00
1.811368737204925639e+00 -4.195638643094434794e-01
1.817658211986887151e+00 -2.284294221064140373e-01
1.823947686768848664e+00 -6.834029528663976283e-01
1.830237161550810177e+00 -9.813204697139799038e-02
1.836526636332771911e+00 -9.726160224925488595e-01
1.842816111114733424e+00 -1.309491920597458225e+00
1.849105585896694937e+00 -1.838617382683747525e+00
1.855395060678656449e+00 -1.087291414558138269e+00
1.861684535460617962e+00 -3.921125602526245313e-01
1.867974010242579475e+00 -1.558405624173068826e+00
1.874263485024541209e+00 -3.630328566856928507e-01
1.880552959806502722e+00 -6.725716029760515635e-01
1.886842434588464235e+00 -7.563082971598831250e-01
1.893131909370425747e+00 -7.205233828580943634e-01
1.899421384152387260e+00 -9.710857146416691510e-01
1.905710858934348773e+00 -6.891451141288356119e-01
1.912000333716310507e+00 -1.837165344059329408e+00
1.918289808498272020e+00 -4.908205115338710733e-01
1.924579283280233533e+00 -1.018108104906741307e+00
1.930868758062195045e+00 -1.528265099159376916e+00
1.937158232844156558e+00 -6.239718350687872839e-01
1.943447707626118071e+00 -1.836491361326611393e+00
1.949737182408079583e+00 -1.217114554133798654e+00
1.956026657190041318e+00 -1.732725034221586524e+00
1.962316131972002831e+00 2.678440592403408260e-02
1.968605606753964343e+00 -8.412897326563366640e-01
1.974895081535925856e+00 -5.425362553891166506e-01
1.981184556317887369e+00 -1.181964224137931785e+00
1.987474031099848881e+00 -1.064316465657455746e+00
1.993763505881810616e+00 -7.888547006560409081e-01
2.000052980663772129e+00 1.540590731721214190e-02
2.006342455445733641e+00 -9.992807389522455619e-01
2.012631930227695154e+00 -5.217807648190608827e-01
2.018921405009656667e+00 1.791970179066824098e-01
2.025210879791618179e+00 -1.057650385183508623e+00
2.031500354573579692e+00 -2.832938323926392776e-02
2.037789829355541205e+00 -1.404700610080425349e+00
2.044079304137502717e+00 2.777703435793055231e-01
2.050368778919464230e+00 -1.365796435017061938e+00
2.056658253701426187e+00 -8.417623762922792352e-01
2.062947728483387699e+00 -7.686551980860001354e-01
2.069237203265349212e+00 -6.361770458626765379e-01
2.075526678047310725e+00 -2.191399959767486028e-01
2.081816152829272237e+00 -6.795414830646182569e-01
2.088105627611233750e+00 -6.835436788753597170e-01
2.094395102393195263e+00 -1.236785554919794805e-03
2.100684577175156775e+00 9.412866505116508353e-01
2.106974051957118288e+00 2.299737022688309596e-01
2.113263526739079801e+00 3.295660973863935306e-01
2.119553001521041313e+00 8.405667708569646290e-01
2.125842476303002826e+00 -5.533309213705738250e-01
2.132131951084964339e+00 -3.931751860635974705e-01
2.138421425866926295e+00 -1.305064620239271278e-01
2.144710900648887808e+00 -3.746038189508669181e-01
2.151000375430849321e+00 1.157353661346306906e+00
2.157289850212810833e+00 6.818921832559490248e-01
2.163579324994772346e+00 9.362253077720172900e-01
2.169868799776733859e+00 1.403797595588171854e+00
2.176158274558695371e+00 3.220706814617162461e-01
2.182447749340656884e+00 1.412895271772052208e+00
2.188737224122618397e+00 5.851159785642321420e-01
2.195026698904579909e+00 1.207288590567374698e+00
2.201316173686541422e+00 1.310777773277464142e+00
2.207605648468502935e+00 4.771463139477627458e-01
2.213895123250464891e+00 3.403227878946408769e-01
2.220184598032426404e+00 1.149249350073601850e+00
2.226474072814387917e+00 2.052794538094065757e+00
2.232763547596349429e+00 2.033477743370884383e+00
2.239053022378310942e+00 7.512622304877296653e-01
2.245342497160272455e+00 5.239688278657992360e-01
2.251631971942233967e+00 4.536790989326487389e-01
2.257921446724195480e+00 2.052531537105159121e+00
2.264210921506156993e+00 1.158194554656364783e+00
2.270500396288118505e+00 1.928466092286323708e+00
2.276789871070080018e+00 1.901856996541507527e+00
2.283079345852041531e+00 1.284140984832109700e+00
2.289368820634003043e+00 2.672408425349034555e+00
2.295658295415965000e+00 2.619859514104033948e+00
2.301947770197926513e+00 1.191910030900958706e+00
2.308237244979888025e+00 2.447150690535745188e+00
2.314526719761849538e+00 3.000128749675508022e+00
2.320816194543811051e+00 2.625804578488176055e+00
2.327105669325772563e+00 2.293704864600884186e+00
2.333395144107734076e+00 2.301056047971689722e+00
2.339684618889695589e+00 1.826910501262364983e+00
2.345974093671657101e+00 1.482992186555930791e+00
2.352263568453618614e+00 1.847354819431599626e+00
2.358553043235580127e+00 2.567404501385217586e+00
2.364842518017541639e+00 3.275420761403652570e+00
2.371131992799503152e+00 2.105836685830012822e+00
2.377421467581465109e+00 1.827498982664017557e+00
2.383710942363426621e+00 2.758167146619081578e+00
2.390000417145388134e+00 1.620434961971608301e+00
2.396289891927349647e+00 3.351665664630771424e+00
2.402579366709311159e+00 2.913640474978741235e+00
2.408868841491272672e+00 3.113084751640162295e+00
2.415158316273234185e+00 2.486018426789196933e+00
2.421447791055195697e+00 3.607029781802249424e+00
2.427737265837157210e+00 3.719895748812207081e+00
2.434026740619118723e+00 3.063190223786278032e+00
2.440316215401080235e+00 2.538232600917692317e+00
2.446605690183041748e+00 2.540914420938642948e+00
2.452895164965003261e+00 2.947916314177859931e+00
2.459184639746965217e+00 2.928637967426189981e+00
2.465474114528926730e+00 2.138419541346392450e+00
2.471763589310888243e+00 2.940287176833028759e+00
2.478053064092849755e+00 3.022707004614266779e+00
2.484342538874811268e+00 2.625634641145423664e+00
2.490632013656772781e+00 2.783255420175279937e+00
2.496921488438734293e+00 2.497045457631718257e+00
2.503210963220695806e+00 2.644593203842730667e+00
2.509500438002657319e+00 3.484929426410389830e+00
2.515789912784618831e+00 3.194243647273807607e+00
2.522079387566580344e+00 2.879849717982900348e+00
2.528368862348541857e+00 2.529162480324162576e+00
2.534658337130503369e+00 2.182579991601933500e+00
2.540947811912465326e+00 3.570917101410518768e+00
2.547237286694426839e+00 2.005284076024060891e+00
2.553526761476388351e+00 2.106220260795417687e+00
2.559816236258349864e+00 3.485827947868572529e+00
2.566105711040311377e+00 2.112936785400579165e+00
2.572395185822272889e+00 2.634992455591637750e+00
2.578684660604234402e+00 2.832653166215092000e+00
2.584974135386195915e+00 3.651985308967001131e+00
2.591263610168157427e+00 3.408742646293398515e+00
2.597553084950118940e+00 3.409988584699535252e+00
2.603842559732080453e+00 1.739642111372898370e+00
2.610132034514041965e+00 1.951341961660555846e+00
2.616421509296003478e+00 1.867906426913701790e+00
2.622710984077965435e+00 2.110038311946628387e+00
2.629000458859926947e+00 2.680427690866842738e+00
2.635289933641888460e+00 1.673459887872296603e+00
2.641579408423849973e+00 2.198676993443867467e+00
2.647868883205811485e+00 2.610735356970535825e+00
2.654158357987772998e+00 3.039673919843781214e+00
2.660447832769734511e+00 3.409918650263994877e+00
2.666737307551696023e+00 2.915444096592568535e+00
2.673026782333657536e+00 2.545739880693325574e+00
2.679316257115619049e+00 1.795912963232392467e+00
2.685605731897580561e+00 1.502277615392341614e+00
2.691895206679542074e+00 1.622654778181230162e+00
2.698184681461504031e+00 1.287405383970832817e+00
2.704474156243465544e+00 3.082474086156056892e+00
2.710763631025427056e+00 1.675975701217634617e+00
2.717053105807388569e+00 2.193091868324039240e+00
2.723342580589350082e+00 1.628086211818093210e+00
2.729632055371311594e+00 1.226550159425796149e+00
2.735921530153273107e+00 1.783836919208296790e+00
2.742211004935234619e+00 1.404609131383932397e+00
2.748500479717196132e+00 1.248721231105752949e+00
2.754789954499157645e+00 1.283529579281194710e+00
2.761079429281119157e+00 6.281385039088788202e-01
2.767368904063080670e+00 2.493276896606944071e+00
2.773658378845042183e+00 8.434393175469971915e-01
2.779947853627004140e+00 2.026553583866518071e+00
2.786237328408965652e+00 4.617350943928769103e-01
2.792526803190927165e+00 9.117964045299642439e-01
2.798816277972888678e+00 7.378030133607187402e-01
2.805105752754850190e+00 1.020683490322086051e+00
2.811395227536811703e+00 8.049615709988291457e-01
2.817684702318773216e+00 2.020030823330710490e+00
2.823974177100734728e+00 1.796534710476420937e-01
2.830263651882696241e+00 1.853019222430497992e+00
2.836553126664657754e+00 2.097279934953902580e-01
2.842842601446619266e+00 1.649402073457570062e+00
2.849132076228580779e+00 1.660386187490876964e+00
2.855421551010542291e+00 -2.352988824618826302e-01
2.861711025792504248e+00 8.039255183223362744e-01
2.868000500574465761e+00 -3.819455187612180169e-01
2.874289975356427274e+00 1.417032629363633722e+00
2.880579450138388786e+00 -4.154880816437186430e-01
2.886868924920350299e+00 1.064026007333333634e+00
2.893158399702311812e+00 1.240938799830790362e+00
2.899447874484273324e+00 5.758448394460238262e-01
2.905737349266234837e+00 1.412302387668039616e-01
2.912026824048196350e+00 -1.471317925202066945e-01
2.918316298830157862e+00 2.476187979116417637e-02
2.924605773612119375e+00 -4.058959543672625569e-01
2.930895248394080888e+00 -3.240618809914708187e-02
2.937184723176042400e+00 9.397279713437991511e-01
2.943474197958004357e+00 -8.299893018891575380e-01
2.949763672739965870e+00 -5.244545069102390933e-02
2.956053147521927382e+00 -6.077995439938266298e-01
2.962342622303888895e+00 8.269799716931247602e-02
2.968632097085850408e+00 -3.616976913048837172e-01
2.974921571867811920e+00 -9.118207755926150959e-01
2.981211046649773433e+00 -7.689148376865961865e-04
2.987500521431734946e+00 4.452305808884975402e-01
2.993789996213696458e+00 -1.219928016364120626e+00
3.000079470995657971e+00 -9.303855902264333011e-01
3.006368945777619484e+00 5.355022837413527803e-01
3.012658420559580996e+00 -5.234835503452888172e-01
3.018947895341542953e+00 -6.905710525179742376e-01
3.025237370123504466e+00 -1.227023252646261220e+00
3.031526844905465978e+00 -1.320788274635045667e+00
3.037816319687427491e+00 -1.344555928543859302e+00
3.044105794469389004e+00 4.548982408955626333e-02
3.050395269251350516e+00 -2.206892725997344762e-02
3.056684744033312029e+00 -1.397290634648416852e+00
3.062974218815273542e+00 3.308316735706922085e-01
3.069263693597235054e+00 2.694150779083213099e-01
3.075553168379196567e+00 -5.963073685903415022e-01
3.081842643161158080e+00 -2.989711370104641830e-01
3.088132117943119592e+00 -1.532886513272275764e+00
3.094421592725081105e+00 -1.604701538304515118e+00
3.100711067507043062e+00 -1.318895149058078919e+00
3.107000542289004574e+00 1.626927337972432497e-01
3.113290017070966087e+00 -5.097597941983456060e-01
3.119579491852927600e+00 -5.577770747839350118e-01
3.125868966634889112e+00 -7.319070666797080627e-01
3.132158441416850625e+00 -9.360078763182626549e-01
3.138447916198812138e+00 -1.281271963682276249e+00
3.144737390980773650e+00 -1.062747423489076581e+00
3.151026865762735163e+00 -6.287703475493895411e-01
3.157316340544696676e+00 -1.260060062886174670e+00
3.163605815326658188e+00 -1.241353797943427484e+00
3.169895290108619701e+00 2.173339553635060817e-01
3.176184764890581214e+00 -1.194023541433436586e+00
3.182474239672543170e+00 -7.777837934294840050e-01
3.188763714454504683e+00 1.152867418341552153e-01
3.195053189236466196e+00 -1.292283171238177708e-01
3.201342664018427708e+00 -4.717099280355048219e-01
3.207632138800389221e+00 -1.214952351443708611e+00
3.213921613582350734e+00 -1.479818245401538279e+00
3.220211088364312246e+00 -2.564925260696639953e-01
3.226500563146273759e+00 -3.010826637476364809e-01
3.232790037928235272e+00 -3.219443862229058873e-01
3.239079512710196784e+00 -4.235290998820784303e-01
3.245368987492158297e+00 -2.319255400718329696e-01
3.251658462274119810e+00 -9.256773155096806871e-01
3.257947937056081322e+00 -2.612893011668513399e-01
3.264237411838043279e+00 -1.336590483729829248e+00
3.270526886620004792e+00 5.040874219157902569e-01
3.276816361401966304e+00 -9.441784543123610263e-03
3.283105836183927817e+00 -8.629902683329582214e-01
3.289395310965889330e+00 -8.496230702449605321e-01
3.295684785747850842e+00 3.960918875493457669e-02
3.301974260529812355e+00 2.615468318822185001e-01
3.308263735311773868e+00 -1.998543670914558756e-01
3.314553210093735380e+00 -4.346045877223534415e-01
3.320842684875696893e+00 -5.419047924715680864e-01
3.327132159657658406e+00 -4.816648837582083731e-01
3.333421634439619918e+00 1.941688570908339795e-01
3.339711109221581431e+00 7.490742441205110458e-01
3.346000584003543388e+00 4.349435385327899972e-01
3.352290058785504900e+00 6.937295385488226884e-01
3.358579533567466413e+00 5.569094192528618592e-01
3.364869008349427926e+00 -6.460808906879014213e-01
3.371158483131389438e+00 1.144126319942616377e+00
3.377447957913350951e+00 4.228124147117935383e-01
3.383737432695312464e+00 8.718709965512535520e-01
3.390026907477273976e+00 1.492089892131805984e+00
3.396316382259235489e+00 1.036735483449292561e+00
3.402605857041197002e+00 8.411916156314152015e-01
3.408895331823158514e+00 5.010097698080745454e-01
3.415184806605120027e+00 8.695530238706959958e-01
3.421474281387081540e+00 6.427229779950532906e-01
3.427763756169043496e+00 1.133306900052232669e+00
3.434053230951005009e+00 8.876375541173544548e-01
3.440342705732966522e+00 1.335870501685573197e+00
3.446632180514928034e+00 1.424835024116430704e+00
3.452921655296889547e+00 2.072151605922339102e-01
3.459211130078851060e+00 6.871487966457803243e-01
3.465500604860812572e+00 1.990250866136983987e+00
3.471790079642774085e+00 1.524831697846682266e+00
3.478079554424735598e+00 1.962974377341728527e+00
3.484369029206697110e+00 1.277815590840022608e+00
3.490658503988658623e+00 3.952155555807327358e-01
3.496947978770620136e+00 7.173129298876643745e-01
3.503237453552582092e+00 2.170438364701516853e+00
3.509526928334543605e+00 1.729298661013106697e+00
3.515816403116505118e+00 2.153258207200181573e+00
3.522105877898466630e+00 4.524236978471572468e-01
3.528395352680428143e+00 1.297291140980327606e+00
3.534684827462389656e+00 1.844155897992403315e+00
3.540974302244351168e+00 8.444556383903871755e-01
3.547263777026312681e+00 1.914391277910681977e+00
3.553553251808274194e+00 1.895769009491339308e+00
3.559842726590235706e+00 1.761966603676635046e+00
3.566132201372197219e+00 7.128218146598784832e-01
3.572421676154158732e+00 8.616074962055280118e-01
3.578711150936120244e+00 2.591331713519759106e+00
3.585000625718082201e+00 1.144743734358635745e+00
3.591290100500043714e+00 1.285675560916420102e+00
3.597579575282005226e+00 1.428570223962760011e+00
3.603869050063966739e+00 1.912280254598085705e+00
3.610158524845928252e+00 1.331673958850844386e+00
3.616447999627889764e+00 2.636721853710318975e+00
3.622737474409851277e+00 1.064706530863144485e+00
3.629026949191812790e+00 2.015233954898216773e+00
3.635316423973774302e+00 2.575673622061012136e+00
3.641605898755735815e+00 2.269102106979802080e+00
3.647895373537697328e+00 1.608307263339499471e+00
3.654184848319658840e+00 2.422391600356781360e+00
3.660474323101620353e+00 2.196751397964280983e+00
3.666763797883582310e+00 1.396108514052862848e+00
3.673053272665543822e+00 2.461254169211514409e+00
3.679342747447505335e+00 2.912036984038437026e+00
3.685632222229466848e+00 1.454872824163959244e+00
3.691921697011428360e+00 2.540451016270288243e+00
3.698211171793389873e+00 1.950660311368725530e+00
3.704500646575351386e+00 2.881829413150418517e+00
3.710790121357312898e+00 1.989207763625270076e+00
3.717079596139274411e+00 1.293049403635127659e+00
3.723369070921235924e+00 2.487567229775148103e+00
3.729658545703197436e+00 2.456691919998125417e+00
3.735948020485158949e+00 2.709596593739722614e+00
3.742237495267120462e+00 1.949653522940842487e+00
3.748526970049082419e+00 3.047616668566181630e+00
3.754816444831043931e+00 2.358267848443131864e+00
3.761105919613005444e+00 2.675176193313163697e+00
3.767395394394966956e+00 2.504998256306119941e+00
3.773684869176928469e+00 1.479568950464817512e+00
3.779974343958889982e+00 2.319002628686256173e+00
3.786263818740851494e+00 1.728393801396304053e+00
3.792553293522813007e+00 2.143013585817076905e+00
3.798842768304774520e+00 2.989199763137791788e+00
3.805132243086736032e+00 2.566692074698438297e+00
3.811421717868697545e+00 1.556141802493116622e+00
3.817711192650659058e+00 2.687601513876259229e+00
3.824000667432621015e+00 1.806994689595250447e+00
3.830290142214582527e+00 1.119023906213235442e+00
3.836579616996544040e+00 2.518785123057626585e+00
3.842869091778505553e+00 1.861806277044329105e+00
3.849158566560467065e+00 2.701855991296877590e+00
3.855448041342428578e+00 1.274248077306786353e+00
3.861737516124390091e+00 1.295479072886941863e+00
3.868026990906351603e+00 1.321722830426214079e+00
3.874316465688313116e+00 2.695887926405776458e+00
3.880605940470274628e+00 1.578742641166070548e+00
3.886895415252236141e+00 1.738076233051401687e+00
3.893184890034197654e+00 2.021139871784754849e+00
3.899474364816159166e+00 1.441956409773414993e+00
3.905763839598121123e+00 2.070675810705906006e+00
3.912053314380082636e+00 2.529712638160663829e+00
3.918342789162044149e+00 1.201204591515136144e+00
3.924632263944005661e+00 1.141935378305420912e+00
3.930921738725967174e+00 1.554985495697606357e+00
3.937211213507928687e+00 1.554651329004740790e+00
3.943500688289890199e+00 1.272663171772741464e+00
3.949790163071851712e+00 1.189180331025223136e+00
3.956079637853813225e+00 2.105651023306882141e+00
3.962369112635774737e+00 6.370896228899909364e-01
3.968658587417736250e+00 1.109952088795410852e+00
3.974948062199697763e+00 2.159357435139620307e+00
3.981237536981659275e+00 1.088046903226017603e+00
3.987527011763621232e+00 9.939965628883130622e-01
3.993816486545582745e+00 1.650566918598879163e+00
4.000105961327544257e+00 1.571135635380328743e+00
4.006395436109505326e+00 1.038669470706939046e+00
4.012684910891467283e+00 1.084336548641208875e+00
4.018974385673428351e+00 2.038002436002074980e+00
4.025263860455390308e+00 5.123032855861140433e-01
4.031553335237352265e+00 2.024338095613563482e+00
4.037842810019313333e+00 2.482261937513426386e-01
4.044132284801275290e+00 1.568991141900661690e+00
4.050421759583236359e+00 4.680513261195033969e-01
4.056711234365198315e+00 1.958274361473312242e+00
4.063000709147159384e+00 1.458167810385223806e+00
4.069290183929121341e+00 1.949053699974579557e+00
4.075579658711082409e+00 1.532780401716175467e+00
4.081869133493044366e+00 1.873027095473477122e+00
4.088158608275005435e+00 4.178981574340225880e-01
4.094448083056967391e+00 4.057882872418678843e-01
4.100737557838928460e+00 1.606408731245878130e+00
4.107027032620890417e+00 1.520775005305326610e+00
4.113316507402852373e+00 1.762981635191504193e+00
4.119605982184813442e+00 -9.935859820220793726e-02
4.125895456966775399e+00 3.667776674001965720e-01
4.132184931748736467e+00 1.088850987125335568e+00
4.138474406530698424e+00 1.049212146343838858e+00
4.144763881312659493e+00 1.533657970705857299e+00
4.151053356094621449e+00 1.180575904895971640e+00
4.157342830876582518e+00 3.083632243574003229e-01
4.163632305658544475e+00 5.947053266255220016e-01
4.169921780440505543e+00 1.307842770280847722e+00
4.176211255222467500e+00 1.340720983165869518e+00
4.182500730004428569e+00 4.706231267772825744e-01
4.188790204786390525e+00 9.528063374581918765e-01
4.195079679568352482e+00 1.410713168894271341e+00
4.201369154350313551e+00 8.470402704543190664e-01
4.207658629132275507e+00 8.884129833687419708e-01
4.213948103914236576e+00 1.256977882929503076e+00
4.220237578696198533e+00 1.040792657703216717e+00
4.226527053478159601e+00 5.244087765805904855e-01
4.232816528260121558e+00 8.788250108322953613e-01
4.239106003042082627e+00 7.681702411052666601e-01
4.245395477824044583e+00 -1.184135228643019566e-01
4.251684952606005652e+00 -2.210026536892106819e-01
4.257974427387967609e+00 7.748665474537219655e-01
4.264263902169928677e+00 3.473887125931223174e-01
4.270553376951890634e+00 6.629944126144662331e-01
4.276842851733852591e+00 -5.667849850666500933e-01
4.283132326515813659e+00 1.278761782298138971e+00
4.289421801297775616e+00 9.102791733417781028e-01
4.295711276079736685e+00 -2.480696916044571321e-01
4.302000750861698641e+00 9.398437397532855009e-02
4.308290225643659710e+00 1.240630726379719384e+00
4.314579700425621667e+00 4.379156430392561195e-02
4.320869175207582735e+00 6.594667720736783201e-01
4.327158649989544692e+00 4.384201209742447647e-01
4.333448124771505761e+00 4.963282720666106762e-01
4.339737599553467717e+00 -2.949786271212008204e-01
4.346027074335428786e+00 3.654468313027668946e-01
4.352316549117390743e+00 9.827561626807155282e-01
4.358606023899352699e+00 4.867948249605099642e-01
4.364895498681313768e+00 -5.461884929324866134e-01
4.371184973463275725e+00 2.168095703439214539e-01
4.377474448245236793e+00 6.699561284873237765e-01
4.383763923027198750e+00 3.227936628514758155e-01
4.390053397809159819e+00 -5.285954639012796497e-01
4.396342872591121775e+00 1.118764600373211238e+00
4.402632347373082844e+00 -2.016795760335976517e-01
4.408921822155044801e+00 9.510872606292730680e-01
4.415211296937005869e+00 -3.644776391766553214e-01
4.421500771718967826e+00 1.147526022714703497e+00
4.427790246500929783e+00 1.004886818936869597e+00
4.434079721282890851e+00 -3.576073991792413365e-01
4.440369196064852808e+00 -1.890726905452537743e-01
4.446658670846813877e+00 6.154286864530675860e-01
4.452948145628775833e+00 1.404269089756272404e+00
4.459237620410736902e+00 2.867329452575106963e-02
4.465527095192698859e+00 -1.971471176156990301e-01
4.471816569974659927e+00 4.142517584267479958e-02
4.478106044756621884e+00 1.653902373102433820e-02
4.484395519538582953e+00 -3.857808414764711813e-01
4.490684994320544909e+00 9.661762466162465701e-02
4.496974469102505978e+00 1.118003736718753416e+00
4.503263943884467935e+00 6.512919867754010106e-01
4.509553418666429891e+00 2.001983889234273950e-01
4.515842893448390960e+00 1.010118314246803095e+00
4.522132368230352917e+00 1.214688224900690949e+00
4.528421843012313985e+00 1.952699757017777316e-01
4.534711317794275942e+00 7.845088480118567187e-02
4.541000792576237011e+00 -2.434974095573566588e-01
4.547290267358198967e+00 1.567663136989166039e+00
4.553579742140160036e+00 1.221911462168897566e+00
4.559869216922121993e+00 2.814986599604465400e-01
4.566158691704083061e+00 3.187087590950237748e-01
4.572448166486045018e+00 4.094815903774073895e-02
4.578737641268006087e+00 1.471444846238477044e+00
4.585027116049968043e+00 1.167531503826444883e+00
4.591316590831930000e+00 1.248624224058875409e+00
4.597606065613891069e+00 7.292810334540077433e-01
4.603895540395853025e+00 1.055829639423162103e+00
4.610185015177814094e+00 1.298961736473573936e-01
4.616474489959776051e+00 -1.993282664637424095e-01
4.622763964741737119e+00 1.710895346783512627e+00
4.629053439523699076e+00 7.112334186090665256e-01
4.635342914305660145e+00 1.879092779284928794e-01
4.641632389087622101e+00 7.306071259858691880e-01
4.647921863869583170e+00 1.248600654351214034e-01
4.654211338651545127e+00 5.280356037398004077e-02
4.660500813433506195e+00 8.689623587786294845e-01
4.666790288215468152e+00 4.389283665317391669e-01
4.673079762997430109e+00 1.462855418790915518e+00
4.679369237779391177e+00 1.138877460057088342e+00
4.685658712561353134e+00 2.223585100526939695e-01
4.691948187343314203e+00 -1.201177957423314180e-01
4.698237662125276159e+00 1.303094281822882339e+00
4.704527136907237228e+00 7.319511728725960342e-01
4.710816611689199185e+00 7.190020547641405857e-01
4.717106086471160253e+00 1.116928475309846291e+00
4.723395561253122210e+00 -6.132716248692865468e-02
4.729685036035083279e+00 2.093276932773793786e-01
4.735974510817045235e+00 5.848386799173227457e-01
4.742263985599006304e+00 7.168925891522792693e-01
4.748553460380968261e+00 9.570953207100401094e-01
4.754842935162930218e+00 1.276647771083053939e+00
4.761132409944891286e+00 4.508743066452347570e-02
4.767421884726853243e+00 2.104594392303351658e-01
4.773711359508814311e+00 2.140617606435540332e-01
4.780000834290776268e+00 1.295706992995574236e+00
4.786290309072737337e+00 4.344819703389524168e-01
4.792579783854699293e+00 9.365324755844097737e-01
4.798869258636660362e+00 1.453823214224848059e-01
4.805158733418622319e+00 -1.944885243997138136e-01
4.811448208200583387e+00 -1.999196194068908472e-01
4.817737682982545344e+00 7.000622799095244098e-01
4.824027157764506413e+00 -3.192542467317125987e-01
4.830316632546468369e+00 -7.236366811143629674e-02
4.836606107328430326e+00 6.918702143306866281e-01
4.842895582110391395e+00 -1.314544152084543560e-01
4.849185056892353352e+00 2.705594559702267921e-01
4.855474531674314420e+00 -1.218722605125853731e-01
4.861764006456276377e+00 1.139654383850878805e+00
4.868053481238237445e+00 -3.948660271363033658e-01
4.874342956020199402e+00 3.839889123713883246e-01
4.880632430802160471e+00 4.345754744849085749e-01
4.886921905584122428e+00 4.260478500615566544e-01
4.893211380366083496e+00 1.306818932238115627e+00
4.899500855148045453e+00 -5.048856490678554909e-02
4.905790329930006521e+00 1.483489412616458836e+00
4.912079804711968478e+00 1.013698000471325855e+00
4.918369279493930435e+00 1.168802622427513649e+00
4.924658754275891503e+00 5.331353960143896398e-01
4.930948229057853460e+00 8.622531640304778033e-01
4.937237703839814529e+00 1.057345889423428886e-01
4.943527178621776486e+00 1.331630945393369236e+00
4.949816653403737554e+00 2.412472801088227925e-02
4.956106128185699511e+00 4.063340843048202089e-01
4.962395602967660579e+00 3.654069221190936467e-01
4.968685077749622536e+00 8.293466071378474691e-02
4.974974552531583605e+00 2.319463569033652917e-01
4.981264027313545562e+00 1.369288289772385703e-02
4.987553502095506630e+00 -1.264320153557926263e-01
4.993842976877468587e+00 -2.239144637899290746e-01
5.000132451659430544e+00 5.717469957077869758e-02
5.006421926441391612e+00 1.247022330197312012e+00
5.012711401223353569e+00 7.482523246101212555e-01
5.019000876005314637e+00 2.738575495442541197e-03
5.025290350787276594e+00 6.614457329898464355e-01
5.031579825569237663e+00 7.604643467252498734e-01
5.037869300351199620e+00 6.847601438749773006e-01
5.044158775133160688e+00 -3.305504138771031553e-02
5.050448249915122645e+00 3.556496682623102590e-01
5.056737724697083713e+00 4.610238967591459014e-01
5.063027199479045670e+00 3.106677410200628930e-01
5.069316674261006739e+00 -1.652795553376518178e-01
5.075606149042968696e+00 9.066424795673677650e-01
5.081895623824930652e+00 -7.384085104641224806e-01
5.088185098606891721e+00 -2.531838405264993375e-01
5.094474573388853678e+00 7.225689932943840654e-01
5.100764048170814746e+00 -1.742729834038241332e-01
5.107053522952776703e+00 -2.914803372206324905e-01
5.113342997734737772e+00 -1.836755775268881230e-01
5.119632472516699728e+00 -3.266033598879241051e-01
5.125921947298660797e+00 -4.588914290893529868e-01
5.132211422080622754e+00 5.813990822860037877e-01
5.138500896862583822e+00 -4.640520027623249444e-01
5.144790371644545779e+00 -7.232982949690972552e-01
5.151079846426506847e+00 5.395881689893891053e-01
5.157369321208468804e+00 1.133879444196892683e+00
5.163658795990430761e+00 4.476936189420712697e-01
5.169948270772391830e+00 1.051177898371632446e-01
5.176237745554353786e+00 6.028110181385716304e-01
5.182527220336314855e+00 6.617915854731419856e-01
5.188816695118276812e+00 -2.448707926806586999e-01
5.195106169900237880e+00 -3.527228905835234629e-01
5.201395644682199837e+00 -4.000498671123526861e-01
5.207685119464160906e+00 3.472516895493865663e-01
5.213974594246122862e+00 -3.468295964304914936e-01
5.220264069028083931e+00 -3.382342367339690181e-01
5.226553543810045888e+00 1.252108879337711755e+00
5.232843018592006956e+00 -2.657950264002997276e-01
5.239132493373968913e+00 1.247986366187360030e+00
5.245421968155930870e+00 -4.398922274972589808e-01
5.251711442937891938e+00 4.220371038953885101e-01
5.258000917719853895e+00 1.318526480404508483e+00
5.264290392501814964e+00 -6.349570087629816673e-01
5.270579867283776920e+00 1.232452327235779910e+00
5.276869342065737989e+00 1.572128467074094260e-01
5.283158816847699946e+00 -4.030470187232092494e-01
5.289448291629661014e+00 1.950291894516593683e-01
5.295737766411622971e+00 2.454276817249032572e-01
5.302027241193584040e+00 1.133650282651898600e+00
5.308316715975545996e+00 1.245935074512455998e+00
5.314606190757507953e+00 -4.303757882781106270e-02
5.320895665539469022e+00 1.658129211049775842e-01
5.327185140321430978e+00 2.810529108553345701e-01
5.333474615103392047e+00 1.436493429052413173e+00
5.339764089885354004e+00 9.476481373352871884e-01
5.346053564667315072e+00 7.926036024197042895e-01
5.352343039449277029e+00 -1.497321361789975547e-01
5.358632514231238098e+00 1.123826657084066483e+00
5.364921989013200054e+00 6.676396387415262090e-01
5.371211463795161123e+00 1.626850648842395497e+00
5.377500938577123080e+00 8.906018234880858087e-01
5.383790413359084148e+00 1.356008144932499659e+00
5.390079888141046105e+00 1.551201888460551626e+00
5.396369362923008062e+00 1.085731018764780842e+00
5.402658837704969130e+00 7.291877937601418669e-01
5.408948312486931087e+00 2.758925532925191604e-01
5.415237787268892156e+00 1.150103927293207318e-01
5.421527262050854112e+00 8.848895528629765472e-01
5.427816736832815181e+00 2.241362358132227839e-01
5.434106211614777138e+00 1.217605426347486031e+00
5.440395686396738206e+00 4.345812484791902741e-01
5.446685161178700163e+00 1.099042928450940870e+00
5.452974635960661232e+00 8.183985983300354761e-01
5.459264110742623188e+00 5.177042127884775580e-01
5.465553585524584257e+00 1.082266895359958125e+00
5.471843060306546214e+00 1.276731448481424946e+00
5.478132535088508170e+00 2.137127851688209290e+00
5.484422009870469239e+00 1.296743283306027950e+00
5.490711484652431196e+00 8.428156383169279620e-01
5.497000959434392264e+00 8.105212247530804159e-01
5.503290434216354221e+00 1.851090195272664829e+00
5.509579908998315290e+00 9.579212249132317281e-01
5.515869383780277246e+00 2.181816017908223326e+00
5.522158858562238315e+00 1.223229247432143785e+00
5.528448333344200272e+00 7.365414181736633648e-01
5.534737808126161340e+00 6.060646411937057332e-01
5.541027282908123297e+00 1.411572957647560411e+00
5.547316757690084366e+00 1.519752013660042866e+00
5.553606232472046322e+00 6.558297386902527393e-01
5.559895707254008279e+00 2.432964244420859679e+00
5.566185182035969348e+00 2.162568993308995768e+00
5.572474656817931304e+00 1.387725406878151269e+00
5.578764131599892373e+00 7.444483079161778871e-01
5.585053606381854330e+00 1.309098479678583171e+00
5.591343081163815398e+00 1.605068170290103069e+00
5.597632555945777355e+00 6.822325225379864966e-01
5.603922030727738424e+00 1.360246147057137645e+00
5.610211505509700380e+00 8.417017604086094451e-01
5.616500980291661449e+00 7.723711225374034761e-01
5.622790455073623406e+00 2.675008994576211663e+00
5.629079929855584474e+00 1.752284288220296471e+00
5.635369404637546431e+00 1.808960818226761358e+00
5.641658879419508388e+00 1.413242704225292634e+00
5.647948354201469456e+00 2.606992722307020394e+00
5.654237828983431413e+00 2.387035126855870715e+00
5.660527303765392482e+00 7.684247595741289238e-01
5.666816778547354438e+00 1.964475585378680833e+00
5.673106253329315507e+00 9.383993796079366234e-01
5.679395728111277464e+00 2.477596577793735655e+00
5.685685202893238532e+00 1.013553684719824766e+00
5.691974677675200489e+00 1.923423496977799907e+00
5.698264152457161558e+00 7.515610083547280551e-01
5.704553627239123514e+00 2.312608972441577926e+00
5.710843102021084583e+00 2.066297449673673903e+00
5.717132576803046540e+00 2.711119006627970229e+00
5.723422051585008496e+00 2.522797054267712280e+00
5.729711526366969565e+00 7.937619781077864811e-01
5.736001001148931522e+00 2.300718900239592912e+00
5.742290475930892590e+00 2.508642452319740812e+00
5.748579950712854547e+00 8.307050542026144235e-01
5.754869425494815616e+00 1.730618127351077895e+00
5.761158900276777572e+00 9.624613456068492612e-01
5.767448375058738641e+00 7.275894140598360149e-01
5.773737849840700598e+00 7.596842227021672889e-01
5.780027324622661666e+00 1.644121725460511607e+00
5.786316799404623623e+00 8.812984385081197303e-01
5.792606274186584692e+00 2.445967794896461989e+00
5.798895748968546648e+00 1.980529909021109702e+00
5.805185223750508605e+00 1.963439060113635115e+00
5.811474698532469674e+00 1.292558401016409286e+00
5.817764173314431631e+00 8.225710903618812520e-01
5.824053648096392699e+00 8.499762695251102951e-01
5.830343122878354656e+00 1.221100127873444352e+00
5.836632597660315724e+00 1.112483253268296002e+00
5.842922072442277681e+00 7.888963670824409302e-01
5.849211547224238750e+00 1.644053267409922636e+00
5.855501022006200706e+00 1.043801950370942366e+00
5.861790496788161775e+00 1.008734920903961330e+00
5.868079971570123732e+00 1.289689841662978731e+00
5.874369446352084800e+00 8.091160196592668274e-01
5.880658921134046757e+00 1.793678850256472668e+00
5.886948395916008714e+00 3.626248684025019098e-01
5.893237870697969782e+00 8.423522676717019042e-01
5.899527345479931739e+00 1.276695019547397170e+00
5.905816820261892808e+00 3.370789109983282628e-01
5.912106295043854765e+00 4.356679412176409638e-01
5.918395769825815833e+00 1.873227638651079552e+00
5.924685244607777790e+00 1.358027470255782854e+00
5.930974719389738858e+00 1.586475976320920855e+00
5.937264194171700815e+00 -2.145555570510374599e-01
5.943553668953661884e+00 1.381300996518966429e+00
5.949843143735623840e+00 1.309255818940103122e+00
5.956132618517584909e+00 5.329481148395334156e-01
5.962422093299546866e+00 9.084799134130456810e-01
5.968711568081508823e+00 1.267605297554693200e+00
5.975001042863469891e+00 7.900852569678766812e-01
5.981290517645431848e+00 6.191077638044120146e-01
5.987579992427392916e+00 -1.554285164662125851e-01
5.993869467209354873e+00 2.899737035712914857e-01
6.000158941991315942e+00 8.580378301910496219e-03
6.006448416773277899e+00 1.669341856246304712e-01
6.012737891555238967e+00 -1.956579924505958967e-01
6.019027366337200924e+00 2.552581075220272666e-01
6.025316841119161992e+00 -8.364013574713220489e-01
6.031606315901123949e+00 9.210787635573873811e-01
6.037895790683085906e+00 4.966926889023037806e-01
6.044185265465046974e+00 5.054834417797000601e-01
6.050474740247008931e+00 8.071605508828190167e-01
6.056764215028970000e+00 -1.152837654647043131e-01
6.063053689810931957e+00 -2.324270933173733233e-01
6.069343164592893025e+00 6.923448801742420056e-01
6.075632639374854982e+00 -7.920148957149144575e-01
6.081922114156816050e+00 5.058811927949526943e-01
6.088211588938778007e+00 -3.272545823031560719e-01
6.094501063720739076e+00 -2.573479999197392232e-01
6.100790538502701033e+00 2.138085675909060512e-01
6.107080013284662101e+00 2.546272559666218349e-01
6.113369488066624058e+00 -2.514365829087061854e-01
6.119658962848586015e+00 -1.576045941473437573e+00
6.125948437630547083e+00 -1.137480825751149283e+00
6.132237912412509040e+00 -1.365689901605827483e+00
6.138527387194470109e+00 -1.643423456815209294e+00
6.144816861976432065e+00 -1.072066270831156576e+00
6.151106336758393134e+00 -2.085236647162329593e-01
6.157395811540355091e+00 -1.109989163113171085e+00
6.163685286322316159e+00 -1.030189985645869166e+00
6.169974761104278116e+00 -1.409340955510412385e+00
6.176264235886239184e+00 -1.258201632401567238e+00
6.182553710668201141e+00 -2.128760606064621363e-01
6.188843185450162210e+00 -1.448761803276897853e+00
6.195132660232124167e+00 -1.054914987314135688e+00
6.201422135014086123e+00 -7.293971005481494352e-01
6.207711609796047192e+00 -1.924467727647045656e-01
6.214001084578009149e+00 -9.377636683482459823e-02
6.220290559359970217e+00 -1.821754557561685139e+00
6.226580034141932174e+00 -1.156963160066240004e+00
6.232869508923893243e+00 -1.578907554256403722e+00
6.239158983705855199e+00 -2.760937601510879968e-01
6.245448458487816268e+00 -1.997673685555348966e+00
6.251737933269778225e+00 -1.205211350807449344e+00
6.258027408051739293e+00 -1.694181846197200025e+00
6.264316882833701250e+00 -1.534525815402307813e+00
6.270606357615662318e+00 -9.911766557397232447e-01
6.276895832397624275e+00 -1.549456161915286678e+00
6.283185307179586232e+00 -7.972829658666220620e-01
