0.000000000000000000e+00 8.086703508370185478e-01
6.289474781961547356e-03 -4.318369380225906551e-01
1.257894956392309471e-02 6.637326846237527889e-01
1.886842434588464207e-02 9.006280718177467337e-01
2.515789912784618942e-02 3.258375883069980494e-02
3.144737390980773678e-02 1.187360590248760062e+00
3.773684869176928414e-02 6.269059628743971491e-01
4.402632347373083149e-02 1.220658688073385179e+00
5.031579825569237885e-02 2.120590153459280813e-01
5.660527303765392620e-02 1.142211194058206924e+00
6.289474781961547356e-02 8.183225108321539043e-01
6.918422260157702786e-02 4.546327566506076501e-01
7.547369738353856827e-02 8.916361386964475333e-01
8.176317216550010869e-02 4.361438534077481388e-01
8.805264694746166299e-02 -1.083451987544597483e-01
9.434212172942321728e-02 1.373486439659588720e+00
1.006315965113847577e-01 4.063253717101590889e-01
1.069210712933462981e-01 1.381747709042192795e+00
1.132105460753078524e-01 4.024637962359686183e-01
1.195000208572694067e-01 -2.994043336599102045e-01
1.257894956392309471e-01 1.570965153763039246e-01
1.320789704211924875e-01 6.037358559661997193e-01
1.383684452031540557e-01 9.510896864084994462e-01
1.446579199851155961e-01 -1.898569762595281318e-01
1.509473947670771365e-01 9.113478247334900750e-01
1.572368695490386770e-01 1.638283582789753057e+00
1.635263443310002174e-01 -1.867880467076105111e-01
1.698158191129617856e-01 4.025080110142688072e-01
1.761052938949233260e-01 -2.580942272312625185e-02
1.823947686768848664e-01 9.753792224880062367e-01
1.886842434588464346e-01 1.014732647295067736e+00
1.949737182408079750e-01 1.560118518832515067e-02
2.012631930227695154e-01 1.775897252744416677e-01
2.075526678047310558e-01 1.484770082088108012e+00
2.138421425866925962e-01 -2.769602484535553799e-01
2.201316173686541644e-01 -2.067727039820528301e-01
2.264210921506157048e-01 6.441497506431664855e-01
2.327105669325772452e-01 5.355289336413426859e-02
2.390000417145388134e-01 8.372289295397874476e-01
2.452895164965003538e-01 -2.876212624400056317e-01
2.515789912784618942e-01 1.067203192435737025e+00
2.578684660604234624e-01 5.834996461347612406e-01
2.641579408423849751e-01 1.377199686773924014e+00
2.704474156243465433e-01 -1.799772060195148349e-02
2.767368904063081114e-01 -2.560293733493407276e-02
2.830263651882696241e-01 1.209361462115732255e+00
2.893158399702311923e-01 4.803444982724268120e-01
2.956053147521927049e-01 1.393657877264868006e+00
3.018947895341542731e-01 3.219933841100995342e-01
3.081842643161158413e-01 8.769037638536671952e-01
3.144737390980773539e-01 6.793899874061211097e-01
3.207632138800389221e-01 1.252247011472423566e+00
3.270526886620004348e-01 -1.119611886581859395e-01
3.333421634439620029e-01 4.031773651196010055e-01
3.396316382259235711e-01 9.332985666624737942e-01
3.459211130078850838e-01 -5.075406471405172759e-01
3.522105877898466519e-01 -3.029004818343379313e-01
3.585000625718082201e-01 -5.148960986696838882e-01
3.647895373537697328e-01 4.939324436047809463e-01
3.710790121357313009e-01 1.262434827202176812e-01
3.773684869176928691e-01 1.184269269887581189e+00
3.836579616996543818e-01 5.719975929232389289e-01
3.899474364816159500e-01 -6.080113559191153705e-01
3.962369112635774626e-01 8.343067060076196917e-01
4.025263860455390308e-01 1.215756499780594524e+00
4.088158608275005990e-01 7.545460213675442285e-01
4.151053356094621116e-01 1.043578353548300086e-01
4.213948103914236798e-01 -2.954697199022031651e-01
4.276842851733851925e-01 1.202200389888131493e+00
4.339737599553467606e-01 1.115251917995371933e+00
4.402632347373083288e-01 -5.970192370242985991e-01
4.465527095192698415e-01 -7.796907768194314414e-01
4.528421843012314096e-01 -5.089767582126334400e-01
4.591316590831929778e-01 9.002330770338295984e-02
4.654211338651544905e-01 -6.718147302922896635e-01
4.717106086471160586e-01 -3.635492775214798078e-01
4.780000834290776268e-01 -3.786896809223270211e-01
4.842895582110391395e-01 -2.177221971066628514e-01
4.905790329930007077e-01 -5.599030246040634928e-01
4.968685077749622203e-01 -6.014174763475432783e-01
5.031579825569237885e-01 9.481490373611303202e-01
5.094474573388853011e-01 -1.409374940265981646e-01
5.157369321208469248e-01 1.266008143493748683e-01
5.220264069028084375e-01 -8.552471004729167436e-01
5.283158816847699502e-01 -1.841662446311773671e-01
5.346053564667315738e-01 -1.029578546375581771e+00
5.408948312486930865e-01 1.843883981944172135e-02
5.471843060306545992e-01 4.805577856118068425e-01
5.534737808126162228e-01 6.251410056968422779e-01
5.597632555945777355e-01 -1.126856252908905009e+00
5.660527303765392482e-01 3.647315726245099476e-01
5.723422051585007608e-01 3.321028083107968598e-03
5.786316799404623845e-01 5.461073698148086741e-01
5.849211547224238972e-01 4.115536550533498428e-01
5.912106295043854098e-01 3.380769798711515950e-01
5.975001042863470335e-01 -3.343308921946788193e-01
6.037895790683085462e-01 -1.031448538010797389e-01
6.100790538502700588e-01 -7.394081519285977677e-02
6.163685286322316825e-01 -5.294589144498782485e-01
6.226580034141931952e-01 -1.194563141374338278e+00
6.289474781961547079e-01 -9.735115591630927323e-01
6.352369529781163315e-01 1.694479671555331191e-01
6.415264277600778442e-01 -6.554852161154036683e-01
6.478159025420393569e-01 2.602396846920826956e-01
6.541053773240008695e-01 1.763123975884348660e-01
6.603948521059624932e-01 -3.929152365798913582e-01
6.666843268879240059e-01 -1.279521418253285692e+00
6.729738016698855185e-01 4.645778889605223227e-02
6.792632764518471422e-01 -5.472002503456139255e-01
6.855527512338086549e-01 -1.999149187783368919e-01
6.918422260157701675e-01 -2.336240775512410384e-01
6.981317007977317912e-01 -1.236484599513895111e+00
7.044211755796933039e-01 5.560259362173585185e-01
7.107106503616548165e-01 -3.184037014983298608e-01
7.170001251436164402e-01 6.851458708136104470e-01
7.232895999255779529e-01 -1.025024796257405502e+00
7.295790747075394655e-01 6.004173888969306372e-01
7.358685494895010892e-01 2.490377815603683764e-02
7.421580242714626019e-01 5.218150045729972319e-01
7.484474990534241146e-01 3.181706424736570060e-01
7.547369738353857382e-01 -5.101922273458991963e-01
7.610264486173472509e-01 -1.009652146987053412e+00
7.673159233993087636e-01 -8.905414158103195366e-01
7.736053981812702762e-01 -9.844746117727489754e-01
7.798948729632318999e-01 -8.462281344992352849e-01
7.861843477451934126e-01 -1.006613052223594318e+00
7.924738225271549252e-01 3.791972116533246506e-01
7.987632973091165489e-01 -7.469829575837638735e-02
8.050527720910780616e-01 5.999084366345124320e-01
8.113422468730395742e-01 9.096875998722078194e-01
8.176317216550011979e-01 -6.185493834980202443e-01
8.239211964369627106e-01 -1.479146127607153804e-01
8.302106712189242232e-01 1.263634471329977416e-02
8.365001460008858469e-01 3.003442173660511028e-01
8.427896207828473596e-01 6.693266211118827913e-01
8.490790955648088723e-01 8.739709108825630679e-01
8.553685703467703849e-01 3.639534931067172074e-01
8.616580451287320086e-01 5.251081166572266756e-01
8.679475199106935213e-01 -3.174777624001750009e-01
8.742369946926550339e-01 -1.540265230665496254e-01
8.805264694746166576e-01 3.047754358530769814e-01
8.868159442565781703e-01 6.055752814908708093e-01
8.931054190385396829e-01 4.004880961109353876e-01
8.993948938205013066e-01 -2.637265508306833039e-01
9.056843686024628193e-01 1.111108783343294215e+00
9.119738433844243319e-01 1.350353314480470912e+00
9.182633181663859556e-01 -8.581328673217769598e-02
9.245527929483474683e-01 7.598453302594829761e-01
9.308422677303089809e-01 1.301075728869438564e+00
9.371317425122706046e-01 2.889993491351054433e-01
9.434212172942321173e-01 1.145253828100805116e-01
9.497106920761936300e-01 1.528614299074231297e+00
9.560001668581552536e-01 4.453314693921719414e-01
9.622896416401167663e-01 -1.045676016784136131e-01
9.685791164220782790e-01 1.333168177167909807e+00
9.748685912040397916e-01 7.118079439688204113e-01
9.811580659860014153e-01 5.294888450042902761e-01
9.874475407679629280e-01 1.257623045288255970e+00
9.937370155499244406e-01 1.654733479570293042e+00
1.000026490331886064e+00 1.569851263206831771e+00
1.006315965113847577e+00 1.366104452876449216e+00
1.012605439895809090e+00 4.162561141049839208e-01
1.018894914677770602e+00 9.637567858836102452e-01
1.025184389459732115e+00 2.196794991012685494e-01
1.031473864241693850e+00 2.133922674543610398e+00
1.037763339023655362e+00 5.693107130761140278e-01
1.044052813805616875e+00 1.264638129998977512e+00
1.050342288587578388e+00 1.157875723144771163e+00
1.056631763369539900e+00 1.231889437112963837e+00
1.062921238151501413e+00 8.651109821443694337e-01
1.069210712933463148e+00 4.495628695671030073e-01
1.075500187715424660e+00 1.849622238940104690e+00
1.081789662497386173e+00 4.867497078556304313e-01
1.088079137279347686e+00 6.386624687637976194e-01
1.094368612061309198e+00 2.336751771772627606e+00
1.100658086843270711e+00 1.379048805691092117e+00
1.106947561625232446e+00 2.575632864780631692e+00
1.113237036407193958e+00 1.543614012034512317e+00
1.119526511189155471e+00 1.856625972668817237e+00
1.125815985971116984e+00 1.341499420945200471e+00
1.132105460753078496e+00 1.129724177718183009e+00
1.138394935535040009e+00 2.215504962794140109e+00
1.144684410317001522e+00 1.791209344698211803e+00
1.150973885098963256e+00 9.470457568736758702e-01
1.157263359880924769e+00 1.506600649469766795e+00
1.163552834662886282e+00 1.776167669472332955e+00
1.169842309444847794e+00 2.258286519245167767e+00
1.176131784226809307e+00 2.385989856225842143e+00
1.182421259008770820e+00 1.947737900928693922e+00
1.188710733790732554e+00 1.599071644383263546e+00
1.195000208572694067e+00 2.493927166676135343e+00
1.201289683354655580e+00 1.350655020123070260e+00
1.207579158136617092e+00 3.008291904833048314e+00
1.213868632918578605e+00 2.911831089627693991e+00
1.220158107700540118e+00 2.473577983370603306e+00
1.226447582482501630e+00 2.489669951883392685e+00
1.232737057264463365e+00 1.623007933113595147e+00
1.239026532046424878e+00 2.835129333657756767e+00
1.245316006828386390e+00 2.172602175189106255e+00
1.251605481610347903e+00 1.799033843912173358e+00
1.257894956392309416e+00 1.772830244372245678e+00
1.264184431174270928e+00 2.847644760448106105e+00
1.270473905956232663e+00 2.654575360894594560e+00
1.276763380738194176e+00 1.726115884200496664e+00
1.283052855520155688e+00 2.439749816319432441e+00
1.289342330302117201e+00 2.397510616998427047e+00
1.295631805084078714e+00 2.406889461747655723e+00
1.301921279866040226e+00 1.693883141646124191e+00
1.308210754648001739e+00 2.303929569379221665e+00
1.314500229429963474e+00 1.398778037351686043e+00
1.320789704211924986e+00 1.391195674380495406e+00
1.327079178993886499e+00 2.459167065362016569e+00
1.333368653775848012e+00 1.986083424962675537e+00
1.339658128557809524e+00 1.236420285616023351e+00
1.345947603339771037e+00 2.293878553454130831e+00
1.352237078121732772e+00 2.116719352527999476e+00
1.358526552903694284e+00 1.289571517048498039e+00
1.364816027685655797e+00 1.054500898180806612e+00
1.371105502467617310e+00 1.187835050623367694e+00
1.377394977249578822e+00 1.265918957981717163e+00
1.383684452031540335e+00 2.055368357726774509e+00
1.389973926813502070e+00 2.319943888738396964e+00
1.396263401595463582e+00 1.043456380416700524e+00
1.402552876377425095e+00 1.529128610355207085e+00
1.408842351159386608e+00 1.776759262922549709e+00
1.415131825941348120e+00 2.258050998400574993e+00
1.421421300723309633e+00 2.336569644283740921e+00
1.427710775505271146e+00 9.256574260088118455e-01
1.434000250287232880e+00 1.360493057846114962e+00
1.440289725069194393e+00 1.182684732079236856e+00
1.446579199851155906e+00 2.536464019677883819e+00
1.452868674633117418e+00 2.195526965519400964e+00
1.459158149415078931e+00 2.340064957121531286e+00
1.465447624197040444e+00 2.009989004110888544e+00
1.471737098979002178e+00 9.950385587773682428e-01
1.478026573760963691e+00 1.641899015845167398e+00
1.484316048542925204e+00 7.155683218130810541e-01
1.490605523324886716e+00 1.544976023470062909e+00
1.496894998106848229e+00 1.229633974392352780e+00
1.503184472888809742e+00 1.146972824078235087e+00
1.509473947670771476e+00 5.423377916454805714e-01
1.515763422452732989e+00 1.638664342195092161e+00
1.522052897234694502e+00 1.629546106135914663e+00
1.528342372016656014e+00 1.233939515921495866e+00
1.534631846798617527e+00 1.979121306093855281e+00
1.540921321580579040e+00 1.801375160945965614e+00
1.547210796362540552e+00 8.385430334619151660e-01
1.553500271144502287e+00 1.547404089859182985e+00
1.559789745926463800e+00 7.179263401164145408e-01
1.566079220708425312e+00 1.342305917170514507e+00
1.572368695490386825e+00 -1.718491024921899313e-01
1.578658170272348338e+00 -1.675721317952189038e-01
1.584947645054309850e+00 5.281297073761136440e-01
1.591237119836271585e+00 6.013048584081108761e-01
1.597526594618233098e+00 -1.667552402850059345e-01
1.603816069400194610e+00 5.124674798628299222e-01
1.610105544182156123e+00 -3.629141818553014431e-01
1.616395018964117636e+00 -7.969711623834774272e-02
1.622684493746079148e+00 1.134999271019464739e+00
1.628973968528040661e+00 3.111611331864371222e-01
1.635263443310002396e+00 -2.471774156159167735e-01
1.641552918091963909e+00 9.826648857478096355e-01
1.647842392873925421e+00 8.966324293549887692e-02
1.654131867655886934e+00 -2.360009052453448941e-01
1.660421342437848446e+00 -9.953711463961822936e-01
1.666710817219809959e+00 -1.286699129396087216e-01
1.673000292001771694e+00 -4.284079484265435056e-02
1.679289766783733207e+00 -5.295562823507986572e-01
1.685579241565694719e+00 -7.234657186524371397e-01
1.691868716347656232e+00 -8.018843191098301570e-01
1.698158191129617745e+00 -1.068649411000981431e+00
1.704447665911579257e+00 -1.364950316333239932e-01
1.710737140693540770e+00 4.540415270547937254e-01
1.717026615475502505e+00 4.982817966509489604e-01
1.723316090257464017e+00 -9.385747506294732645e-01
1.729605565039425530e+00 -2.824546170738841955e-01
1.735895039821387043e+00 4.077495810677109755e-01
1.742184514603348555e+00 -4.979553191402796841e-01
1.748473989385310068e+00 -5.586804279936550266e-01
1.754763464167271803e+00 -9.527247310797699598e-01
1.761052938949233315e+00 -1.628486207082625814e+00
1.767342413731194828e+00 -8.802421046730430909e-01
1.773631888513156341e+00 -1.756047334473305410e+00
1.779921363295117853e+00 -7.022090674965923984e-01
1.786210838077079366e+00 -7.252053456550138222e-01
1.792500312859041101e+00 -1.906866246034000234e-02
1.798789787641002613e+00 -1.640500285689134419e+00
1.805079262422964126e+00 -1.477339629692522305e+00
1.811368737204925639e+00 -1.498792903595232096e+00
1.817658211986887151e+00 -1.038994312892943972e+00
1.823947686768848664e+00 -1.838724419913317920e-01
1.830237161550810177e+00 -1.190067041505080914e+00
1.836526636332771911e+00 -1.204645230662850786e-01
1.842816111114733424e+00 -1.264900174865132509e+00
1.849105585896694937e+00 -3.087747480147575718e-01
1.855395060678656449e+00 -1.365853351818676842e+00
1.861684535460617962e+00 -2.230815416153999475e-01
1.867974010242579475e+00 -1.916835544599354568e+00
1.874263485024541209e+00 -1.311448415863956996e+00
1.880552959806502722e+00 -1.578217453195845943e+00
1.886842434588464235e+00 -1.155649899752603016e+00
1.893131909370425747e+00 -1.270940416776540349e-01
1.899421384152387260e+00 -1.187202305530943081e+00
1.905710858934348773e+00 -1.905245473957197788e-01
1.912000333716310507e+00 -6.376431126680450756e-01
1.918289808498272020e+00 -1.693537590508070290e+00
1.924579283280233533e+00 -8.327012881155797519e-01
1.930868758062195045e+00 -2.783110866843570008e-01
1.937158232844156558e+00 -1.597188939045001810e+00
1.943447707626118071e+00 -4.220675390224699619e-01
1.949737182408079583e+00 -1.294196613327445400e+00
1.956026657190041318e+00 -8.432355832895017667e-01
1.962316131972002831e+00 -1.851330824932867269e+00
1.968605606753964343e+00 -1.130831312320415671e+00
1.974895081535925856e+00 -7.132066372121692588e-02
1.981184556317887369e+00 -7.877973479114499522e-01
1.987474031099848881e+00 -6.601074100963431057e-01
1.993763505881810616e+00 -1.251684560131496093e+00
2.000052980663772129e+00 -1.038609224446326751e+00
2.006342455445733641e+00 1.827239227959893686e-01
2.012631930227695154e+00 -1.227997646623148587e+00
2.018921405009656667e+00 -8.065410240197354863e-01
2.025210879791618179e+00 -1.105834324789163547e+00
2.031500354573579692e+00 -1.350546243069775221e+00
2.037789829355541205e+00 -6.597183144250544640e-01
2.044079304137502717e+00 -2.012107789329078411e-01
2.050368778919464230e+00 -5.887022601612397210e-01
2.056658253701426187e+00 -1.186266572681560660e+00
2.062947728483387699e+00 1.291514824369988101e-01
2.069237203265349212e+00 -1.062500424744562855e+00
2.075526678047310725e+00 -2.062193244121335312e-01
2.081816152829272237e+00 -1.072360930290699788e+00
2.088105627611233750e+00 -4.168315422282575788e-01
2.094395102393195263e+00 -3.782326081772202642e-02
2.100684577175156775e+00 -3.939132974433510181e-01
2.106974051957118288e+00 7.666116202462770479e-01
2.113263526739079801e+00 7.835828720351082355e-01
2.119553001521041313e+00 9.590068280937160683e-01
2.125842476303002826e+00 4.894006984510476110e-01
2.132131951084964339e+00 -2.337135051263934393e-01
2.138421425866926295e+00 3.992292218614030830e-01
2.144710900648887808e+00 7.586660809660668026e-01
2.151000375430849321e+00 -5.470862282657922293e-01
2.157289850212810833e+00 4.206118926640702860e-01
2.163579324994772346e+00 -4.215326499908945146e-01
2.169868799776733859e+00 9.936139170998328218e-01
2.176158274558695371e+00 9.173194482806505956e-01
2.182447749340656884e+00 1.116308200004161311e+00
2.188737224122618397e+00 1.043072685722092885e+00
2.195026698904579909e+00 1.125282197006010065e+00
2.201316173686541422e+00 1.646665690019330608e+00
2.207605648468502935e+00 1.965419750154611567e+00
2.213895123250464891e+00 1.201341860543327922e+00
2.220184598032426404e+00 1.611120994799838169e+00
2.226474072814387917e+00 1.767212781834974544e+00
2.232763547596349429e+00 5.264743329436719632e-01
2.239053022378310942e+00 1.628364677628961532e+00
2.245342497160272455e+00 1.150574414955849223e+00
2.251631971942233967e+00 1.835278569576445973e+00
2.257921446724195480e+00 2.219395551009226697e+00
2.264210921506156993e+00 1.099911203187834197e+00
2.270500396288118505e+00 1.323507953750119093e+00
2.276789871070080018e+00 2.510026198699107258e+00
2.283079345852041531e+00 1.156876504198491418e+00
2.289368820634003043e+00 1.184890673321055132e+00
2.295658295415965000e+00 1.757703080775585569e+00
2.301947770197926513e+00 2.472520024023579843e+00
2.308237244979888025e+00 1.462753587413670120e+00
2.314526719761849538e+00 2.278936938266205026e+00
2.320816194543811051e+00 2.248972893330622114e+00
2.327105669325772563e+00 2.832679385085315360e+00
2.333395144107734076e+00 3.121188961646363502e+00
2.339684618889695589e+00 3.087487097753505605e+00
2.345974093671657101e+00 1.559347428772115185e+00
2.352263568453618614e+00 2.057227245261169735e+00
2.358553043235580127e+00 1.805738252487504303e+00
2.364842518017541639e+00 3.127816528801246498e+00
2.371131992799503152e+00 1.781714584766772802e+00
2.377421467581465109e+00 2.705492261815477306e+00
2.383710942363426621e+00 1.970374096375564488e+00
2.390000417145388134e+00 2.277197511776415162e+00
2.396289891927349647e+00 1.691901125769135650e+00
2.402579366709311159e+00 2.579629276352600975e+00
2.408868841491272672e+00 3.442076582012601804e+00
2.415158316273234185e+00 2.476886759285302553e+00
2.421447791055195697e+00 3.637615060261649269e+00
2.427737265837157210e+00 3.463506522706460089e+00
2.434026740619118723e+00 2.650756532982961211e+00
2.440316215401080235e+00 3.695107526923722574e+00
2.446605690183041748e+00 2.319979047233849734e+00
2.452895164965003261e+00 3.689419514996037375e+00
2.459184639746965217e+00 3.182088750424447277e+00
2.465474114528926730e+00 2.453669862870161644e+00
2.471763589310888243e+00 3.002979964531041546e+00
2.478053064092849755e+00 3.619416346834157139e+00
2.484342538874811268e+00 3.223448616975479020e+00
2.490632013656772781e+00 2.917104291908663161e+00
2.496921488438734293e+00 2.091932481433313562e+00
2.503210963220695806e+00 3.064087187066562912e+00
2.509500438002657319e+00 2.118091771106916710e+00
2.515789912784618831e+00 3.229661836395933072e+00
2.522079387566580344e+00 3.764164918959224337e+00
2.528368862348541857e+00 2.341721530217943936e+00
2.534658337130503369e+00 2.657391541488584252e+00
2.540947811912465326e+00 2.108229345081799266e+00
2.547237286694426839e+00 2.113471190273350953e+00
2.553526761476388351e+00 3.329069550562500091e+00
2.559816236258349864e+00 3.280738091629308517e+00
2.566105711040311377e+00 2.686967642656290067e+00
2.572395185822272889e+00 3.844358495312060420e+00
2.578684660604234402e+00 2.925635439284901551e+00
2.584974135386195915e+00 1.980652925940465492e+00
2.591263610168157427e+00 1.844581954589675998e+00
2.597553084950118940e+00 3.407196655897277715e+00
2.603842559732080453e+00 2.423666318686135135e+00
2.610132034514041965e+00 2.522152241348724289e+00
2.616421509296003478e+00 3.311567155818115449e+00
2.622710984077965435e+00 3.345733067329780042e+00
2.629000458859926947e+00 3.190582879406683947e+00
2.635289933641888460e+00 2.509143534228762462e+00
2.641579408423849973e+00 2.989766575478991495e+00
2.647868883205811485e+00 3.261688663340377659e+00
2.654158357987772998e+00 2.661220150161123676e+00
2.660447832769734511e+00 1.884363089839841132e+00
2.666737307551696023e+00 2.640289923555360740e+00
2.673026782333657536e+00 3.099290635351742207e+00
2.679316257115619049e+00 1.739835823017741312e+00
2.685605731897580561e+00 1.365685567470465767e+00
2.691895206679542074e+00 1.339458826061817653e+00
2.698184681461504031e+00 2.608194816180994469e+00
2.704474156243465544e+00 2.376960500628588324e+00
2.710763631025427056e+00 1.887146131984615671e+00
2.717053105807388569e+00 1.516098841323003210e+00
2.723342580589350082e+00 2.778120071682245396e+00
2.729632055371311594e+00 2.585968668385628888e+00
2.735921530153273107e+00 8.383904368435244336e-01
2.742211004935234619e+00 2.468763438120477272e+00
2.748500479717196132e+00 1.280908636891128438e+00
2.754789954499157645e+00 1.367906701273860826e+00
2.761079429281119157e+00 8.867589284385851700e-01
2.767368904063080670e+00 1.344660106543010825e+00
2.773658378845042183e+00 8.193853711212917279e-01
2.779947853627004140e+00 2.358178577164490530e+00
2.786237328408965652e+00 9.737601281109582452e-01
2.792526803190927165e+00 9.257718899645128730e-01
2.798816277972888678e+00 1.729531538659649925e+00
2.805105752754850190e+00 2.144333892665214680e+00
2.811395227536811703e+00 1.767709834172280114e+00
2.817684702318773216e+00 5.628475750388101106e-01
2.823974177100734728e+00 5.389660550872319433e-01
2.830263651882696241e+00 1.058920493542392594e+00
2.836553126664657754e+00 1.514118595571117831e+00
2.842842601446619266e+00 2.864719060666987005e-03
2.849132076228580779e+00 1.163134273298829235e+00
2.855421551010542291e+00 1.360280400453607985e+00
2.861711025792504248e+00 6.925744157965793013e-01
2.868000500574465761e+00 -6.233765477151648193e-02
2.874289975356427274e+00 3.850298500253743761e-01
2.880579450138388786e+00 1.376972602202218621e+00
2.886868924920350299e+00 -4.867125650678215676e-01
2.893158399702311812e+00 -2.086578737235754710e-01
2.899447874484273324e+00 -2.603638526194502756e-01
2.905737349266234837e+00 7.779063877589066367e-01
2.912026824048196350e+00 -4.916665748069273256e-01
2.918316298830157862e+00 -3.424281360023262444e-02
2.924605773612119375e+00 3.829917326323617477e-02
2.930895248394080888e+00 -2.307127020668604533e-01
2.937184723176042400e+00 -8.814312761441449595e-01
2.943474197958004357e+00 -3.501043579434184316e-01
2.949763672739965870e+00 -5.333785080434942927e-01
2.956053147521927382e+00 -1.072846524575520100e+00
2.962342622303888895e+00 -2.356294159175136294e-01
2.968632097085850408e+00 -8.190265825220806040e-01
2.974921571867811920e+00 -6.959932137252182738e-01
2.981211046649773433e+00 -8.555201692064540175e-02
2.987500521431734946e+00 -2.084409887428064767e-01
2.993789996213696458e+00 6.000863241539398096e-01
3.000079470995657971e+00 -1.397245989169249025e-01
3.006368945777619484e+00 2.051096653889143973e-01
3.012658420559580996e+00 -5.169002040066312809e-01
3.018947895341542953e+00 -4.255958303910798435e-01
3.025237370123504466e+00 -1.006278286376032449e+00
3.031526844905465978e+00 -1.078997697038011072e+00
3.037816319687427491e+00 1.925911250757257331e-01
3.044105794469389004e+00 3.201830704027288643e-01
3.050395269251350516e+00 -7.552868073764806844e-02
3.056684744033312029e+00 2.524695336296205461e-01
3.062974218815273542e+00 -1.576443728344042894e+00
3.069263693597235054e+00 2.607370866513014640e-02
3.075553168379196567e+00 -4.901349900088953770e-01
3.081842643161158080e+00 -1.389451909750103464e-01
3.088132117943119592e+00 -1.397417109865086271e+00
3.094421592725081105e+00 -7.340516280891713485e-01
3.100711067507043062e+00 -4.648727493715616443e-01
3.107000542289004574e+00 -7.646227583066138589e-01
3.113290017070966087e+00 -3.019723011856874084e-01
3.119579491852927600e+00 -1.021910894657913182e+00
3.125868966634889112e+00 -1.505416333487141767e+00
3.132158441416850625e+00 -6.062840506599267432e-01
3.138447916198812138e+00 -7.640212031187123554e-01
3.144737390980773650e+00 -6.765608769879425388e-01
3.151026865762735163e+00 -7.428481947519367523e-01
3.157316340544696676e+00 4.802034249477360461e-02
3.163605815326658188e+00 -1.405220003661176165e+00
3.169895290108619701e+00 -9.815912920499756389e-01
3.176184764890581214e+00 -2.054316503306001795e-01
3.182474239672543170e+00 -1.417098731353641838e+00
3.188763714454504683e+00 -3.225999048060241847e-01
3.195053189236466196e+00 -1.329192100726225068e+00
3.201342664018427708e+00 -1.349865339028681221e+00
3.207632138800389221e+00 -5.113462391670842155e-01
3.213921613582350734e+00 5.347835981219350998e-03
3.220211088364312246e+00 -3.421317730871067386e-01
3.226500563146273759e+00 -7.621181097363161072e-02
3.232790037928235272e+00 -1.379446661238095340e+00
3.239079512710196784e+00 -4.983197170803648213e-01
3.245368987492158297e+00 -6.051092151399750652e-01
3.251658462274119810e+00 1.563149606151958970e-01
3.257947937056081322e+00 -4.606618733356766526e-01
3.264237411838043279e+00 -1.251222201631964293e+00
3.270526886620004792e+00 3.628636299951748523e-01
3.276816361401966304e+00 -5.777058440813624962e-01
3.283105836183927817e+00 -5.030126969055335184e-01
3.289395310965889330e+00 8.780870412204722086e-02
3.295684785747850842e+00 -1.148487374269287820e+00
3.301974260529812355e+00 -7.649904380243832680e-01
3.308263735311773868e+00 -2.109186593141743060e-02
3.314553210093735380e+00 -2.405672893127346335e-01
3.320842684875696893e+00 -7.610043325128819092e-01
3.327132159657658406e+00 -3.689130513828925428e-01
3.333421634439619918e+00 -3.092250760325288006e-01
3.339711109221581431e+00 2.998635747033218113e-02
3.346000584003543388e+00 1.093603418722268517e+00
3.352290058785504900e+00 8.579462091531466772e-01
3.358579533567466413e+00 1.029727120962395492e+00
3.364869008349427926e+00 1.264136036829919707e+00
3.371158483131389438e+00 1.960157287042590957e-01
3.377447957913350951e+00 -3.370695796378140319e-01
3.383737432695312464e+00 7.421215108872317723e-01
3.390026907477273976e+00 7.706336889242715316e-01
3.396316382259235489e+00 -1.624953548122359259e-01
3.402605857041197002e+00 3.261964942721671257e-01
3.408895331823158514e+00 5.282629391341945313e-01
3.415184806605120027e+00 2.014857524793188803e-01
3.421474281387081540e+00 1.048574102561325105e+00
3.427763756169043496e+00 1.679225335722723367e+00
3.434053230951005009e+00 1.715965689060362287e+00
3.440342705732966522e+00 5.369741900098381482e-01
3.446632180514928034e+00 1.034013625153925864e-01
3.452921655296889547e+00 -2.769731984856901863e-02
3.459211130078851060e+00 9.063375901089196773e-01
3.465500604860812572e+00 6.702395146764813516e-01
3.471790079642774085e+00 5.624012979387031930e-01
3.478079554424735598e+00 1.680233212044625057e+00
3.484369029206697110e+00 1.908455413111942889e+00
3.490658503988658623e+00 4.560232551378163857e-01
3.496947978770620136e+00 1.266164685001003098e+00
3.503237453552582092e+00 1.008596079908112619e+00
3.509526928334543605e+00 1.056435789583890950e+00
3.515816403116505118e+00 6.754899572068879809e-01
3.522105877898466630e+00 1.843135662883345960e+00
3.528395352680428143e+00 1.450690183575069403e+00
3.534684827462389656e+00 9.148298976097709589e-01
3.540974302244351168e+00 9.432152647060090267e-01
3.547263777026312681e+00 1.372453321859866016e+00
3.553553251808274194e+00 8.684409861137510900e-01
3.559842726590235706e+00 2.130900094228188379e+00
3.566132201372197219e+00 2.527449674613944097e+00
3.572421676154158732e+00 2.270408662583311532e+00
3.578711150936120244e+00 1.247151383934959501e+00
3.585000625718082201e+00 1.128816257331715533e+00
3.591290100500043714e+00 1.992630924156792771e+00
3.597579575282005226e+00 1.054771853711720997e+00
3.603869050063966739e+00 2.379456783478050230e+00
3.610158524845928252e+00 2.297908543448141661e+00
3.616447999627889764e+00 1.433253186134748391e+00
3.622737474409851277e+00 9.858355284122586326e-01
3.629026949191812790e+00 2.444890936316913788e+00
3.635316423973774302e+00 2.514874993142204751e+00
3.641605898755735815e+00 2.206321355563251263e+00
3.647895373537697328e+00 2.423739180466021992e+00
3.654184848319658840e+00 1.590593461110470841e+00
3.660474323101620353e+00 1.443946128425873887e+00
3.666763797883582310e+00 2.210568396953286552e+00
3.673053272665543822e+00 1.189806680485772761e+00
3.679342747447505335e+00 2.704932976172474746e+00
3.685632222229466848e+00 1.641013257738683784e+00
3.691921697011428360e+00 2.218211843023765173e+00
3.698211171793389873e+00 2.522251414991883767e+00
3.704500646575351386e+00 2.730428932847155377e+00
3.710790121357312898e+00 3.086679522475566984e+00
3.717079596139274411e+00 1.359472510258377120e+00
3.723369070921235924e+00 1.785748077199586836e+00
3.729658545703197436e+00 2.310774944287275812e+00
3.735948020485158949e+00 1.275122083459759859e+00
3.742237495267120462e+00 2.978009315600622209e+00
3.748526970049082419e+00 2.186057509358994455e+00
3.754816444831043931e+00 2.032316647240152374e+00
3.761105919613005444e+00 2.780136663897712523e+00
3.767395394394966956e+00 2.148810915837733315e+00
3.773684869176928469e+00 1.404836108104520198e+00
3.779974343958889982e+00 1.298784476202798022e+00
3.786263818740851494e+00 2.168857613899607184e+00
3.792553293522813007e+00 1.523690924616210696e+00
3.798842768304774520e+00 2.771514768933054818e+00
3.805132243086736032e+00 2.225683280146216525e+00
3.811421717868697545e+00 2.137219825690483965e+00
3.817711192650659058e+00 1.469828369791061018e+00
3.824000667432621015e+00 1.625510594846802048e+00
3.830290142214582527e+00 2.784400609671411786e+00
3.836579616996544040e+00 2.476890659197965583e+00
3.842869091778505553e+00 1.330386787274526750e+00
3.849158566560467065e+00 1.816962126622219564e+00
3.855448041342428578e+00 1.453625337765775960e+00
3.861737516124390091e+00 2.614015443489775770e+00
3.868026990906351603e+00 1.223113664528348021e+00
3.874316465688313116e+00 1.269877468464579273e+00
3.880605940470274628e+00 2.825697997351701130e+00
3.886895415252236141e+00 1.983467589053735658e+00
3.893184890034197654e+00 1.840674319399393521e+00
3.899474364816159166e+00 1.169824206667080535e+00
3.905763839598121123e+00 1.576439723134504423e+00
3.912053314380082636e+00 1.022989453205906063e+00
3.918342789162044149e+00 1.391559727621646037e+00
3.924632263944005661e+00 1.785248462553086224e+00
3.930921738725967174e+00 2.170887440006243896e+00
3.937211213507928687e+00 2.074765383111007999e+00
3.943500688289890199e+00 2.416686454694016994e+00
3.949790163071851712e+00 1.410322312427844338e+00
3.956079637853813225e+00 2.214371914929304630e+00
3.962369112635774737e+00 1.485208924489895832e+00
3.968658587417736250e+00 1.866624993351462258e+00
3.974948062199697763e+00 5.318308092762439321e-01
3.981237536981659275e+00 1.253127819126218734e+00
3.987527011763621232e+00 5.660438645962594384e-01
3.993816486545582745e+00 1.859782969262474106e+00
4.000105961327544257e+00 1.298247124854233547e+00
4.006395436109505326e+00 1.550945127903791132e+00
4.012684910891467283e+00 9.125613066234347093e-01
4.018974385673428351e+00 8.652151818719420184e-01
4.025263860455390308e+00 2.043386953015759122e+00
4.031553335237352265e+00 2.387972504932383555e-01
4.037842810019313333e+00 8.315124016339614510e-01
4.044132284801275290e+00 8.914457650739846528e-01
4.050421759583236359e+00 3.657345068411779199e-01
4.056711234365198315e+00 6.981010936277871615e-01
4.063000709147159384e+00 1.250799808295069093e+00
4.069290183929121341e+00 1.949858466205091068e+00
4.075579658711082409e+00 1.845603207872871465e+00
4.081869133493044366e+00 9.570920190559344398e-01
4.088158608275005435e+00 9.144862595216540768e-02
4.094448083056967391e+00 1.220900529675675639e+00
4.100737557838928460e+00 8.351351070846865232e-01
4.107027032620890417e+00 1.268408280972684432e+00
4.113316507402852373e+00 1.339366940327533895e+00
4.119605982184813442e+00 1.213833895763917869e+00
4.125895456966775399e+00 -2.089195405145136686e-01
4.132184931748736467e+00 1.298826778665693182e-01
4.138474406530698424e+00 9.101706358254140206e-01
4.144763881312659493e+00 1.415698935695083538e+00
4.151053356094621449e+00 1.078065395494702372e+00
4.157342830876582518e+00 1.194945080314487873e+00
4.163632305658544475e+00 2.202964819255956996e-01
4.169921780440505543e+00 -9.596183958692716676e-03
4.176211255222467500e+00 -3.979758541841425523e-01
4.182500730004428569e+00 7.261186143421639594e-01
4.188790204786390525e+00 8.543614834813826331e-01
4.195079679568352482e+00 3.284950397917685283e-01
4.201369154350313551e+00 -4.329945774267937031e-01
4.207658629132275507e+00 9.972996444603707822e-01
4.213948103914236576e+00 1.405934797267143432e+00
4.220237578696198533e+00 3.189739419625734484e-01
4.226527053478159601e+00 -4.989349786113959073e-01
4.232816528260121558e+00 9.785765176083168759e-01
4.239106003042082627e+00 -3.878423254284149024e-01
4.245395477824044583e+00 1.322409092445097745e+00
4.251684952606005652e+00 2.445073590110344863e-01
4.257974427387967609e+00 -5.190846376812117136e-01
4.264263902169928677e+00 1.380215627609502116e+00
4.270553376951890634e+00 6.898451240228757886e-01
4.276842851733852591e+00 2.969595580796350331e-01
4.283132326515813659e+00 8.578238957800281561e-01
4.289421801297775616e+00 -5.671600528575602151e-01
4.295711276079736685e+00 5.211036023433579523e-01
4.302000750861698641e+00 -2.188966727422396730e-01
4.308290225643659710e+00 1.133369373930929180e+00
4.314579700425621667e+00 -2.951862085184703277e-01
4.320869175207582735e+00 5.339282175023215560e-01
4.327158649989544692e+00 1.008625727952958684e+00
4.333448124771505761e+00 1.047323648840171373e+00
4.339737599553467717e+00 7.304008795798558884e-01
4.346027074335428786e+00 -2.474541575882752698e-01
4.352316549117390743e+00 -2.661316442819217087e-02
4.358606023899352699e+00 -4.385287477843550219e-01
4.364895498681313768e+00 -5.428664171575746655e-01
4.371184973463275725e+00 1.176607109376750504e+00
4.377474448245236793e+00 1.010549309520116790e+00
4.383763923027198750e+00 1.215156502622902313e+00
4.390053397809159819e+00 1.253663291365151533e+00
4.396342872591121775e+00 5.909774311573199324e-01
4.402632347373082844e+00 -3.566238879547991569e-01
4.408921822155044801e+00 -8.610456713720981980e-02
4.415211296937005869e+00 -2.320418292690673567e-02
4.421500771718967826e+00 1.364113328555204951e+00
4.427790246500929783e+00 -1.130226568271355259e-01
4.434079721282890851e+00 1.401247367109670350e+00
4.440369196064852808e+00 6.639761223808764434e-01
4.446658670846813877e+00 -2.310215567692572858e-01
4.452948145628775833e+00 -9.451894174521902059e-02
4.459237620410736902e+00 -4.001549301896616395e-01
4.465527095192698859e+00 4.343785323068668491e-01
4.471816569974659927e+00 4.665017581191103213e-01
4.478106044756621884e+00 1.993439071050053801e-01
4.484395519538582953e+00 -2.456492415426529963e-01
4.490684994320544909e+00 6.157224708681889869e-01
4.496974469102505978e+00 1.013843589387863897e-01
4.503263943884467935e+00 1.147297698865605842e-01
4.509553418666429891e+00 -1.350381336893932693e-01
4.515842893448390960e+00 1.410778344112733507e+00
4.522132368230352917e+00 1.568570750803606417e+00
4.528421843012313985e+00 6.903999070086741519e-01
4.534711317794275942e+00 -1.721680695599144828e-01
4.541000792576237011e+00 1.748229641388462374e-01
4.547290267358198967e+00 1.512583273443057319e+00
4.553579742140160036e+00 6.986352314043486889e-01
4.559869216922121993e+00 1.387659188276235689e-02
4.566158691704083061e+00 1.173629464294662306e+00
4.572448166486045018e+00 -2.382063094828166250e-01
4.578737641268006087e+00 5.472492330935463389e-02
4.585027116049968043e+00 5.152130529002220127e-01
4.591316590831930000e+00 1.505623817086659155e+00
4.597606065613891069e+00 1.468886299756024805e+00
4.603895540395853025e+00 1.133106004298866321e+00
4.610185015177814094e+00 9.101408495260512321e-01
4.616474489959776051e+00 1.705347054730849354e+00
4.622763964741737119e+00 1.336814124816267935e+00
4.629053439523699076e+00 6.650405499170151113e-01
4.635342914305660145e+00 1.314309178878200424e+00
4.641632389087622101e+00 5.332646503640626756e-01
4.647921863869583170e+00 9.975705897731687033e-01
4.654211338651545127e+00 5.126335859592221489e-01
4.660500813433506195e+00 8.929197137800966022e-01
4.666790288215468152e+00 1.432436294219983086e+00
4.673079762997430109e+00 2.907473035811458661e-02
4.679369237779391177e+00 -1.501579501484543167e-01
4.685658712561353134e+00 8.430690706422512282e-01
4.691948187343314203e+00 1.668453871313410719e+00
4.698237662125276159e+00 8.581940460257760916e-01
4.704527136907237228e+00 4.167772841209429480e-01
4.710816611689199185e+00 1.374046767554894188e+00
4.717106086471160253e+00 1.625275971760423710e+00
4.723395561253122210e+00 3.749803925639492719e-01
4.729685036035083279e+00 1.592287613682938696e+00
4.735974510817045235e+00 1.343932571839754786e+00
4.742263985599006304e+00 2.340620724266297414e-01
4.748553460380968261e+00 5.318329043167141501e-02
4.754842935162930218e+00 1.064948313661330026e+00
4.761132409944891286e+00 1.219499779416931551e+00
4.767421884726853243e+00 1.043089071401932744e+00
4.773711359508814311e+00 1.234903050791831047e+00
4.780000834290776268e+00 1.347820010817383451e+00
4.786290309072737337e+00 1.029050439232183534e+00
4.792579783854699293e+00 1.523661909113172896e+00
4.798869258636660362e+00 8.269658554128376249e-01
4.805158733418622319e+00 1.105957961334748996e+00
4.811448208200583387e+00 -9.929321936610335797e-04
4.817737682982545344e+00 1.144746514067440657e+00
4.824027157764506413e+00 1.855183262852039827e-01
4.830316632546468369e+00 1.502520556729359580e+00
4.836606107328430326e+00 1.381218355567019884e+00
4.842895582110391395e+00 1.287800074059790134e+00
4.849185056892353352e+00 5.815383681076177202e-01
4.855474531674314420e+00 4.261372124005757822e-02
4.861764006456276377e+00 1.833977726388937302e-01
4.868053481238237445e+00 1.392435373524200992e+00
4.874342956020199402e+00 -3.071356093907978702e-01
4.880632430802160471e+00 -4.172023045538924557e-01
4.886921905584122428e+00 7.724112603893307227e-02
4.893211380366083496e+00 9.404430953059510490e-01
4.899500855148045453e+00 3.841237943929182164e-01
4.905790329930006521e+00 1.346511959211256659e+00
4.912079804711968478e+00 5.104520642903584982e-01
4.918369279493930435e+00 1.223962308788184794e+00
4.924658754275891503e+00 -2.442437165004232025e-01
4.930948229057853460e+00 6.455570150600922208e-01
4.937237703839814529e+00 1.020602999723187132e+00
4.943527178621776486e+00 4.566564321943427096e-01
4.949816653403737554e+00 1.080275938821726456e+00
4.956106128185699511e+00 1.111909274555764604e+00
4.962395602967660579e+00 -5.064237885918736470e-01
4.968685077749622536e+00 3.079916991176424590e-01
4.974974552531583605e+00 8.620994309992280336e-01
4.981264027313545562e+00 6.019768277816184288e-01
4.987553502095506630e+00 -1.301089896359221010e-01
4.993842976877468587e+00 4.694700661918371765e-02
5.000132451659430544e+00 -4.665400394184548993e-01
5.006421926441391612e+00 6.731235241115500756e-01
5.012711401223353569e+00 1.045529404159263098e+00
5.019000876005314637e+00 2.496551251287002504e-01
5.025290350787276594e+00 3.275763994124989420e-01
5.031579825569237663e+00 1.237719696136573511e+00
5.037869300351199620e+00 7.700796480890108597e-01
5.044158775133160688e+00 -6.423076644066102459e-01
5.050448249915122645e+00 3.073218025876647275e-01
5.056737724697083713e+00 9.828981293291073618e-01
5.063027199479045670e+00 2.880167619833926551e-01
5.069316674261006739e+00 -4.868397475635823923e-01
5.075606149042968696e+00 -4.324310120324519335e-01
5.081895623824930652e+00 1.110751044851329361e+00
5.088185098606891721e+00 5.482447801499407136e-01
5.094474573388853678e+00 -8.178010258979762082e-02
5.100764048170814746e+00 1.215910393128609712e-01
5.107053522952776703e+00 4.373589524644194704e-01
5.113342997734737772e+00 1.064783945967855860e+00
5.119632472516699728e+00 -1.802044807666483006e-01
5.125921947298660797e+00 1.692591310081280609e-01
5.132211422080622754e+00 -7.405314576497530332e-01
5.138500896862583822e+00 8.326398057571247069e-01
5.144790371644545779e+00 9.068861413677530292e-01
5.151079846426506847e+00 9.262653597275798401e-01
5.157369321208468804e+00 6.406468809669769726e-01
5.163658795990430761e+00 9.933800120970170955e-01
5.169948270772391830e+00 9.829834481721569928e-01
5.176237745554353786e+00 -3.476510041540720186e-01
5.182527220336314855e+00 -5.247313314548924801e-01
5.188816695118276812e+00 -5.300826384605475949e-01
5.195106169900237880e+00 -1.184936503189345514e-01
5.201395644682199837e+00 5.385697482037183903e-01
5.207685119464160906e+00 8.758261452357353205e-01
5.213974594246122862e+00 9.383857624135198972e-01
5.220264069028083931e+00 9.041722223912751488e-01
5.226553543810045888e+00 -7.198870636116616595e-02
5.232843018592006956e+00 -5.250926304797234323e-01
5.239132493373968913e+00 -3.336145147210920481e-01
5.245421968155930870e+00 -2.177254406668938103e-03
5.251711442937891938e+00 1.028259682804543385e+00
5.258000917719853895e+00 4.253695049618222424e-01
5.264290392501814964e+00 -6.098416460128013306e-01
5.270579867283776920e+00 2.986169970676897378e-01
5.276869342065737989e+00 4.919034083871307583e-01
5.283158816847699946e+00 5.635688042171517198e-01
5.289448291629661014e+00 9.070548972475478422e-01
5.295737766411622971e+00 5.133685706531843085e-01
5.302027241193584040e+00 3.936891226660631515e-01
5.308316715975545996e+00 1.475192738509756296e+00
5.314606190757507953e+00 -3.266261123955285783e-01
5.320895665539469022e+00 -1.271365953189803610e-01
5.327185140321430978e+00 3.208898861432532001e-01
5.333474615103392047e+00 7.565662450754710999e-01
5.339764089885354004e+00 2.100825321701878523e-01
5.346053564667315072e+00 1.210202988280950409e+00
5.352343039449277029e+00 2.531311753693892830e-01
5.358632514231238098e+00 4.854834775532884672e-01
5.364921989013200054e+00 1.702695495828356331e-01
5.371211463795161123e+00 5.456442744364680131e-01
5.377500938577123080e+00 1.318767904929619927e+00
5.383790413359084148e+00 1.198645415863175856e+00
5.390079888141046105e+00 1.279734989250648769e-01
5.396369362923008062e+00 1.784595837330572810e+00
5.402658837704969130e+00 5.777235778931535393e-01
5.408948312486931087e+00 6.365229862753956080e-01
5.415237787268892156e+00 6.367330412531531092e-01
5.421527262050854112e+00 3.938372579666742368e-01
5.427816736832815181e+00 1.817511477656841734e+00
5.434106211614777138e+00 1.191333265424615817e+00
5.440395686396738206e+00 1.357471838684074061e+00
5.446685161178700163e+00 6.992864096481038461e-02
5.452974635960661232e+00 6.518785624508471876e-01
5.459264110742623188e+00 9.613159104797360799e-01
5.465553585524584257e+00 3.505982714450963655e-01
5.471843060306546214e+00 1.508164576538656876e+00
5.478132535088508170e+00 7.906164656572154392e-01
5.484422009870469239e+00 1.902317886504914846e+00
5.490711484652431196e+00 5.489196830367540914e-01
5.497000959434392264e+00 7.873627896407273674e-01
5.503290434216354221e+00 1.095582509606018995e+00
5.509579908998315290e+00 1.726186921996420764e+00
5.515869383780277246e+00 1.668817881553615212e+00
5.522158858562238315e+00 9.931383028595777152e-01
5.528448333344200272e+00 1.317002146448198463e+00
5.534737808126161340e+00 6.052329118222251614e-01
5.541027282908123297e+00 2.413067777432349903e+00
5.547316757690084366e+00 1.936235857941373206e+00
5.553606232472046322e+00 1.411371957203141569e+00
5.559895707254008279e+00 7.385442486350033420e-01
5.566185182035969348e+00 2.464984954225407421e+00
5.572474656817931304e+00 2.000787634164143736e+00
5.578764131599892373e+00 9.075509077645198541e-01
5.585053606381854330e+00 1.218472403400253867e+00
5.591343081163815398e+00 2.418086082951571125e+00
5.597632555945777355e+00 2.337277093268322226e+00
5.603922030727738424e+00 1.005988057936167523e+00
5.610211505509700380e+00 1.352455758792610485e+00
5.616500980291661449e+00 1.197364482635648208e+00
5.622790455073623406e+00 2.045898855958440787e+00
5.629079929855584474e+00 1.281326204025834414e+00
5.635369404637546431e+00 1.786551732776130663e+00
5.641658879419508388e+00 1.073683841088035384e+00
5.647948354201469456e+00 2.197794668336308987e+00
5.654237828983431413e+00 1.682542429300251774e+00
5.660527303765392482e+00 2.022703409682679254e+00
5.666816778547354438e+00 2.115718931380293544e+00
5.673106253329315507e+00 1.755566615302136757e+00
5.679395728111277464e+00 2.136573058845418593e+00
5.685685202893238532e+00 2.303233794933501333e+00
5.691974677675200489e+00 1.750867471544720999e+00
5.698264152457161558e+00 1.923033653862623815e+00
5.704553627239123514e+00 2.162021843891052342e+00
5.710843102021084583e+00 1.882743898004138661e+00
5.717132576803046540e+00 1.272610670867463156e+00
5.723422051585008496e+00 2.181876779478617578e+00
5.729711526366969565e+00 1.053054445954569651e+00
5.736001001148931522e+00 2.080225056373321557e+00
5.742290475930892590e+00 1.071470327920578614e+00
5.748579950712854547e+00 1.542471545423813373e+00
5.754869425494815616e+00 9.044604830368205839e-01
5.761158900276777572e+00 8.736901382188079213e-01
5.767448375058738641e+00 1.530909698908434757e+00
5.773737849840700598e+00 2.092864252451889229e+00
5.780027324622661666e+00 2.310777718802056846e+00
5.786316799404623623e+00 1.332136922184697037e+00
5.792606274186584692e+00 1.702725952520779185e+00
5.798895748968546648e+00 1.394825311361365561e+00
5.805185223750508605e+00 1.917575448160038887e+00
5.811474698532469674e+00 6.796463902784033451e-01
5.817764173314431631e+00 2.033579319588555201e+00
5.824053648096392699e+00 1.081519344524312309e+00
5.830343122878354656e+00 5.187213914248285374e-01
5.836632597660315724e+00 1.736974477148905738e+00
5.842922072442277681e+00 1.967393949096044370e+00
5.849211547224238750e+00 3.234702657736440168e-01
5.855501022006200706e+00 6.316241313230035459e-01
5.861790496788161775e+00 8.999189711167421279e-01
5.868079971570123732e+00 8.214642664311111453e-01
5.874369446352084800e+00 3.511040093613377877e-01
5.880658921134046757e+00 1.379078475271358961e+00
5.886948395916008714e+00 1.492594506148804401e+00
5.893237870697969782e+00 1.365131016809192577e+00
5.899527345479931739e+00 9.497129024998766100e-01
5.905816820261892808e+00 1.707244130325793696e+00
5.912106295043854765e+00 1.069881229996031857e+00
5.918395769825815833e+00 1.740890269139656388e+00
5.924685244607777790e+00 2.949788195472408669e-01
5.930974719389738858e+00 1.178842653091711767e+00
5.937264194171700815e+00 -1.620967866210488717e-01
5.943553668953661884e+00 7.745213685290622818e-01
5.949843143735623840e+00 1.034572409414245442e+00
5.956132618517584909e+00 4.671245903222082108e-02
5.962422093299546866e+00 -3.962981065979242490e-01
5.968711568081508823e+00 3.835679190016749729e-02
5.975001042863469891e+00 1.330162533093135036e+00
5.981290517645431848e+00 -3.238159610035957758e-01
5.987579992427392916e+00 -1.789474873247247633e-01
5.993869467209354873e+00 3.380884202937586291e-01
6.000158941991315942e+00 -5.921500733896858382e-01
6.006448416773277899e+00 -3.565241374245995409e-01
6.012737891555238967e+00 8.691763230062155010e-01
6.019027366337200924e+00 7.412300551398529613e-01
6.025316841119161992e+00 3.296183974608635214e-01
6.031606315901123949e+00 -3.531048523451558729e-01
6.037895790683085906e+00 -8.464856465822492293e-01
6.044185265465046974e+00 2.910522804262838381e-01
6.050474740247008931e+00 -6.781679922652295023e-01
6.056764215028970000e+00 -1.058838351309692838e+00
6.063053689810931957e+00 -4.451734353884186923e-01
6.069343164592893025e+00 -1.214109544694057741e+00
6.075632639374854982e+00 1.209912268779655964e-01
6.081922114156816050e+00 -1.633131976696755583e-01
6.088211588938778007e+00 -5.200778488273900546e-01
6.094501063720739076e+00 -5.374853381352087123e-01
6.100790538502701033e+00 2.911614345565693984e-01
6.107080013284662101e+00 1.090823611712865571e-02
6.113369488066624058e+00 -7.337636242107941076e-01
6.119658962848586015e+00 -1.549748841170699221e+00
6.125948437630547083e+00 2.796843975114904346e-01
6.132237912412509040e+00 -4.292845490371726136e-01
6.138527387194470109e+00 -1.557403162691683107e+00
6.144816861976432065e+00 8.056949247666955749e-02
6.151106336758393134e+00 -3.807281114993743554e-01
6.157395811540355091e+00 -7.727361526892622123e-01
6.163685286322316159e+00 9.295142152944535496e-02
6.169974761104278116e+00 -9.095711908720367500e-01
6.176264235886239184e+00 -6.919125456220729387e-01
6.182553710668201141e+00 -1.986263305881310615e-01
6.188843185450162210e+00 -1.920659036107866813e+00
6.195132660232124167e+00 -1.024354322560203867e+00
6.201422135014086123e+00 -1.194992590487159667e+00
6.207711609796047192e+00 -3.182910553504181284e-01
6.214001084578009149e+00 -8.237153595849953103e-01
6.220290559359970217e+00 -6.286793037947930873e-01
6.226580034141932174e+00 -1.036850932053629881e+00
6.232869508923893243e+00 -1.275650082569756316e+00
6.239158983705855199e+00 -3.406146746282163740e-01
6.245448458487816268e+00 -4.764813410981316721e-01
6.251737933269778225e+00 -1.347392020227382137e+00
6.258027408051739293e+00 -6.736513432077098074e-01
6.264316882833701250e+00 -1.220780829364923603e+00
6.270606357615662318e+00 -5.685688167625435607e-01
6.276895832397624275e+00 -8.767185834317139381e-01
6.283185307179586232e+00 -4.414565190006292106e-01
