0.000000000000000000e+00 -3.510808754119074671e-01
6.289474781961547356e-03 -3.527780308108350860e-01
1.257894956392309471e-02 3.004545325173983983e-01
1.886842434588464207e-02 6.348774293413698144e-01
2.515789912784618942e-02 8.907972237358857681e-02
3.144737390980773678e-02 -2.395856705045338875e-01
3.773684869176928414e-02 1.370610463741288365e+00
4.402632347373083149e-02 -2.823959232920800755e-01
5.031579825569237885e-02 1.189922476587245370e+00
5.660527303765392620e-02 6.718813653603624703e-01
6.289474781961547356e-02 1.123906169261916110e+00
6.918422260157702786e-02 -1.088309054092428951e-01
7.547369738353856827e-02 6.683727307460534117e-01
8.176317216550010869e-02 3.203702271990393480e-01
8.805264694746166299e-02 1.988230796950844481e-01
9.434212172942321728e-02 6.982225408737903205e-01
1.006315965113847577e-01 3.055480174654729431e-01
1.069210712933462981e-01 3.118909569249203040e-01
1.132105460753078524e-01 1.026430021128035275e+00
1.195000208572694067e-01 1.383276749420571661e-01
1.257894956392309471e-01 -2.551868334688165985e-01
1.320789704211924875e-01 1.302806131779214560e+00
1.383684452031540557e-01 1.597382863176677992e+00
1.446579199851155961e-01 7.693848388799235938e-01
1.509473947670771365e-01 8.614339071343521947e-01
1.572368695490386770e-01 1.277007056201357349e+00
1.635263443310002174e-01 1.624334935858983808e+00
1.698158191129617856e-01 3.886641821199953162e-01
1.761052938949233260e-01 5.343292285544412046e-01
1.823947686768848664e-01 9.221682358159766224e-01
1.886842434588464346e-01 1.469174112820050393e+00
1.949737182408079750e-01 1.738526273487440155e-01
2.012631930227695154e-01 1.069947323486468926e+00
2.075526678047310558e-01 3.054437418507242041e-01
2.138421425866925962e-01 1.502507063205297477e+00
2.201316173686541644e-01 -2.830890903753719989e-01
2.264210921506157048e-01 -3.357554978432264470e-03
2.327105669325772452e-01 5.363171091399232537e-02
2.390000417145388134e-01 6.140560692937835352e-01
2.452895164965003538e-01 9.592231093997534153e-01
2.515789912784618942e-01 -2.312356728318443189e-01
2.578684660604234624e-01 2.530663039505311462e-01
2.641579408423849751e-01 5.828160169672907953e-01
2.704474156243465433e-01 1.986012283399285483e-01
2.767368904063081114e-01 4.280719416011837253e-01
2.830263651882696241e-01 -3.445003714254116778e-01
2.893158399702311923e-01 4.209776257670441724e-01
2.956053147521927049e-01 2.827765847053721471e-01
3.018947895341542731e-01 5.714319484893388701e-01
3.081842643161158413e-01 -1.089576022694909163e-01
3.144737390980773539e-01 -2.600580969538857090e-01
3.207632138800389221e-01 2.474857434598621841e-01
3.270526886620004348e-01 2.291958107606457684e-01
3.333421634439620029e-01 -5.790819801506474906e-02
3.396316382259235711e-01 5.635827523203995604e-02
3.459211130078850838e-01 3.152019461465886963e-01
3.522105877898466519e-01 6.571915469050653158e-01
3.585000625718082201e-01 2.292642713187130754e-01
3.647895373537697328e-01 9.912142828793220062e-01
3.710790121357313009e-01 4.623531943973315794e-01
3.773684869176928691e-01 9.475504384156341331e-02
3.836579616996543818e-01 7.258272265113977495e-01
3.899474364816159500e-01 -1.927270225422195171e-01
3.962369112635774626e-01 5.814984197213850514e-01
4.025263860455390308e-01 -4.968393895677755134e-01
4.088158608275005990e-01 1.169976926614070489e+00
4.151053356094621116e-01 1.042764590732308871e+00
4.213948103914236798e-01 -2.663728170978054699e-01
4.276842851733851925e-01 1.032630116424121614e+00
4.339737599553467606e-01 6.039227443508661253e-01
4.402632347373083288e-01 -3.496451928050445801e-01
4.465527095192698415e-01 7.048178317801871984e-01
4.528421843012314096e-01 -5.444074729482233366e-01
4.591316590831929778e-01 -7.182243115869026973e-01
4.654211338651544905e-01 -7.523189291887439900e-01
4.717106086471160586e-01 2.295758623233757900e-01
4.780000834290776268e-01 -1.251324239974604957e-02
4.842895582110391395e-01 7.937091478223944341e-01
4.905790329930007077e-01 -2.336630446814500495e-01
4.968685077749622203e-01 -8.475734123359857097e-01
5.031579825569237885e-01 -7.435833109732266077e-01
5.094474573388853011e-01 -9.195686107849143642e-01
5.157369321208469248e-01 8.626525564951990077e-01
5.220264069028084375e-01 -5.367269529358775770e-01
5.283158816847699502e-01 -4.683417450538256421e-01
5.346053564667315738e-01 -9.053315638040302371e-01
5.408948312486930865e-01 3.074316760332522769e-01
5.471843060306545992e-01 6.243411478617693078e-01
5.534737808126162228e-01 4.031771839496656185e-01
5.597632555945777355e-01 1.399961505887483693e-01
5.660527303765392482e-01 -1.076971190225084030e+00
5.723422051585007608e-01 1.034084429676382921e-01
5.786316799404623845e-01 -3.052203769031345271e-01
5.849211547224238972e-01 -7.494197130809967522e-01
5.912106295043854098e-01 2.209233564216965817e-01
5.975001042863470335e-01 5.994274109413337825e-01
6.037895790683085462e-01 1.653357545320512934e-01
6.100790538502700588e-01 -1.211481999985560831e+00
6.163685286322316825e-01 -9.969700535396710528e-01
6.226580034141931952e-01 6.961039159350532746e-01
6.289474781961547079e-01 -1.132342401158501488e-01
6.352369529781163315e-01 -5.735038201043431982e-01
6.415264277600778442e-01 -9.511282069674877881e-01
6.478159025420393569e-01 5.371590459363817516e-02
6.541053773240008695e-01 -1.899442937506545803e-03
6.603948521059624932e-01 -1.149432715288717377e+00
6.666843268879240059e-01 -3.521760714249235757e-01
6.729738016698855185e-01 1.475383842138038304e-01
6.792632764518471422e-01 -1.281210237768917182e-01
6.855527512338086549e-01 -1.167051170996223686e+00
6.918422260157701675e-01 -1.139515611835488107e+00
6.981317007977317912e-01 -8.376984438109642550e-01
7.044211755796933039e-01 -8.363635534163733620e-01
7.107106503616548165e-01 1.771011588454340924e-02
7.170001251436164402e-01 -9.347160904291704764e-01
7.232895999255779529e-01 -5.312349094812680583e-01
7.295790747075394655e-01 1.066751671658388023e-01
7.358685494895010892e-01 6.558723547269746934e-01
7.421580242714626019e-01 3.011248364663214883e-01
7.484474990534241146e-01 1.742695536280012281e-01
7.547369738353857382e-01 -4.015006425716485250e-01
7.610264486173472509e-01 7.824904396956555708e-01
7.673159233993087636e-01 3.170786220211789797e-01
7.736053981812702762e-01 3.181258433948790376e-01
7.798948729632318999e-01 2.270375290230350895e-01
7.861843477451934126e-01 -1.043900303053251211e+00
7.924738225271549252e-01 -7.565076150658154308e-01
7.987632973091165489e-01 -8.990337077086962836e-02
8.050527720910780616e-01 -4.505801312280204307e-01
8.113422468730395742e-01 -5.084329814538812720e-02
8.176317216550011979e-01 5.224886941155617581e-01
8.239211964369627106e-01 -4.930102953058874693e-01
8.302106712189242232e-01 4.397627866050382028e-01
8.365001460008858469e-01 6.543640953563671925e-01
8.427896207828473596e-01 -1.584534839375691950e-01
8.490790955648088723e-01 -5.297337882311679014e-01
8.553685703467703849e-01 5.206905112344106801e-01
8.616580451287320086e-01 7.276757898388197532e-02
8.679475199106935213e-01 2.461702407691943595e-01
8.742369946926550339e-01 -9.826522129467019084e-02
8.805264694746166576e-01 -1.736215226392689992e-02
8.868159442565781703e-01 8.443699070395473960e-01
8.931054190385396829e-01 -1.045325026030079485e-01
8.993948938205013066e-01 -2.321581150038366514e-01
9.056843686024628193e-01 8.514091727508565910e-01
9.119738433844243319e-01 4.623649914019785090e-01
9.182633181663859556e-01 -5.174996905087891896e-02
9.245527929483474683e-01 1.766210822656799628e-01
9.308422677303089809e-01 1.428971922475348766e+00
9.371317425122706046e-01 9.669390440135270381e-01
9.434212172942321173e-01 1.248925590493074056e+00
9.497106920761936300e-01 1.206484593580438247e+00
9.560001668581552536e-01 1.241498267484842266e+00
9.622896416401167663e-01 1.058286730274402787e+00
9.685791164220782790e-01 1.665424994073607223e+00
9.748685912040397916e-01 -2.240128969278001869e-02
9.811580659860014153e-01 1.528030893924987310e-01
9.874475407679629280e-01 1.065677022440409072e+00
9.937370155499244406e-01 1.395073587746398447e+00
1.000026490331886064e+00 4.561208347748520464e-01
1.006315965113847577e+00 6.172396972548377381e-01
1.012605439895809090e+00 1.348966324338676803e-01
1.018894914677770602e+00 2.287145798389431661e-01
1.025184389459732115e+00 1.994762843382799300e+00
1.031473864241693850e+00 5.786477409228458768e-01
1.037763339023655362e+00 7.225034648297107287e-01
1.044052813805616875e+00 1.609809382468957661e+00
1.050342288587578388e+00 4.301571228376033229e-01
1.056631763369539900e+00 2.038145508441050691e+00
1.062921238151501413e+00 1.005958020031224809e+00
1.069210712933463148e+00 1.036172252142074868e+00
1.075500187715424660e+00 1.020018544239517988e+00
1.081789662497386173e+00 2.016817564214163028e+00
1.088079137279347686e+00 1.676593726646282034e+00
1.094368612061309198e+00 1.874789184833618005e+00
1.100658086843270711e+00 2.443036345395338760e+00
1.106947561625232446e+00 9.798793819608111466e-01
1.113237036407193958e+00 9.888419313678737943e-01
1.119526511189155471e+00 1.819715758935531280e+00
1.125815985971116984e+00 2.080667405572904194e+00
1.132105460753078496e+00 2.714064206470721441e+00
1.138394935535040009e+00 2.363028715352186726e+00
1.144684410317001522e+00 2.761943140543078101e+00
1.150973885098963256e+00 1.766570743436292723e+00
1.157263359880924769e+00 2.163741319971007826e+00
1.163552834662886282e+00 2.108223766424961010e+00
1.169842309444847794e+00 1.969632980310953130e+00
1.176131784226809307e+00 2.248205554073958723e+00
1.182421259008770820e+00 2.133367469920536497e+00
1.188710733790732554e+00 1.924339665931403598e+00
1.195000208572694067e+00 1.234833668291548614e+00
1.201289683354655580e+00 1.360184340562824001e+00
1.207579158136617092e+00 3.010351861034559651e+00
1.213868632918578605e+00 1.282461761400453648e+00
1.220158107700540118e+00 2.108332897028521558e+00
1.226447582482501630e+00 2.774158830932819342e+00
1.232737057264463365e+00 2.472490074612684552e+00
1.239026532046424878e+00 3.084158987583831113e+00
1.245316006828386390e+00 1.228640293719196475e+00
1.251605481610347903e+00 2.321972287970595517e+00
1.257894956392309416e+00 1.763963607999008643e+00
1.264184431174270928e+00 1.308829322649172511e+00
1.270473905956232663e+00 1.998800340736285319e+00
1.276763380738194176e+00 2.284747125550560476e+00
1.283052855520155688e+00 1.193586290289802010e+00
1.289342330302117201e+00 2.001722458381433256e+00
1.295631805084078714e+00 1.301594838699508871e+00
1.301921279866040226e+00 2.712025212313770695e+00
1.308210754648001739e+00 1.658369432703719060e+00
1.314500229429963474e+00 2.263976815192651149e+00
1.320789704211924986e+00 1.400835833718764079e+00
1.327079178993886499e+00 2.850455905516613875e+00
1.333368653775848012e+00 1.548206814285418842e+00
1.339658128557809524e+00 2.301304753260978053e+00
1.345947603339771037e+00 1.113843231781523890e+00
1.352237078121732772e+00 2.287132321105675548e+00
1.358526552903694284e+00 2.324390615075555111e+00
1.364816027685655797e+00 1.776019653546649923e+00
1.371105502467617310e+00 1.495305287610143807e+00
1.377394977249578822e+00 1.427991482266836254e+00
1.383684452031540335e+00 2.818585548635076155e+00
1.389973926813502070e+00 2.327246197197509581e+00
1.396263401595463582e+00 2.387218487882227347e+00
1.402552876377425095e+00 1.617751368732247563e+00
1.408842351159386608e+00 1.928154127853648925e+00
1.415131825941348120e+00 1.257124782583783018e+00
1.421421300723309633e+00 1.355048417487793255e+00
1.427710775505271146e+00 1.951327603323278481e+00
1.434000250287232880e+00 1.738299912383573842e+00
1.440289725069194393e+00 8.765531970910378501e-01
1.446579199851155906e+00 2.071007810343343358e+00
1.452868674633117418e+00 1.704465569838147232e+00
1.459158149415078931e+00 2.573434053205061911e+00
1.465447624197040444e+00 1.708511599690630600e+00
1.471737098979002178e+00 2.079285518283099599e+00
1.478026573760963691e+00 2.350701041123344215e+00
1.484316048542925204e+00 4.410862779644812437e-01
1.490605523324886716e+00 1.234283462693426259e+00
1.496894998106848229e+00 2.292335791169831438e+00
1.503184472888809742e+00 3.941080919641783975e-01
1.509473947670771476e+00 1.812255154578374272e+00
1.515763422452732989e+00 1.677810347251112777e+00
1.522052897234694502e+00 7.259607175707425419e-01
1.528342372016656014e+00 2.067543109910551014e+00
1.534631846798617527e+00 8.338061513310390804e-02
1.540921321580579040e+00 7.243952835746958474e-01
1.547210796362540552e+00 1.832330785466425471e+00
1.553500271144502287e+00 9.811167256520352264e-01
1.559789745926463800e+00 1.321427196564020301e+00
1.566079220708425312e+00 7.260529015078975856e-01
1.572368695490386825e+00 -6.261001641430702369e-02
1.578658170272348338e+00 9.750545140356969842e-02
1.584947645054309850e+00 1.199814338511490108e-01
1.591237119836271585e+00 2.067579033764917473e-01
1.597526594618233098e+00 5.044139525426540871e-01
1.603816069400194610e+00 7.687041424948413137e-01
1.610105544182156123e+00 1.685918568763877801e-02
1.616395018964117636e+00 1.698852172451899012e-01
1.622684493746079148e+00 4.091670469309969249e-01
1.628973968528040661e+00 1.109896414782118423e+00
1.635263443310002396e+00 2.027976693509188078e-01
1.641552918091963909e+00 1.030206012277474326e+00
1.647842392873925421e+00 5.345521244612037037e-01
1.654131867655886934e+00 -7.259570314830245952e-01
1.660421342437848446e+00 -6.594029818929871833e-01
1.666710817219809959e+00 5.646974851316599597e-04
1.673000292001771694e+00 1.944292855048690427e-01
1.679289766783733207e+00 -7.434724999974535731e-01
1.685579241565694719e+00 -7.022985883919725669e-01
1.691868716347656232e+00 -6.300142250313907066e-01
1.698158191129617745e+00 -1.222929909474950838e+00
1.704447665911579257e+00 6.232387431915697995e-02
1.710737140693540770e+00 3.658069949049820302e-01
1.717026615475502505e+00 -1.000418799236963530e+00
1.723316090257464017e+00 -4.423767816134402953e-01
1.729605565039425530e+00 4.568928643147192048e-01
1.735895039821387043e+00 -4.553939094087389172e-02
1.742184514603348555e+00 -7.340043431266574103e-02
1.748473989385310068e+00 -9.799753098589705225e-01
1.754763464167271803e+00 -9.424098504863238634e-01
1.761052938949233315e+00 2.448070730523865812e-01
1.767342413731194828e+00 -1.273237486308363753e+00
1.773631888513156341e+00 -1.652998059127253061e-01
1.779921363295117853e+00 1.013006552235602431e-01
1.786210838077079366e+00 -3.036068892006504871e-01
1.792500312859041101e+00 -5.067225234082608498e-01
1.798789787641002613e+00 -1.215837898471296530e+00
1.805079262422964126e+00 -1.657180777557930140e+00
1.811368737204925639e+00 -7.289928791003470465e-01
1.817658211986887151e+00 -1.739839021970623900e-01
1.823947686768848664e+00 -4.243582250209725348e-01
1.830237161550810177e+00 -1.491378731815946157e+00
1.836526636332771911e+00 -6.094617284560124304e-01
1.842816111114733424e+00 -7.756211458887705135e-01
1.849105585896694937e+00 -1.712283874221482982e-01
1.855395060678656449e+00 -1.834248594061249849e+00
1.861684535460617962e+00 -4.754804912451600085e-01
1.867974010242579475e+00 -2.034011903752215744e+00
1.874263485024541209e+00 -7.069814120896622534e-02
1.880552959806502722e+00 -1.532468135772496076e+00
1.886842434588464235e+00 -7.503243661193965686e-01
1.893131909370425747e+00 -1.138275235557510312e+00
1.899421384152387260e+00 -6.171542678673818116e-01
1.905710858934348773e+00 -8.951346201361360944e-01
1.912000333716310507e+00 -4.426855591983056559e-01
1.918289808498272020e+00 -1.468929759483077913e+00
1.924579283280233533e+00 -1.192255876315861940e+00
1.930868758062195045e+00 -3.484914511810772719e-01
1.937158232844156558e+00 -7.507924998238004743e-01
1.943447707626118071e+00 -1.705964269721905735e+00
1.949737182408079583e+00 -9.385817221406196342e-01
1.956026657190041318e+00 -1.641593295744143033e+00
1.962316131972002831e+00 -9.978898940861591349e-02
1.968605606753964343e+00 -7.983538688158073882e-01
1.974895081535925856e+00 -1.467900549680513977e+00
1.981184556317887369e+00 -9.571678433597665681e-01
1.987474031099848881e+00 6.718607018796118879e-03
1.993763505881810616e+00 -1.513240183220758706e+00
2.000052980663772129e+00 -1.693007226024510592e+00
2.006342455445733641e+00 -6.355566987978800153e-01
2.012631930227695154e+00 -3.725882881324831253e-01
2.018921405009656667e+00 -1.382322649941718717e+00
2.025210879791618179e+00 -1.120434859352970269e+00
2.031500354573579692e+00 -1.064240446569100218e-01
2.037789829355541205e+00 -1.130603590109533263e+00
2.044079304137502717e+00 -1.311287674932777758e+00
2.050368778919464230e+00 -6.414549976654719821e-01
2.056658253701426187e+00 -2.308960252687495274e-01
2.062947728483387699e+00 -9.301558978664714594e-01
2.069237203265349212e+00 3.683761084157222143e-01
2.075526678047310725e+00 1.917569350359711322e-01
2.081816152829272237e+00 -4.410380985379926955e-01
2.088105627611233750e+00 7.858153206245612754e-01
2.094395102393195263e+00 7.220567951109500004e-01
2.100684577175156775e+00 -4.626628191579993388e-01
2.106974051957118288e+00 8.012513632298629007e-01
2.113263526739079801e+00 5.042027370745999493e-01
2.119553001521041313e+00 1.109846628370081412e-02
2.125842476303002826e+00 -4.424319059382811892e-01
2.132131951084964339e+00 4.204734525734565853e-01
2.138421425866926295e+00 -1.929827564556947372e-01
2.144710900648887808e+00 3.469399425328634212e-01
2.151000375430849321e+00 -4.036536617143409167e-01
2.157289850212810833e+00 1.050283473269589596e+00
2.163579324994772346e+00 2.359838650193572529e-01
2.169868799776733859e+00 1.337525468205522428e+00
2.176158274558695371e+00 9.468241463313753492e-01
2.182447749340656884e+00 5.476895593681391228e-01
2.188737224122618397e+00 7.914588051476552089e-01
2.195026698904579909e+00 4.822093583316422460e-01
2.201316173686541422e+00 1.483327726573791638e+00
2.207605648468502935e+00 3.439743443418608049e-01
2.213895123250464891e+00 6.282742222240258467e-01
2.220184598032426404e+00 1.732215994358454303e+00
2.226474072814387917e+00 1.723848866405338853e+00
2.232763547596349429e+00 4.376594514963479954e-01
2.239053022378310942e+00 1.938381067398074364e+00
2.245342497160272455e+00 2.011712993622967183e+00
2.251631971942233967e+00 1.547317863792780690e+00
2.257921446724195480e+00 1.304552995838959006e+00
2.264210921506156993e+00 1.040520889639491964e+00
2.270500396288118505e+00 1.931733697825565699e+00
2.276789871070080018e+00 1.490407476019315780e+00
2.283079345852041531e+00 9.207760077112780994e-01
2.289368820634003043e+00 2.473517654125120924e+00
2.295658295415965000e+00 2.025880571553683396e+00
2.301947770197926513e+00 2.252544115299164318e+00
2.308237244979888025e+00 1.718318340135329914e+00
2.314526719761849538e+00 2.337216780576669706e+00
2.320816194543811051e+00 2.988016521067235587e+00
2.327105669325772563e+00 1.754721289601646861e+00
2.333395144107734076e+00 1.317564676872252205e+00
2.339684618889695589e+00 1.586349082932215993e+00
2.345974093671657101e+00 3.048889411398902460e+00
2.352263568453618614e+00 2.003654274990615658e+00
2.358553043235580127e+00 2.343679606562647955e+00
2.364842518017541639e+00 2.256891495431122330e+00
2.371131992799503152e+00 1.635008770804414313e+00
2.377421467581465109e+00 2.230846616409214889e+00
2.383710942363426621e+00 1.627502775902859966e+00
2.390000417145388134e+00 2.036703719409516555e+00
2.396289891927349647e+00 2.197995611665014781e+00
2.402579366709311159e+00 3.186578284542992634e+00
2.408868841491272672e+00 2.403810725464349041e+00
2.415158316273234185e+00 2.210909521106521503e+00
2.421447791055195697e+00 3.106197689986682775e+00
2.427737265837157210e+00 3.505646315735881480e+00
2.434026740619118723e+00 3.292423572714856750e+00
2.440316215401080235e+00 2.484918768179117166e+00
2.446605690183041748e+00 3.726380852601351990e+00
2.452895164965003261e+00 2.703391453697582492e+00
2.459184639746965217e+00 2.906120340158099946e+00
2.465474114528926730e+00 3.739670565432816396e+00
2.471763589310888243e+00 2.856193625259496827e+00
2.478053064092849755e+00 2.490642171942879735e+00
2.484342538874811268e+00 2.543809058416220736e+00
2.490632013656772781e+00 2.991009410765663290e+00
2.496921488438734293e+00 2.074678711250586893e+00
2.503210963220695806e+00 2.048547278637588676e+00
2.509500438002657319e+00 3.259932301269984123e+00
2.515789912784618831e+00 3.709184215981432331e+00
2.522079387566580344e+00 3.292116550871550640e+00
2.528368862348541857e+00 2.083074497801032265e+00
2.534658337130503369e+00 2.673545505477798123e+00
2.540947811912465326e+00 3.449376689013873509e+00
2.547237286694426839e+00 2.971061493644843843e+00
2.553526761476388351e+00 2.044723692865026088e+00
2.559816236258349864e+00 1.968192038152477341e+00
2.566105711040311377e+00 3.257215509239823170e+00
2.572395185822272889e+00 2.007430433956177040e+00
2.578684660604234402e+00 2.692625025016102569e+00
2.584974135386195915e+00 3.254317788199901695e+00
2.591263610168157427e+00 2.939932973711062658e+00
2.597553084950118940e+00 3.216891153813164372e+00
2.603842559732080453e+00 3.522602887990882614e+00
2.610132034514041965e+00 3.378544920948740149e+00
2.616421509296003478e+00 3.677747489365737366e+00
2.622710984077965435e+00 2.572867151499262039e+00
2.629000458859926947e+00 2.040082108102902581e+00
2.635289933641888460e+00 2.486501558977063375e+00
2.641579408423849973e+00 3.161130468601296428e+00
2.647868883205811485e+00 2.961949165901363035e+00
2.654158357987772998e+00 2.908070150698222278e+00
2.660447832769734511e+00 2.848331404512809861e+00
2.666737307551696023e+00 2.121588876912529287e+00
2.673026782333657536e+00 3.179761798416822494e+00
2.679316257115619049e+00 2.033103103719465565e+00
2.685605731897580561e+00 1.777456772087111947e+00
2.691895206679542074e+00 2.065661042173087658e+00
2.698184681461504031e+00 2.914284646479233132e+00
2.704474156243465544e+00 1.851348277791109442e+00
2.710763631025427056e+00 1.659025527365032060e+00
2.717053105807388569e+00 2.175440382564325148e+00
2.723342580589350082e+00 2.756083164848629696e+00
2.729632055371311594e+00 1.209371721482573214e+00
2.735921530153273107e+00 1.817788711511574951e+00
2.742211004935234619e+00 1.271363029107035914e+00
2.748500479717196132e+00 2.409001997790061633e+00
2.754789954499157645e+00 1.093953766788817727e+00
2.761079429281119157e+00 2.452035931488440124e+00
2.767368904063080670e+00 2.209722692560105450e+00
2.773658378845042183e+00 2.095613195122536965e+00
2.779947853627004140e+00 2.347471551557012592e+00
2.786237328408965652e+00 1.734612259239662002e+00
2.792526803190927165e+00 1.307339799224450649e+00
2.798816277972888678e+00 1.614357327029249500e+00
2.805105752754850190e+00 1.888725201176015389e+00
2.811395227536811703e+00 9.128670118842903136e-01
2.817684702318773216e+00 1.532313949358764082e+00
2.823974177100734728e+00 5.334045217667249261e-01
2.830263651882696241e+00 1.091966388939936028e+00
2.836553126664657754e+00 1.603138371206825230e+00
2.842842601446619266e+00 1.786168051320053962e-01
2.849132076228580779e+00 1.771803945633859900e+00
2.855421551010542291e+00 1.676757822019569577e+00
2.861711025792504248e+00 1.531266032046374903e+00
2.868000500574465761e+00 1.135335239271805241e+00
2.874289975356427274e+00 8.144473808588361674e-01
2.880579450138388786e+00 7.637971548215173323e-01
2.886868924920350299e+00 1.292762173031167805e+00
2.893158399702311812e+00 7.337344726713727061e-01
2.899447874484273324e+00 -4.581634490313752917e-01
2.905737349266234837e+00 8.463688230356659625e-01
2.912026824048196350e+00 4.850247183384537308e-02
2.918316298830157862e+00 -4.327243268627061212e-01
2.924605773612119375e+00 -7.794215128083642474e-01
2.930895248394080888e+00 5.818350677614658739e-01
2.937184723176042400e+00 -4.933807932371305771e-01
2.943474197958004357e+00 -1.834794459685045176e-01
2.949763672739965870e+00 7.931109132889342384e-01
2.956053147521927382e+00 -6.782258611568583451e-01
2.962342622303888895e+00 1.013172175898098271e-01
2.968632097085850408e+00 1.764838844451355193e-01
2.974921571867811920e+00 -4.540996856819989880e-01
2.981211046649773433e+00 -9.046842397888774645e-01
2.987500521431734946e+00 -1.183952843953120393e+00
2.993789996213696458e+00 9.084692053346254959e-02
3.000079470995657971e+00 -1.642883964465153834e-01
3.006368945777619484e+00 -1.079780472353102594e+00
3.012658420559580996e+00 3.390420763210941768e-01
3.018947895341542953e+00 -1.187345882692467658e-01
3.025237370123504466e+00 -8.915984916103694147e-01
3.031526844905465978e+00 -1.018297614580439880e+00
3.037816319687427491e+00 -1.099324227852743530e+00
3.044105794469389004e+00 -3.675868195141105410e-01
3.050395269251350516e+00 1.181846858082364893e-01
3.056684744033312029e+00 -4.217927141344592901e-01
3.062974218815273542e+00 -2.237443412334398918e-01
3.069263693597235054e+00 -9.888147762297083698e-01
3.075553168379196567e+00 -1.513841830341773997e+00
3.081842643161158080e+00 -1.177066985640752073e+00
3.088132117943119592e+00 2.653964713961938227e-01
3.094421592725081105e+00 -1.321205272229716066e+00
3.100711067507043062e+00 9.205026596990384391e-02
3.107000542289004574e+00 -4.243621895028113489e-01
3.113290017070966087e+00 -1.085356642374124547e+00
3.119579491852927600e+00 -1.382783942722453752e+00
3.125868966634889112e+00 -3.477542405187203922e-01
3.132158441416850625e+00 -1.432644517807315721e+00
3.138447916198812138e+00 -1.311123340066053800e+00
3.144737390980773650e+00 -9.306957145275747134e-01
3.151026865762735163e+00 -7.493922201746545664e-01
3.157316340544696676e+00 -1.209185928578655922e+00
3.163605815326658188e+00 -6.190645248335298056e-01
3.169895290108619701e+00 -4.627651206631859804e-01
3.176184764890581214e+00 2.713349973643683910e-01
3.182474239672543170e+00 -8.959494361220432523e-02
3.188763714454504683e+00 -1.419596682316321301e+00
3.195053189236466196e+00 -1.520289618150103328e+00
3.201342664018427708e+00 -2.265305768076057991e-01
3.207632138800389221e+00 -1.166367826411221387e+00
3.213921613582350734e+00 -1.409609208209860132e+00
3.220211088364312246e+00 -3.788730552216588165e-01
3.226500563146273759e+00 3.243170432431894401e-01
3.232790037928235272e+00 -1.430555233459626319e+00
3.239079512710196784e+00 -6.900027806030528676e-01
3.245368987492158297e+00 1.792608287750570017e-01
3.251658462274119810e+00 -1.137892243089020150e+00
3.257947937056081322e+00 -1.281775302334984268e-01
3.264237411838043279e+00 -5.583817626120091138e-01
3.270526886620004792e+00 -2.661154870915367621e-01
3.276816361401966304e+00 -4.647320816167386237e-01
3.283105836183927817e+00 7.211157802502574654e-01
3.289395310965889330e+00 5.722160542652228177e-01
3.295684785747850842e+00 -2.764929470162069691e-01
3.301974260529812355e+00 -4.546599689941346334e-01
3.308263735311773868e+00 -3.575177377400629020e-02
3.314553210093735380e+00 7.914418657097643806e-01
3.320842684875696893e+00 -9.655373137811045225e-01
3.327132159657658406e+00 6.676456570038858951e-01
3.333421634439619918e+00 -5.057216422138774981e-01
3.339711109221581431e+00 3.044619784040319965e-01
3.346000584003543388e+00 -7.560979127544069645e-01
3.352290058785504900e+00 3.064451661396365711e-01
3.358579533567466413e+00 -4.753424204148037902e-01
3.364869008349427926e+00 8.271404094527912143e-02
3.371158483131389438e+00 -2.687482213582484958e-01
3.377447957913350951e+00 3.103014529441969760e-01
3.383737432695312464e+00 -5.056495404452873155e-01
3.390026907477273976e+00 -2.301147277633264210e-02
3.396316382259235489e+00 1.522103447892333206e+00
3.402605857041197002e+00 -1.417473220322345018e-01
3.408895331823158514e+00 8.333531547862115252e-01
3.415184806605120027e+00 7.364330010071465926e-01
3.421474281387081540e+00 7.099119851150580418e-01
3.427763756169043496e+00 1.242802231507645017e+00
3.434053230951005009e+00 4.411722645494193795e-01
3.440342705732966522e+00 2.510554859924021831e-01
3.446632180514928034e+00 1.718424131366043772e+00
3.452921655296889547e+00 9.326516806511959690e-01
3.459211130078851060e+00 1.851162141687063833e+00
3.465500604860812572e+00 3.609611337770105011e-01
3.471790079642774085e+00 2.067370149525409317e+00
3.478079554424735598e+00 2.003130024254007324e+00
3.484369029206697110e+00 1.231133764957262899e+00
3.490658503988658623e+00 1.927231001704766244e+00
3.496947978770620136e+00 8.800828818314898605e-01
3.503237453552582092e+00 1.440410434999453093e+00
3.509526928334543605e+00 1.418122645737898591e+00
3.515816403116505118e+00 2.045948199125027678e+00
3.522105877898466630e+00 1.212533866953710016e+00
3.528395352680428143e+00 1.993938357753367363e+00
3.534684827462389656e+00 1.335731860130658255e+00
3.540974302244351168e+00 1.417442414613753199e+00
3.547263777026312681e+00 2.265899156757202881e+00
3.553553251808274194e+00 2.312276419212656364e+00
3.559842726590235706e+00 1.013657430051404074e+00
3.566132201372197219e+00 1.761098054949763014e+00
3.572421676154158732e+00 2.534035280266603074e+00
3.578711150936120244e+00 1.258641411185142722e+00
3.585000625718082201e+00 2.500735094601857611e+00
3.591290100500043714e+00 2.497795351230665872e+00
3.597579575282005226e+00 1.275544164237292222e+00
3.603869050063966739e+00 2.522155916023410160e+00
3.610158524845928252e+00 9.785557962867758031e-01
3.616447999627889764e+00 1.328936814926998222e+00
3.622737474409851277e+00 2.556545038127899794e+00
3.629026949191812790e+00 1.719099235724437014e+00
3.635316423973774302e+00 1.929843421724131591e+00
3.641605898755735815e+00 1.683272139595331174e+00
3.647895373537697328e+00 2.377127078172424746e+00
3.654184848319658840e+00 2.331576428736738205e+00
3.660474323101620353e+00 2.613586642467790266e+00
3.666763797883582310e+00 2.299071915362556062e+00
3.673053272665543822e+00 1.249027827575802219e+00
3.679342747447505335e+00 1.154050897966199196e+00
3.685632222229466848e+00 1.211612115959853853e+00
3.691921697011428360e+00 1.829028129100740196e+00
3.698211171793389873e+00 2.611725061687266702e+00
3.704500646575351386e+00 2.833847234950033211e+00
3.710790121357312898e+00 1.404664548733878249e+00
3.717079596139274411e+00 2.974406510416453653e+00
3.723369070921235924e+00 2.527398294461089989e+00
3.729658545703197436e+00 2.231234713813475601e+00
3.735948020485158949e+00 1.668521978807813388e+00
3.742237495267120462e+00 2.341445914353839086e+00
3.748526970049082419e+00 2.287221646639753470e+00
3.754816444831043931e+00 2.776465136449852267e+00
3.761105919613005444e+00 1.539932493505464128e+00
3.767395394394966956e+00 2.143985700658346261e+00
3.773684869176928469e+00 1.854494175365228870e+00
3.779974343958889982e+00 2.004939599845795506e+00
3.786263818740851494e+00 1.447046816372875355e+00
3.792553293522813007e+00 1.120121700671146803e+00
3.798842768304774520e+00 1.176864800825862201e+00
3.805132243086736032e+00 1.972445024000621716e+00
3.811421717868697545e+00 1.612942596806437257e+00
3.817711192650659058e+00 1.798686600228732058e+00
3.824000667432621015e+00 1.053341421353722884e+00
3.830290142214582527e+00 2.245889962463815781e+00
3.836579616996544040e+00 1.782575992949438914e+00
3.842869091778505553e+00 1.530201058249956558e+00
3.849158566560467065e+00 2.685546000204750872e+00
3.855448041342428578e+00 2.278161695559357103e+00
3.861737516124390091e+00 9.903741862111850036e-01
3.868026990906351603e+00 9.251603779457191479e-01
3.874316465688313116e+00 2.279444423015871468e+00
3.880605940470274628e+00 1.116535058534052993e+00
3.886895415252236141e+00 1.687686085514034318e+00
3.893184890034197654e+00 1.908281716337050682e+00
3.899474364816159166e+00 2.324236521665289157e+00
3.905763839598121123e+00 1.346135998680328960e+00
3.912053314380082636e+00 1.957313106691525917e+00
3.918342789162044149e+00 1.287024607257981845e+00
3.924632263944005661e+00 1.499048090343398254e+00
3.930921738725967174e+00 1.769097867238466737e+00
3.937211213507928687e+00 2.219043724258902284e+00
3.943500688289890199e+00 2.143744391113883818e+00
3.949790163071851712e+00 1.281070665504373540e+00
3.956079637853813225e+00 2.411666928140953292e+00
3.962369112635774737e+00 1.197026383377514769e+00
3.968658587417736250e+00 1.264633117631650538e+00
3.974948062199697763e+00 1.040892529249239473e+00
3.981237536981659275e+00 1.709415012691969826e+00
3.987527011763621232e+00 2.062797710272259000e+00
3.993816486545582745e+00 1.897959729132995044e+00
4.000105961327544257e+00 1.688598636938904107e+00
4.006395436109505326e+00 8.026733440441038425e-01
4.012684910891467283e+00 1.757569804131041469e+00
4.018974385673428351e+00 6.286445002479270627e-01
4.025263860455390308e+00 8.828675302170994055e-01
4.031553335237352265e+00 1.242173985069244591e+00
4.037842810019313333e+00 5.452642144516357536e-01
4.044132284801275290e+00 1.015132501338505522e+00
4.050421759583236359e+00 1.068839304847913452e+00
4.056711234365198315e+00 1.314046253329016478e+00
4.063000709147159384e+00 6.305360786156652964e-01
4.069290183929121341e+00 3.397744544064529859e-01
4.075579658711082409e+00 8.513663934080714091e-01
4.081869133493044366e+00 -3.640189432335416697e-02
4.088158608275005435e+00 1.641808375150754395e+00
4.094448083056967391e+00 1.852020718540035249e+00
4.100737557838928460e+00 7.199881406724445432e-01
4.107027032620890417e+00 1.143595013695310580e+00
4.113316507402852373e+00 1.267266247414369440e+00
4.119605982184813442e+00 6.921172214192460315e-01
4.125895456966775399e+00 4.473635971279645851e-01
4.132184931748736467e+00 1.124474246203230332e-01
4.138474406530698424e+00 1.317258951584908244e+00
4.144763881312659493e+00 1.355778054248040210e+00
4.151053356094621449e+00 3.219357818766915846e-01
4.157342830876582518e+00 4.362049872698897657e-02
4.163632305658544475e+00 2.802924325506395142e-01
4.169921780440505543e+00 -2.879576351069215723e-01
4.176211255222467500e+00 1.076312700661750554e+00
4.182500730004428569e+00 6.067899064465359649e-01
4.188790204786390525e+00 1.384735490375174738e+00
4.195079679568352482e+00 8.740241189517632403e-01
4.201369154350313551e+00 3.064483247635184648e-01
4.207658629132275507e+00 -9.241604222792632051e-02
4.213948103914236576e+00 1.349307639577863815e+00
4.220237578696198533e+00 1.375329084949805214e+00
4.226527053478159601e+00 -3.596805688823869751e-01
4.232816528260121558e+00 4.774365087938651220e-01
4.239106003042082627e+00 1.440989265533030306e-01
4.245395477824044583e+00 7.256738091903711663e-01
4.251684952606005652e+00 -2.744290272263667507e-01
4.257974427387967609e+00 1.096925265487725065e+00
4.264263902169928677e+00 7.345212293063612119e-01
4.270553376951890634e+00 3.571740795493270060e-01
4.276842851733852591e+00 5.307251876711457372e-01
4.283132326515813659e+00 9.539139595879870814e-01
4.289421801297775616e+00 -6.193102381008568358e-01
4.295711276079736685e+00 1.706253150946066555e-01
4.302000750861698641e+00 -5.340795641019779882e-01
4.308290225643659710e+00 5.868075562514007970e-02
4.314579700425621667e+00 -3.475097037799804722e-01
4.320869175207582735e+00 8.208892296594546556e-01
4.327158649989544692e+00 6.144673034318700600e-01
4.333448124771505761e+00 7.238848854296187074e-01
4.339737599553467717e+00 1.178687979997017354e+00
4.346027074335428786e+00 1.246808916890883578e-01
4.352316549117390743e+00 -5.962677430289013980e-01
4.358606023899352699e+00 1.570978823757508414e-01
4.364895498681313768e+00 -2.473574790287430547e-01
4.371184973463275725e+00 1.263417693295113331e+00
4.377474448245236793e+00 -1.941413914201343127e-01
4.383763923027198750e+00 2.650505179687134838e-01
4.390053397809159819e+00 9.802973660402088951e-01
4.396342872591121775e+00 6.112190303987319329e-01
4.402632347373082844e+00 1.534075100424836524e-01
4.408921822155044801e+00 6.405764778698301853e-01
4.415211296937005869e+00 1.938518433563454213e-01
4.421500771718967826e+00 1.406064421572659207e+00
4.427790246500929783e+00 4.783417055341461221e-01
4.434079721282890851e+00 1.420324634812472286e+00
4.440369196064852808e+00 8.556320707350457688e-01
4.446658670846813877e+00 -1.582898731600561604e-01
4.452948145628775833e+00 1.447829603047496638e+00
4.459237620410736902e+00 1.076259685735603933e+00
4.465527095192698859e+00 1.622339736807393296e-01
4.471816569974659927e+00 8.072026878397590144e-01
4.478106044756621884e+00 5.247431883773214789e-01
4.484395519538582953e+00 1.427490694332504972e+00
4.490684994320544909e+00 1.150113499248642590e+00
4.496974469102505978e+00 1.437695888971352920e+00
4.503263943884467935e+00 2.143079252327662054e-01
4.509553418666429891e+00 -3.980793682606686423e-01
4.515842893448390960e+00 1.460192873833302540e-01
4.522132368230352917e+00 7.995786734492145165e-01
4.528421843012313985e+00 1.232400775047137742e-02
4.534711317794275942e+00 9.833535580541686860e-01
4.541000792576237011e+00 1.028313339659276071e+00
4.547290267358198967e+00 9.585284431601579502e-01
4.553579742140160036e+00 -1.219063863192591524e-01
4.559869216922121993e+00 9.551183715548683395e-01
4.566158691704083061e+00 8.127607981860027753e-01
4.572448166486045018e+00 1.128849058849324294e+00
4.578737641268006087e+00 1.238983453658995870e+00
4.585027116049968043e+00 1.134429170497201156e+00
4.591316590831930000e+00 4.467422649861267359e-01
4.597606065613891069e+00 1.011929249060131042e+00
4.603895540395853025e+00 9.077883418218394285e-01
4.610185015177814094e+00 3.232858960452955621e-02
4.616474489959776051e+00 1.212295572907347685e+00
4.622763964741737119e+00 2.334980323568358607e-02
4.629053439523699076e+00 4.361698761746755082e-01
4.635342914305660145e+00 1.991218393043635571e-01
4.641632389087622101e+00 9.119134344866292041e-01
4.647921863869583170e+00 7.876298491346901409e-01
4.654211338651545127e+00 4.458509509241670443e-01
4.660500813433506195e+00 -1.040964063888064062e-01
4.666790288215468152e+00 1.010383302253768933e+00
4.673079762997430109e+00 6.866610200375914408e-01
4.679369237779391177e+00 5.144852499427187142e-01
4.685658712561353134e+00 5.759579780584798137e-01
4.691948187343314203e+00 1.286401526235284143e+00
4.698237662125276159e+00 2.098731283236775769e-01
4.704527136907237228e+00 2.440099004192348708e-01
4.710816611689199185e+00 9.449142403710139027e-01
4.717106086471160253e+00 -1.290347610220856089e-01
4.723395561253122210e+00 1.721118627325883388e+00
4.729685036035083279e+00 -1.312897639810716721e-01
4.735974510817045235e+00 8.644657921855795069e-01
4.742263985599006304e+00 1.283535191794421326e+00
4.748553460380968261e+00 1.420500542825940071e+00
4.754842935162930218e+00 -2.345484170792850320e-01
4.761132409944891286e+00 1.943773960246661936e-01
4.767421884726853243e+00 1.014198172259280772e+00
4.773711359508814311e+00 -2.128835418221490250e-01
4.780000834290776268e+00 4.993392947303922913e-01
4.786290309072737337e+00 8.762857553297804802e-01
4.792579783854699293e+00 1.081951031806091201e+00
4.798869258636660362e+00 2.856000391995013321e-01
4.805158733418622319e+00 1.056780926760465089e+00
4.811448208200583387e+00 7.559360974804651967e-01
4.817737682982545344e+00 -1.060528718780767155e-01
4.824027157764506413e+00 -1.536694519041504337e-01
4.830316632546468369e+00 3.518672471052808337e-03
4.836606107328430326e+00 1.542578010452522630e+00
4.842895582110391395e+00 6.479384612994226744e-01
4.849185056892353352e+00 6.581919044619591874e-01
4.855474531674314420e+00 8.111390088242850238e-01
4.861764006456276377e+00 2.117732841528716103e-01
4.868053481238237445e+00 8.600190910667659949e-03
4.874342956020199402e+00 8.382187643479382944e-01
4.880632430802160471e+00 -4.298574715682906278e-01
4.886921905584122428e+00 1.312200315184232080e-01
4.893211380366083496e+00 4.031408470677155798e-01
4.899500855148045453e+00 -3.273849391299784584e-01
4.905790329930006521e+00 1.272183682556241813e+00
4.912079804711968478e+00 -4.091827970969936779e-01
4.918369279493930435e+00 6.563461733581745783e-01
4.924658754275891503e+00 1.109678023701480054e+00
4.930948229057853460e+00 1.066219184680441856e+00
4.937237703839814529e+00 1.257614522779777255e+00
4.943527178621776486e+00 5.214073108863377382e-01
4.949816653403737554e+00 7.309433260048261438e-01
4.956106128185699511e+00 1.074113387259288510e+00
4.962395602967660579e+00 -6.061798528324469082e-01
4.968685077749622536e+00 -2.742054487896269377e-01
4.974974552531583605e+00 -8.488158225893993603e-03
4.981264027313545562e+00 2.896463819413637175e-01
4.987553502095506630e+00 9.484321529597262712e-01
4.993842976877468587e+00 1.878526461137162151e-01
5.000132451659430544e+00 2.730983188443070198e-02
5.006421926441391612e+00 9.417108228096078282e-01
5.012711401223353569e+00 -5.128378615355361214e-01
5.019000876005314637e+00 5.942750495480371153e-01
5.025290350787276594e+00 1.729736793991636379e-01
5.031579825569237663e+00 -2.005480717765379950e-01
5.037869300351199620e+00 -4.951110379622674085e-01
5.044158775133160688e+00 1.124921803965941880e+00
5.050448249915122645e+00 1.373099985295516134e-01
5.056737724697083713e+00 8.761918964702287704e-01
5.063027199479045670e+00 4.460540833814397033e-01
5.069316674261006739e+00 -2.086704144928466231e-01
5.075606149042968696e+00 8.618372152205786563e-01
5.081895623824930652e+00 1.093740541492918217e+00
5.088185098606891721e+00 1.142256329668550396e+00
5.094474573388853678e+00 5.624379855295095210e-01
5.100764048170814746e+00 5.004897271297343853e-01
5.107053522952776703e+00 1.147275689808888499e+00
5.113342997734737772e+00 -1.901916923492852352e-01
5.119632472516699728e+00 2.011284102838575283e-01
5.125921947298660797e+00 -3.827201601397262065e-01
5.132211422080622754e+00 8.793973790726468120e-01
5.138500896862583822e+00 9.387731087783719452e-01
5.144790371644545779e+00 5.453479913383788569e-01
5.151079846426506847e+00 1.126958374745453462e+00
5.157369321208468804e+00 7.623334938183254916e-01
5.163658795990430761e+00 7.602643420076342640e-01
5.169948270772391830e+00 1.153978569448904645e-01
5.176237745554353786e+00 -5.733081651473675988e-01
5.182527220336314855e+00 -5.848578995375830480e-01
5.188816695118276812e+00 9.871172474670951713e-01
5.195106169900237880e+00 -3.134607830422299068e-01
5.201395644682199837e+00 -3.891105075278948888e-01
5.207685119464160906e+00 1.159208593513976648e+00
5.213974594246122862e+00 3.222964133890395821e-01
5.220264069028083931e+00 -2.351013666406778224e-01
5.226553543810045888e+00 -3.126124943470065531e-02
5.232843018592006956e+00 1.836299511495591563e-01
5.239132493373968913e+00 1.059984006351499808e-01
5.245421968155930870e+00 -2.712303732518592803e-01
5.251711442937891938e+00 1.026177336214988411e+00
5.258000917719853895e+00 1.220671925251601175e+00
5.264290392501814964e+00 1.309993921380128157e+00
5.270579867283776920e+00 7.999470059061950522e-01
5.276869342065737989e+00 7.310452166842325017e-01
5.283158816847699946e+00 -1.350111081511010669e-01
5.289448291629661014e+00 1.175624448837812697e+00
5.295737766411622971e+00 -3.619581765529875650e-01
5.302027241193584040e+00 7.846554615225563856e-01
5.308316715975545996e+00 3.953932325196359843e-01
5.314606190757507953e+00 8.169067496678370510e-01
5.320895665539469022e+00 6.264890006617085394e-02
5.327185140321430978e+00 2.034053510650297714e-01
5.333474615103392047e+00 -2.514456413273720714e-01
5.339764089885354004e+00 1.413589940826621261e+00
5.346053564667315072e+00 7.605097166707737166e-01
5.352343039449277029e+00 6.156269170252062217e-01
5.358632514231238098e+00 6.471034301276340495e-01
5.364921989013200054e+00 5.653153546595870438e-01
5.371211463795161123e+00 4.184422503276508110e-01
5.377500938577123080e+00 1.492850883388002092e+00
5.383790413359084148e+00 1.358208097039377060e+00
5.390079888141046105e+00 1.202604760732941092e+00
5.396369362923008062e+00 1.349070150528755452e+00
5.402658837704969130e+00 3.813919471198535249e-01
5.408948312486931087e+00 5.211329339843731034e-01
5.415237787268892156e+00 1.376647140947925063e+00
5.421527262050854112e+00 3.748851648910300760e-01
5.427816736832815181e+00 1.812008042258065554e+00
5.434106211614777138e+00 1.778408695266330053e+00
5.440395686396738206e+00 1.206785280858192921e+00
5.446685161178700163e+00 9.861469603779673410e-01
5.452974635960661232e+00 1.677840106896132166e+00
5.459264110742623188e+00 1.607739913791532249e+00
5.465553585524584257e+00 1.972959452931417834e+00
5.471843060306546214e+00 4.826777140064980043e-01
5.478132535088508170e+00 1.637671459382784134e+00
5.484422009870469239e+00 7.094049891108593631e-01
5.490711484652431196e+00 1.838456491748917010e+00
5.497000959434392264e+00 1.237522621620873009e+00
5.503290434216354221e+00 1.300970793309766060e+00
5.509579908998315290e+00 2.273569609261557378e+00
5.515869383780277246e+00 1.415959501494520545e+00
5.522158858562238315e+00 1.495497359826791994e+00
5.528448333344200272e+00 1.660629641372697751e+00
5.534737808126161340e+00 4.728107563816538184e-01
5.541027282908123297e+00 1.818022697239675800e+00
5.547316757690084366e+00 1.337040619539833441e+00
5.553606232472046322e+00 9.287531151930303874e-01
5.559895707254008279e+00 1.135993953004030166e+00
5.566185182035969348e+00 2.028632261305001183e+00
5.572474656817931304e+00 1.108878128525279561e+00
5.578764131599892373e+00 2.121159099949509574e+00
5.585053606381854330e+00 1.030231264851202644e+00
5.591343081163815398e+00 1.814488196707570111e+00
5.597632555945777355e+00 1.212060572060194463e+00
5.603922030727738424e+00 1.095062622312401812e+00
5.610211505509700380e+00 2.461940477473493871e+00
5.616500980291661449e+00 1.311818050596819329e+00
5.622790455073623406e+00 2.406769176865029003e+00
5.629079929855584474e+00 1.499780458988837495e+00
5.635369404637546431e+00 2.646379491897934422e+00
5.641658879419508388e+00 1.731519735517086156e+00
5.647948354201469456e+00 1.548063926063026230e+00
5.654237828983431413e+00 2.418270739644688749e+00
5.660527303765392482e+00 2.327167037718347320e+00
5.666816778547354438e+00 2.688211379709438908e+00
5.673106253329315507e+00 1.406839432037833015e+00
5.679395728111277464e+00 1.275590282963584121e+00
5.685685202893238532e+00 2.492266818396354999e+00
5.691974677675200489e+00 1.003424427352070047e+00
5.698264152457161558e+00 9.865955701391072585e-01
5.704553627239123514e+00 2.332972014454171905e+00
5.710843102021084583e+00 2.257279634176266647e+00
5.717132576803046540e+00 2.710117692171213566e+00
5.723422051585008496e+00 1.684027787906489104e+00
5.729711526366969565e+00 1.525087794076791292e+00
5.736001001148931522e+00 1.835422127079796351e+00
5.742290475930892590e+00 1.492855918247825597e+00
5.748579950712854547e+00 1.117517500221797411e+00
5.754869425494815616e+00 1.751303885318875597e+00
5.761158900276777572e+00 1.281643077402711661e+00
5.767448375058738641e+00 1.172652151780702257e+00
5.773737849840700598e+00 8.410317965999628553e-01
5.780027324622661666e+00 2.515985430155011748e+00
5.786316799404623623e+00 1.797493367927248009e+00
5.792606274186584692e+00 1.244121915282707214e+00
5.798895748968546648e+00 1.126817643240347611e+00
5.805185223750508605e+00 8.498164374076502270e-01
5.811474698532469674e+00 1.778109245916055237e+00
5.817764173314431631e+00 1.095421671639799088e+00
5.824053648096392699e+00 6.919950657861679844e-01
5.830343122878354656e+00 1.807250326300212206e+00
5.836632597660315724e+00 1.233438054452942634e+00
5.842922072442277681e+00 9.328059845626612834e-01
5.849211547224238750e+00 8.440368628096516224e-01
5.855501022006200706e+00 6.191792249427983119e-01
5.861790496788161775e+00 1.155943784935702823e+00
5.868079971570123732e+00 2.087923417962381123e+00
5.874369446352084800e+00 1.635440012608631921e+00
5.880658921134046757e+00 5.952143019545437230e-01
5.886948395916008714e+00 1.230393572202088892e+00
5.893237870697969782e+00 9.750377772754261763e-01
5.899527345479931739e+00 9.180982600659283177e-01
5.905816820261892808e+00 9.423075899951121048e-01
5.912106295043854765e+00 7.316320257843542674e-01
5.918395769825815833e+00 6.737072650746314117e-01
5.924685244607777790e+00 7.679933822815951938e-01
5.930974719389738858e+00 1.147226532404004851e-01
5.937264194171700815e+00 2.446932265329017087e-01
5.943553668953661884e+00 8.778443520157140911e-01
5.949843143735623840e+00 1.531660076758570188e+00
5.956132618517584909e+00 7.404200585534426171e-03
5.962422093299546866e+00 -3.843180718171194665e-01
5.968711568081508823e+00 1.151447754252640232e+00
5.975001042863469891e+00 1.039105313344031334e+00
5.981290517645431848e+00 -4.044642129156588162e-01
5.987579992427392916e+00 8.571329120574306959e-01
5.993869467209354873e+00 8.262196544205608895e-01
6.000158941991315942e+00 7.003776368514027517e-01
6.006448416773277899e+00 1.138963451958222795e+00
6.012737891555238967e+00 -4.895652423079537297e-01
6.019027366337200924e+00 -4.492265698781263694e-01
6.025316841119161992e+00 5.418692671776406122e-01
6.031606315901123949e+00 -9.340074734457675110e-01
6.037895790683085906e+00 8.208534757215391053e-02
6.044185265465046974e+00 3.205308193921581061e-01
6.050474740247008931e+00 6.306014135500683793e-01
6.056764215028970000e+00 -1.006981496186324154e+00
6.063053689810931957e+00 -3.484072359324659196e-01
6.069343164592893025e+00 6.843654534277159307e-01
6.075632639374854982e+00 -7.042768003088577533e-01
6.081922114156816050e+00 -1.081206271900919003e+00
6.088211588938778007e+00 -8.083589764466156957e-01
6.094501063720739076e+00 -1.076141403889838033e+00
6.100790538502701033e+00 -8.371898023294008784e-01
6.107080013284662101e+00 -6.587960549094920015e-01
6.113369488066624058e+00 -1.531977977175252859e+00
6.119658962848586015e+00 -1.382057364260244059e+00
6.125948437630547083e+00 -1.149627076483344501e+00
6.132237912412509040e+00 3.872716844115164925e-02
6.138527387194470109e+00 -8.104195957302995357e-01
6.144816861976432065e+00 -1.233577389511423705e+00
6.151106336758393134e+00 -5.274259900863826900e-01
6.157395811540355091e+00 -3.169313101643700392e-02
6.163685286322316159e+00 -4.352319828756705533e-01
6.169974761104278116e+00 -7.416119276558583717e-01
6.176264235886239184e+00 -7.118941968037735268e-01
6.182553710668201141e+00 -2.063663439526706167e-01
6.188843185450162210e+00 -6.447324802627485418e-01
6.195132660232124167e+00 -5.397394442088909727e-02
6.201422135014086123e+00 -1.560857378802515294e+00
6.207711609796047192e+00 -1.545605911358160833e+00
6.214001084578009149e+00 -3.659316934086371820e-01
6.220290559359970217e+00 -1.599934785341331711e+00
6.226580034141932174e+00 -7.044050579878611273e-01
6.232869508923893243e+00 -1.305854488720282092e+00
6.239158983705855199e+00 -1.727241323547779261e+00
6.245448458487816268e+00 -2.028152379400444794e+00
6.251737933269778225e+00 -1.383364564096691174e+00
6.258027408051739293e+00 -1.745516503546591602e+00
6.264316882833701250e+00 -3.315384047333744810e-01
6.270606357615662318e+00 -1.588622580680643548e+00
6.276895832397624275e+00 -1.076177869191005554e+00
6.283185307179586232e+00 -2.004937059803074462e+00
