0.000000000000000000e+00 5.544406308740030820e-01
6.289474781961547356e-03 -4.851121228872304347e-01
1.257894956392309471e-02 7.251068861307401470e-01
1.886842434588464207e-02 4.887923449820971156e-01
2.515789912784618942e-02 8.061635195512226737e-01
3.144737390980773678e-02 1.089323570168933886e+00
3.773684869176928414e-02 9.391955878178079864e-01
4.402632347373083149e-02 1.302309288113551178e+00
5.031579825569237885e-02 3.768601335734467206e-02
5.660527303765392620e-02 6.753228356385877484e-01
6.289474781961547356e-02 5.189513371464533620e-01
6.918422260157702786e-02 -2.984099480862290044e-01
7.547369738353856827e-02 1.547144327694236043e+00
8.176317216550010869e-02 -6.204779271748966929e-02
8.805264694746166299e-02 1.128287323871815628e+00
9.434212172942321728e-02 5.754834032909517116e-01
1.006315965113847577e-01 1.268909060470186700e+00
1.069210712933462981e-01 3.687471245270607101e-01
1.132105460753078524e-01 1.829446926095911197e-01
1.195000208572694067e-01 1.012669696124622876e+00
1.257894956392309471e-01 -2.157567400958851356e-01
1.320789704211924875e-01 -3.404390722105884448e-01
1.383684452031540557e-01 7.370269487343246162e-01
1.446579199851155961e-01 4.378037290981628971e-01
1.509473947670771365e-01 3.142787761098288501e-01
1.572368695490386770e-01 1.357587053940403354e+00
1.635263443310002174e-01 5.886814982589209100e-01
1.698158191129617856e-01 1.048418658186209385e+00
1.761052938949233260e-01 7.070538763101565927e-01
1.823947686768848664e-01 8.380979842284115300e-01
1.886842434588464346e-01 -2.341460281806576615e-01
1.949737182408079750e-01 3.030512340759481948e-01
2.012631930227695154e-01 -4.660343603135225221e-02
2.075526678047310558e-01 5.269601600734293845e-01
2.138421425866925962e-01 -1.171076813317084575e-01
2.201316173686541644e-01 3.809826620990601764e-01
2.264210921506157048e-01 1.051005480323207397e+00
2.327105669325772452e-01 1.513092855562101935e+00
2.390000417145388134e-01 5.242122713143477775e-01
2.452895164965003538e-01 8.631027423774770835e-01
2.515789912784618942e-01 4.870943360761827989e-01
2.578684660604234624e-01 4.944962573050648014e-01
2.641579408423849751e-01 1.579038166307800584e+00
2.704474156243465433e-01 -3.994090368139557867e-01
2.767368904063081114e-01 1.645879001103766615e-01
2.830263651882696241e-01 1.311631136822231536e+00
2.893158399702311923e-01 1.239915153614166154e+00
2.956053147521927049e-01 9.971323677171924915e-01
3.018947895341542731e-01 -1.755366211350357086e-01
3.081842643161158413e-01 1.197634124147399115e+00
3.144737390980773539e-01 1.290767686501188560e-01
3.207632138800389221e-01 4.132631290646894273e-01
3.270526886620004348e-01 8.158822368378650935e-01
3.333421634439620029e-01 6.365396834394879688e-01
3.396316382259235711e-01 3.105617140133463128e-01
3.459211130078850838e-01 -3.127060790009839053e-02
3.522105877898466519e-01 -3.192874052530705331e-01
3.585000625718082201e-01 2.317215899319448047e-01
3.647895373537697328e-01 -2.492473450423982051e-02
3.710790121357313009e-01 -4.241191267419359701e-01
3.773684869176928691e-01 4.948395533189595685e-01
3.836579616996543818e-01 6.092736421824845872e-01
3.899474364816159500e-01 7.640528141605984480e-01
3.962369112635774626e-01 6.575284753101766633e-01
4.025263860455390308e-01 1.431373360751341250e-01
4.088158608275005990e-01 1.191106405677472502e+00
4.151053356094621116e-01 1.013413329104086991e-01
4.213948103914236798e-01 -4.715986189137701956e-01
4.276842851733851925e-01 9.172770870164762558e-01
4.339737599553467606e-01 6.986224842033210702e-01
4.402632347373083288e-01 -2.868988713559936787e-01
4.465527095192698415e-01 -5.971747471153014963e-01
4.528421843012314096e-01 4.671788011606998747e-01
4.591316590831929778e-01 1.389497638668100166e-01
4.654211338651544905e-01 -4.265663521143683301e-01
4.717106086471160586e-01 -8.040929365053247624e-01
4.780000834290776268e-01 7.660795796530206481e-02
4.842895582110391395e-01 -8.235567101503338261e-02
4.905790329930007077e-01 -2.086283954291048293e-01
4.968685077749622203e-01 7.857750587385057273e-01
5.031579825569237885e-01 2.986846257526214465e-01
5.094474573388853011e-01 7.310536735473349701e-02
5.157369321208469248e-01 -1.657401809700718154e-01
5.220264069028084375e-01 -6.797680396201535302e-01
5.283158816847699502e-01 7.186196225468099996e-02
5.346053564667315738e-01 -6.891845364640758476e-02
5.408948312486930865e-01 3.361268872952716258e-01
5.471843060306545992e-01 6.992448934961608131e-01
5.534737808126162228e-01 6.432040442266437896e-01
5.597632555945777355e-01 -7.775821003429950196e-02
5.660527303765392482e-01 7.437240068971220364e-01
5.723422051585007608e-01 2.963164009842562674e-01
5.786316799404623845e-01 5.909022768145804072e-01
5.849211547224238972e-01 4.302099493867994617e-01
5.912106295043854098e-01 -7.834815849935681253e-01
5.975001042863470335e-01 -4.336903929707127681e-01
6.037895790683085462e-01 -7.191592376377144991e-01
6.100790538502700588e-01 9.116400721216910696e-02
6.163685286322316825e-01 1.558940469916620941e-01
6.226580034141931952e-01 -1.231125262612257298e+00
6.289474781961547079e-01 -7.358102207779180226e-01
6.352369529781163315e-01 3.663883581715694504e-01
6.415264277600778442e-01 -8.370148386934446183e-01
6.478159025420393569e-01 3.815945619535081601e-01
6.541053773240008695e-01 -1.644655167856567957e-02
6.603948521059624932e-01 -8.128747373984412938e-02
6.666843268879240059e-01 -8.814785029732685739e-01
6.729738016698855185e-01 -8.601483492747425963e-01
6.792632764518471422e-01 -3.692466109528593776e-01
6.855527512338086549e-01 -7.032008764335448969e-01
6.918422260157701675e-01 1.495338573352134048e-02
6.981317007977317912e-01 -6.868623028128106878e-01
7.044211755796933039e-01 2.302280752598189206e-01
7.107106503616548165e-01 -1.131522467695931455e+00
7.170001251436164402e-01 -5.439436436625579852e-01
7.232895999255779529e-01 -6.273987657086710357e-01
7.295790747075394655e-01 -3.202825824179467151e-01
7.358685494895010892e-01 -3.189022678024073798e-01
7.421580242714626019e-01 -2.335825486728881906e-01
7.484474990534241146e-01 1.488993121384651896e-01
7.547369738353857382e-01 2.843572143816899267e-01
7.610264486173472509e-01 4.656647962691076170e-01
7.673159233993087636e-01 -4.125409459917275257e-01
7.736053981812702762e-01 -1.016786800176072703e-01
7.798948729632318999e-01 -3.447118903455801409e-01
7.861843477451934126e-01 -5.948279867641150798e-01
7.924738225271549252e-01 3.152432565530587372e-01
7.987632973091165489e-01 -4.527329768177921210e-01
8.050527720910780616e-01 -1.021962327356162659e+00
8.113422468730395742e-01 -9.046309357049269195e-01
8.176317216550011979e-01 -2.578976164655499836e-02
8.239211964369627106e-01 1.255701207587713863e-01
8.302106712189242232e-01 7.827540422304612999e-01
8.365001460008858469e-01 -7.600483360997818405e-01
8.427896207828473596e-01 -6.522738658781823684e-02
8.490790955648088723e-01 -2.383863238638885829e-01
8.553685703467703849e-01 1.125197620607221172e+00
8.616580451287320086e-01 7.984174083508517317e-01
8.679475199106935213e-01 8.647029165176522980e-01
8.742369946926550339e-01 -4.670739474424461246e-01
8.805264694746166576e-01 -6.297488480308999215e-02
8.868159442565781703e-01 -4.220856713606746524e-02
8.931054190385396829e-01 -4.357233788192464985e-01
8.993948938205013066e-01 4.903071324586882884e-02
9.056843686024628193e-01 6.459929716002779099e-01
9.119738433844243319e-01 6.127021135986758793e-01
9.182633181663859556e-01 6.403729749064799304e-01
9.245527929483474683e-01 4.792687098420143066e-01
9.308422677303089809e-01 2.740650494359918588e-01
9.371317425122706046e-01 -1.162033565330964913e-01
9.434212172942321173e-01 -1.003932591190108692e-01
9.497106920761936300e-01 -6.580615087752000880e-02
9.560001668581552536e-01 1.643210273979392788e+00
9.622896416401167663e-01 7.791986424216212903e-02
9.685791164220782790e-01 -2.345172737736707369e-01
9.748685912040397916e-01 1.778085343630285031e+00
9.811580659860014153e-01 1.758809765285889393e+00
9.874475407679629280e-01 -1.550496538233070432e-02
9.937370155499244406e-01 1.121058141846943856e+00
1.000026490331886064e+00 1.413765826115063629e+00
1.006315965113847577e+00 1.122950557945966876e+00
1.012605439895809090e+00 1.615805578969985667e+00
1.018894914677770602e+00 9.908971989006649661e-01
1.025184389459732115e+00 1.467295564620755943e+00
1.031473864241693850e+00 7.646161331253782389e-01
1.037763339023655362e+00 2.186654198107488289e-01
1.044052813805616875e+00 8.681259236951424096e-01
1.050342288587578388e+00 1.100627902527986146e+00
1.056631763369539900e+00 1.570658636392356478e+00
1.062921238151501413e+00 1.504799158422977623e+00
1.069210712933463148e+00 1.565027762475864170e+00
1.075500187715424660e+00 6.981745176443689971e-01
1.081789662497386173e+00 8.167261717192646486e-01
1.088079137279347686e+00 2.371278466947614572e+00
1.094368612061309198e+00 8.863565162438162837e-01
1.100658086843270711e+00 2.090221820074478210e+00
1.106947561625232446e+00 2.231095471930562901e+00
1.113237036407193958e+00 7.859524124050289995e-01
1.119526511189155471e+00 2.062315590820205102e+00
1.125815985971116984e+00 2.202938789872845859e+00
1.132105460753078496e+00 1.827841537374970571e+00
1.138394935535040009e+00 8.172637380719225408e-01
1.144684410317001522e+00 1.552031327993261822e+00
1.150973885098963256e+00 2.435585884012360314e+00
1.157263359880924769e+00 2.276111799914698253e+00
1.163552834662886282e+00 2.208983855159566190e+00
1.169842309444847794e+00 1.239350159013531183e+00
1.176131784226809307e+00 1.351009996927809986e+00
1.182421259008770820e+00 1.877526759929013522e+00
1.188710733790732554e+00 1.365011729993290235e+00
1.195000208572694067e+00 1.354447018270239056e+00
1.201289683354655580e+00 1.955706133540344283e+00
1.207579158136617092e+00 1.734703362762766599e+00
1.213868632918578605e+00 2.989188367516097067e+00
1.220158107700540118e+00 1.248136016117889158e+00
1.226447582482501630e+00 1.487207652314927353e+00
1.232737057264463365e+00 2.799315883933123139e+00
1.239026532046424878e+00 2.320532160634976027e+00
1.245316006828386390e+00 2.270368214955644781e+00
1.251605481610347903e+00 2.156158426706592302e+00
1.257894956392309416e+00 2.531255336086068120e+00
1.264184431174270928e+00 2.662064264815513503e+00
1.270473905956232663e+00 2.388773920123250072e+00
1.276763380738194176e+00 2.366755798462264693e+00
1.283052855520155688e+00 1.850961256310341252e+00
1.289342330302117201e+00 1.182060489754811039e+00
1.295631805084078714e+00 1.709150252912887913e+00
1.301921279866040226e+00 2.284067992373296718e+00
1.308210754648001739e+00 1.426466727384744448e+00
1.314500229429963474e+00 1.794286661010885409e+00
1.320789704211924986e+00 1.726481595860733798e+00
1.327079178993886499e+00 2.157083315089118436e+00
1.333368653775848012e+00 2.385317341133923019e+00
1.339658128557809524e+00 2.157698947586768945e+00
1.345947603339771037e+00 2.839656390972475464e+00
1.352237078121732772e+00 2.406574286156791587e+00
1.358526552903694284e+00 2.491209236118455017e+00
1.364816027685655797e+00 1.995737338279091944e+00
1.371105502467617310e+00 1.368918809829022587e+00
1.377394977249578822e+00 2.901115690102202382e+00
1.383684452031540335e+00 2.379001928429361090e+00
1.389973926813502070e+00 2.048257923262171154e+00
1.396263401595463582e+00 1.952904930903884395e+00
1.402552876377425095e+00 1.314222811080287601e+00
1.408842351159386608e+00 2.387838577997467127e+00
1.415131825941348120e+00 1.959202343121198675e+00
1.421421300723309633e+00 1.449649302738388323e+00
1.427710775505271146e+00 1.978926034532637157e+00
1.434000250287232880e+00 1.319716148779717768e+00
1.440289725069194393e+00 2.464429846560027393e+00
1.446579199851155906e+00 2.185321101145238920e+00
1.452868674633117418e+00 9.044760672000018431e-01
1.459158149415078931e+00 1.601984430778401691e+00
1.465447624197040444e+00 1.305650812652988879e+00
1.471737098979002178e+00 2.223866098101719757e+00
1.478026573760963691e+00 1.714237692221362686e+00
1.484316048542925204e+00 1.418472436577033369e+00
1.490605523324886716e+00 1.645404081855478262e+00
1.496894998106848229e+00 4.700560446415711358e-01
1.503184472888809742e+00 1.171937577379589035e+00
1.509473947670771476e+00 7.708506597375486269e-01
1.515763422452732989e+00 9.478498247456718095e-01
1.522052897234694502e+00 2.116530306334202471e+00
1.528342372016656014e+00 8.202747680125508367e-01
1.534631846798617527e+00 1.035965515430883777e+00
1.540921321580579040e+00 1.300240162172783487e+00
1.547210796362540552e+00 1.051567984651943233e+00
1.553500271144502287e+00 8.143154087300374933e-01
1.559789745926463800e+00 5.033981253942695355e-01
1.566079220708425312e+00 1.625710116826262430e+00
1.572368695490386825e+00 1.190666291636828800e-01
1.578658170272348338e+00 1.282639721147482703e+00
1.584947645054309850e+00 3.194693167273395806e-01
1.591237119836271585e+00 -1.465215669221031081e-01
1.597526594618233098e+00 6.833543313860330759e-01
1.603816069400194610e+00 1.173157491126114449e+00
1.610105544182156123e+00 3.217679177724268591e-01
1.616395018964117636e+00 4.780973541081929845e-01
1.622684493746079148e+00 8.252387902597624336e-01
1.628973968528040661e+00 4.508231717706100428e-01
1.635263443310002396e+00 -6.910276199772047434e-01
1.641552918091963909e+00 -1.998209868766898101e-02
1.647842392873925421e+00 4.646050175001770199e-01
1.654131867655886934e+00 -6.003440200777512281e-01
1.660421342437848446e+00 -2.058813763172577804e-01
1.666710817219809959e+00 -8.185657475879428713e-01
1.673000292001771694e+00 -1.743548196134407924e-01
1.679289766783733207e+00 1.876514457735229957e-01
1.685579241565694719e+00 -1.405228393780102447e-01
1.691868716347656232e+00 1.108308803043001056e-02
1.698158191129617745e+00 -2.161748894994417469e-01
1.704447665911579257e+00 7.979740466495277573e-02
1.710737140693540770e+00 1.486492319987116062e-01
1.717026615475502505e+00 -1.217740748242899018e+00
1.723316090257464017e+00 -6.445275933095711007e-01
1.729605565039425530e+00 -2.637765734018486796e-01
1.735895039821387043e+00 -5.694713680111949117e-01
1.742184514603348555e+00 -2.246343092071967362e-01
1.748473989385310068e+00 2.298358648217320166e-01
1.754763464167271803e+00 -3.067724937225952964e-01
1.761052938949233315e+00 -1.634860150704482429e-01
1.767342413731194828e+00 1.198221987659966459e-01
1.773631888513156341e+00 -4.113374391045496736e-01
1.779921363295117853e+00 -3.865138534432550621e-01
1.786210838077079366e+00 -2.294212146636069871e-01
1.792500312859041101e+00 8.804257305316176563e-02
1.798789787641002613e+00 -7.743588625983883755e-01
1.805079262422964126e+00 -8.610059921474884082e-01
1.811368737204925639e+00 -7.833801037765337760e-01
1.817658211986887151e+00 -8.264955519908021575e-01
1.823947686768848664e+00 -5.662476247052488088e-01
1.830237161550810177e+00 -1.166208544212483211e+00
1.836526636332771911e+00 -1.885097324053607526e+00
1.842816111114733424e+00 -2.119417694991356793e-01
1.849105585896694937e+00 -4.445269240508633590e-01
1.855395060678656449e+00 -1.377666981379663147e+00
1.861684535460617962e+00 -1.449187338934143199e+00
1.867974010242579475e+00 -1.013250172716674502e+00
1.874263485024541209e+00 -1.643188504635155756e+00
1.880552959806502722e+00 -1.012899806569601768e+00
1.886842434588464235e+00 -1.901547820665024480e+00
1.893131909370425747e+00 -1.632015466901142853e+00
1.899421384152387260e+00 -1.680944673619567231e+00
1.905710858934348773e+00 -2.433693774121341580e-01
1.912000333716310507e+00 -1.380526245767884408e+00
1.918289808498272020e+00 -1.936794841444033688e+00
1.924579283280233533e+00 -4.566557742443149159e-01
1.930868758062195045e+00 -8.774621013127179570e-01
1.937158232844156558e+00 -9.696240767863508747e-01
1.943447707626118071e+00 -1.032592407431638382e+00
1.949737182408079583e+00 -1.087714897569203032e-03
1.956026657190041318e+00 -1.956196245733532457e-01
1.962316131972002831e+00 -1.862314276805412394e-01
1.968605606753964343e+00 -1.654227420405967486e+00
1.974895081535925856e+00 -3.613409645121548053e-01
1.981184556317887369e+00 -7.308021745833608307e-01
1.987474031099848881e+00 -1.365565544446613266e+00
1.993763505881810616e+00 -7.396133839747087713e-02
2.000052980663772129e+00 -9.064939675536065611e-01
2.006342455445733641e+00 -9.733391300897114018e-01
2.012631930227695154e+00 -2.673940902476794612e-01
2.018921405009656667e+00 -1.624185535015368886e+00
2.025210879791618179e+00 -2.309938581876989083e-01
2.031500354573579692e+00 -1.428388957262550774e+00
2.037789829355541205e+00 -7.925930485847458851e-01
2.044079304137502717e+00 -1.203613558126855221e+00
2.050368778919464230e+00 4.861933057200795716e-01
2.056658253701426187e+00 1.456239794189095882e-01
2.062947728483387699e+00 -7.324394365153361619e-01
2.069237203265349212e+00 2.928917705377522829e-01
2.075526678047310725e+00 -7.310577649860117155e-02
2.081816152829272237e+00 -8.917330760762787190e-01
2.088105627611233750e+00 7.201214359193504055e-01
2.094395102393195263e+00 -1.982440843032633460e-01
2.100684577175156775e+00 1.444161337747404961e-01
2.106974051957118288e+00 -9.285521299566449338e-01
2.113263526739079801e+00 3.431482720152595478e-01
2.119553001521041313e+00 1.235944996262619000e-01
2.125842476303002826e+00 6.758567777414544731e-01
2.132131951084964339e+00 8.909288388762697242e-01
2.138421425866926295e+00 9.767828749501417107e-01
2.144710900648887808e+00 7.934820659241184071e-01
2.151000375430849321e+00 8.968377201434400980e-01
2.157289850212810833e+00 5.583387018970866755e-01
2.163579324994772346e+00 1.037455566440960153e+00
2.169868799776733859e+00 1.558512482555573175e+00
2.176158274558695371e+00 1.274546115826845849e+00
2.182447749340656884e+00 7.002876562565490959e-01
2.188737224122618397e+00 1.602800869069243461e+00
2.195026698904579909e+00 3.947997047081111543e-02
2.201316173686541422e+00 2.188992171313140500e-01
2.207605648468502935e+00 7.152148307561767560e-01
2.213895123250464891e+00 4.194129438888314354e-01
2.220184598032426404e+00 3.298093567787842018e-01
2.226474072814387917e+00 3.222808805183488556e-01
2.232763547596349429e+00 3.790847918420036100e-01
2.239053022378310942e+00 2.204531578768201161e+00
2.245342497160272455e+00 2.358863454736793486e+00
2.251631971942233967e+00 1.213577598991920414e+00
2.257921446724195480e+00 7.989996752797270396e-01
2.264210921506156993e+00 1.563652701038977355e+00
2.270500396288118505e+00 7.362825544222135754e-01
2.276789871070080018e+00 2.636609492873974503e+00
2.283079345852041531e+00 2.229851603851213504e+00
2.289368820634003043e+00 2.680636891080964368e+00
2.295658295415965000e+00 1.596546635162853223e+00
2.301947770197926513e+00 9.071213758787050052e-01
2.308237244979888025e+00 2.775164483336622467e+00
2.314526719761849538e+00 2.847523910230048472e+00
2.320816194543811051e+00 2.546951170089902572e+00
2.327105669325772563e+00 2.159307625873521097e+00
2.333395144107734076e+00 1.436848481387029253e+00
2.339684618889695589e+00 1.414863713481990359e+00
2.345974093671657101e+00 3.007950688962262475e+00
2.352263568453618614e+00 3.149761203409673360e+00
2.358553043235580127e+00 2.603481034271283967e+00
2.364842518017541639e+00 1.504230296637765640e+00
2.371131992799503152e+00 3.389334657324766020e+00
2.377421467581465109e+00 1.650491410847007900e+00
2.383710942363426621e+00 1.965756781824999244e+00
2.390000417145388134e+00 2.828886189798362594e+00
2.396289891927349647e+00 3.473536366983697388e+00
2.402579366709311159e+00 3.100054566076688278e+00
2.408868841491272672e+00 1.940545964415332669e+00
2.415158316273234185e+00 2.135639507031784401e+00
2.421447791055195697e+00 2.866346681876029479e+00
2.427737265837157210e+00 3.397672469922867755e+00
2.434026740619118723e+00 2.402569780994383564e+00
2.440316215401080235e+00 2.207552825246069883e+00
2.446605690183041748e+00 2.973738304512006714e+00
2.452895164965003261e+00 3.425468944138803984e+00
2.459184639746965217e+00 2.503876270193836184e+00
2.465474114528926730e+00 2.450715977124383826e+00
2.471763589310888243e+00 2.715011152244559689e+00
2.478053064092849755e+00 2.719630692395400118e+00
2.484342538874811268e+00 2.411463463613525260e+00
2.490632013656772781e+00 3.033839605476056356e+00
2.496921488438734293e+00 2.911920991269591585e+00
2.503210963220695806e+00 3.422077197861275621e+00
2.509500438002657319e+00 3.224909520083480530e+00
2.515789912784618831e+00 3.279737814907373483e+00
2.522079387566580344e+00 3.867163900274756649e+00
2.528368862348541857e+00 3.895337263123288984e+00
2.534658337130503369e+00 3.381900346507261901e+00
2.540947811912465326e+00 2.032402043019128524e+00
2.547237286694426839e+00 3.220432899467382093e+00
2.553526761476388351e+00 3.289351609527657594e+00
2.559816236258349864e+00 3.331273232853727340e+00
2.566105711040311377e+00 3.358898627880647858e+00
2.572395185822272889e+00 2.357501476751861613e+00
2.578684660604234402e+00 2.553122353844739401e+00
2.584974135386195915e+00 2.700831618764372166e+00
2.591263610168157427e+00 2.548568902510238487e+00
2.597553084950118940e+00 3.038592686238776874e+00
2.603842559732080453e+00 3.649174777259403868e+00
2.610132034514041965e+00 3.338039297615178036e+00
2.616421509296003478e+00 3.120181990955510631e+00
2.622710984077965435e+00 2.074916462403355588e+00
2.629000458859926947e+00 2.656124836773794406e+00
2.635289933641888460e+00 2.922956082559882596e+00
2.641579408423849973e+00 2.824333324597862571e+00
2.647868883205811485e+00 3.469115585692719606e+00
2.654158357987772998e+00 2.760261469219874808e+00
2.660447832769734511e+00 1.983124995935360957e+00
2.666737307551696023e+00 1.444064779120830977e+00
2.673026782333657536e+00 2.040041234576279283e+00
2.679316257115619049e+00 2.316301288630744359e+00
2.685605731897580561e+00 2.113797273955762002e+00
2.691895206679542074e+00 2.246411307809915048e+00
2.698184681461504031e+00 2.698904882554510998e+00
2.704474156243465544e+00 2.190859302254411389e+00
2.710763631025427056e+00 2.685822315823605422e+00
2.717053105807388569e+00 1.732639064851504873e+00
2.723342580589350082e+00 1.402242005025255533e+00
2.729632055371311594e+00 1.278213036629783250e+00
2.735921530153273107e+00 1.786902966793929126e+00
2.742211004935234619e+00 2.264945689561126407e+00
2.748500479717196132e+00 2.204873942297530309e+00
2.754789954499157645e+00 2.558725686688804846e+00
2.761079429281119157e+00 2.583790842798405762e+00
2.767368904063080670e+00 1.664317634708371463e+00
2.773658378845042183e+00 1.273032862063967263e+00
2.779947853627004140e+00 5.765698361971295371e-01
2.786237328408965652e+00 9.637635854645891786e-01
2.792526803190927165e+00 8.423475805237916614e-01
2.798816277972888678e+00 1.990442389033259873e+00
2.805105752754850190e+00 4.888207524477922172e-01
2.811395227536811703e+00 3.113440721261943600e-01
2.817684702318773216e+00 1.756488595348155490e+00
2.823974177100734728e+00 7.041869954710175961e-01
2.830263651882696241e+00 7.331754143827090564e-02
2.836553126664657754e+00 8.952643203219454171e-02
2.842842601446619266e+00 1.563850761615705132e+00
2.849132076228580779e+00 1.763084891828057832e-01
2.855421551010542291e+00 1.655581681782824166e+00
2.861711025792504248e+00 8.303555127844758355e-01
2.868000500574465761e+00 1.333751592169480249e+00
2.874289975356427274e+00 3.330248899992240830e-01
2.880579450138388786e+00 -2.893716169766002988e-02
2.886868924920350299e+00 -3.458264795773754452e-01
2.893158399702311812e+00 -8.964276220687705798e-02
2.899447874484273324e+00 -6.769710950773832892e-02
2.905737349266234837e+00 -2.451370674164488062e-02
2.912026824048196350e+00 8.782013159180483974e-01
2.918316298830157862e+00 -7.192498437988095183e-01
2.924605773612119375e+00 -3.623043823995512058e-01
2.930895248394080888e+00 2.778779421448764886e-01
2.937184723176042400e+00 -7.951250104822416009e-01
2.943474197958004357e+00 1.513691656425300014e-01
2.949763672739965870e+00 -2.237348529670197816e-01
2.956053147521927382e+00 1.859112175235821951e-01
2.962342622303888895e+00 1.760987583817046342e-01
2.968632097085850408e+00 3.335429322566991761e-01
2.974921571867811920e+00 5.493791590366621236e-01
2.981211046649773433e+00 -1.203593135369716016e-01
2.987500521431734946e+00 -1.398783365838656145e-01
2.993789996213696458e+00 -8.478028966089077301e-01
3.000079470995657971e+00 5.219074452258649632e-01
3.006368945777619484e+00 -1.399474589343957964e+00
3.012658420559580996e+00 -2.271897895362662290e-02
3.018947895341542953e+00 -8.516421231960524807e-02
3.025237370123504466e+00 -1.451297387372542103e+00
3.031526844905465978e+00 -7.781236672387403797e-01
3.037816319687427491e+00 -1.490862821157944884e+00
3.044105794469389004e+00 -5.838976297798454951e-01
3.050395269251350516e+00 -1.543480792898920040e+00
3.056684744033312029e+00 -1.336296865743264339e+00
3.062974218815273542e+00 -6.641441530171676710e-02
3.069263693597235054e+00 -6.814413058537371892e-01
3.075553168379196567e+00 7.373228772035367307e-02
3.081842643161158080e+00 -1.025442794835879301e+00
3.088132117943119592e+00 -1.499419745219729316e+00
3.094421592725081105e+00 -1.613938548441327336e+00
3.100711067507043062e+00 -1.169381176739560768e+00
3.107000542289004574e+00 -3.263560599276025265e-01
3.113290017070966087e+00 1.842366240640447295e-02
3.119579491852927600e+00 -1.582639322750656108e+00
3.125868966634889112e+00 -7.472921475785112566e-01
3.132158441416850625e+00 -6.132537498773960039e-03
3.138447916198812138e+00 -1.633785361198885067e+00
3.144737390980773650e+00 -1.231526723540807833e-01
3.151026865762735163e+00 -8.382779604039369836e-02
3.157316340544696676e+00 -5.300903805933523394e-01
3.163605815326658188e+00 -6.163150778205617186e-02
3.169895290108619701e+00 -1.347816603977505689e+00
3.176184764890581214e+00 -3.560578892186077038e-01
3.182474239672543170e+00 -1.479081398739156450e+00
3.188763714454504683e+00 -1.076452374234209808e+00
3.195053189236466196e+00 -9.191742702309566582e-01
3.201342664018427708e+00 -3.179595742721417206e-01
3.207632138800389221e+00 -7.504761124178307430e-01
3.213921613582350734e+00 -5.977260970992885891e-01
3.220211088364312246e+00 -1.529461932924342848e+00
3.226500563146273759e+00 -1.280278913676498709e+00
3.232790037928235272e+00 -1.464659333422666299e+00
3.239079512710196784e+00 -4.710240213676362142e-01
3.245368987492158297e+00 3.651179056714628501e-01
3.251658462274119810e+00 -8.016579749806318489e-02
3.257947937056081322e+00 1.583520932870174924e-01
3.264237411838043279e+00 1.018262898022685992e-01
3.270526886620004792e+00 3.226096914966876117e-01
3.276816361401966304e+00 9.268513038666381654e-02
3.283105836183927817e+00 3.500779699190588179e-01
3.289395310965889330e+00 -1.095023257870336053e+00
3.295684785747850842e+00 -8.185610035058998868e-02
3.301974260529812355e+00 2.734935000377227698e-01
3.308263735311773868e+00 6.967044133748914181e-01
3.314553210093735380e+00 -7.643007423717540494e-01
3.320842684875696893e+00 3.414273576307658153e-02
3.327132159657658406e+00 5.100304118420900812e-01
3.333421634439619918e+00 6.044251124574344658e-01
3.339711109221581431e+00 8.436523451243361782e-01
3.346000584003543388e+00 -2.960627683167851298e-01
3.352290058785504900e+00 -2.164517481439074409e-01
3.358579533567466413e+00 1.193855084479886752e+00
3.364869008349427926e+00 -1.104189493778915399e-01
3.371158483131389438e+00 8.974179376935204067e-01
3.377447957913350951e+00 1.859040071000290784e-01
3.383737432695312464e+00 1.020058330196061291e+00
3.390026907477273976e+00 3.702430934741594015e-01
3.396316382259235489e+00 1.313963246658285344e+00
3.402605857041197002e+00 6.716857611523574523e-01
3.408895331823158514e+00 1.279254141753887186e+00
3.415184806605120027e+00 9.554745003648387192e-01
3.421474281387081540e+00 1.622250137647610391e+00
3.427763756169043496e+00 1.463696477857007849e+00
3.434053230951005009e+00 4.216867086647861917e-01
3.440342705732966522e+00 1.248162321726790758e+00
3.446632180514928034e+00 1.172586385083968397e+00
3.452921655296889547e+00 1.389281754131916458e+00
3.459211130078851060e+00 1.882719844997725156e+00
3.465500604860812572e+00 4.103208085415051554e-01
3.471790079642774085e+00 2.534048223502838870e-01
3.478079554424735598e+00 3.444484229367392181e-01
3.484369029206697110e+00 1.055808711700843450e+00
3.490658503988658623e+00 2.128141703184107225e+00
3.496947978770620136e+00 1.710576785195089489e+00
3.503237453552582092e+00 3.647041700851314516e-01
3.509526928334543605e+00 1.522391883804107282e+00
3.515816403116505118e+00 8.473699482566809937e-01
3.522105877898466630e+00 1.630706029202432239e+00
3.528395352680428143e+00 1.592343007479563033e+00
3.534684827462389656e+00 2.376917482621436317e+00
3.540974302244351168e+00 9.687594779186694538e-01
3.547263777026312681e+00 1.102668512707950743e+00
3.553553251808274194e+00 1.997520254929715744e+00
3.559842726590235706e+00 1.976340858778738552e+00
3.566132201372197219e+00 8.140840958019500695e-01
3.572421676154158732e+00 1.705619231946098546e+00
3.578711150936120244e+00 1.719776177194676015e+00
3.585000625718082201e+00 2.387918339632888021e+00
3.591290100500043714e+00 2.176111000803866879e+00
3.597579575282005226e+00 1.330893833672077253e+00
3.603869050063966739e+00 9.803138069951993216e-01
3.610158524845928252e+00 1.072159553656775177e+00
3.616447999627889764e+00 1.808520161856172148e+00
3.622737474409851277e+00 1.767280198835509353e+00
3.629026949191812790e+00 2.522662165563190229e+00
3.635316423973774302e+00 1.421662471371774927e+00
3.641605898755735815e+00 2.303794104856776492e+00
3.647895373537697328e+00 2.061463541447004832e+00
3.654184848319658840e+00 1.767057238105181671e+00
3.660474323101620353e+00 1.957452124172165853e+00
3.666763797883582310e+00 1.875735366598342058e+00
3.673053272665543822e+00 1.116042695467460710e+00
3.679342747447505335e+00 2.241488594157977410e+00
3.685632222229466848e+00 1.481934164188062786e+00
3.691921697011428360e+00 1.143190067055324111e+00
3.698211171793389873e+00 1.432577276945842026e+00
3.704500646575351386e+00 3.130032478165944987e+00
3.710790121357312898e+00 2.221519339306575525e+00
3.717079596139274411e+00 2.790476290240176738e+00
3.723369070921235924e+00 2.335853091424101358e+00
3.729658545703197436e+00 1.629674706621505376e+00
3.735948020485158949e+00 2.941660801795379143e+00
3.742237495267120462e+00 2.103968877638192403e+00
3.748526970049082419e+00 1.349885778387849511e+00
3.754816444831043931e+00 2.173721270294319385e+00
3.761105919613005444e+00 2.728941284265354206e+00
3.767395394394966956e+00 1.505495489387970398e+00
3.773684869176928469e+00 1.241606419153936658e+00
3.779974343958889982e+00 2.525396540703849446e+00
3.786263818740851494e+00 1.115290719750142490e+00
3.792553293522813007e+00 2.981964881906307596e+00
3.798842768304774520e+00 1.624235782365374803e+00
3.805132243086736032e+00 2.050890935130294856e+00
3.811421717868697545e+00 1.975245636478877742e+00
3.817711192650659058e+00 1.382726311505102723e+00
3.824000667432621015e+00 2.018099808736473655e+00
3.830290142214582527e+00 2.739432118486626155e+00
3.836579616996544040e+00 2.218551748588911465e+00
3.842869091778505553e+00 1.995123310945044581e+00
3.849158566560467065e+00 2.645991563053492701e+00
3.855448041342428578e+00 2.596872480809450323e+00
3.861737516124390091e+00 1.387332967546777374e+00
3.868026990906351603e+00 2.271917968553825329e+00
3.874316465688313116e+00 1.334282124849068385e+00
3.880605940470274628e+00 2.205928918140489969e+00
3.886895415252236141e+00 2.105963127262346912e+00
3.893184890034197654e+00 1.464298501719140333e+00
3.899474364816159166e+00 1.034923537777725500e+00
3.905763839598121123e+00 2.314758120904121697e+00
3.912053314380082636e+00 2.029283713887575669e+00
3.918342789162044149e+00 2.506139852105947696e+00
3.924632263944005661e+00 9.620626419465106993e-01
3.930921738725967174e+00 1.554547688436987762e+00
3.937211213507928687e+00 1.941336763924761177e+00
3.943500688289890199e+00 7.373951111672285563e-01
3.949790163071851712e+00 1.558760066953610579e+00
3.956079637853813225e+00 1.580642668230506143e+00
3.962369112635774737e+00 9.673314508455559402e-01
3.968658587417736250e+00 2.276445703993586367e+00
3.974948062199697763e+00 1.203021356868234193e+00
3.981237536981659275e+00 1.669801904157775851e+00
3.987527011763621232e+00 2.148101662226666875e+00
3.993816486545582745e+00 1.858690191705536066e+00
4.000105961327544257e+00 1.021414039369747506e+00
4.006395436109505326e+00 5.745415868482450783e-01
4.012684910891467283e+00 1.993892742067148394e+00
4.018974385673428351e+00 1.593671841993062888e+00
4.025263860455390308e+00 1.011819115498582722e+00
4.031553335237352265e+00 1.766113030729818734e+00
4.037842810019313333e+00 7.813706359588381556e-01
4.044132284801275290e+00 8.787971678280954713e-01
4.050421759583236359e+00 1.372395316688621580e+00
4.056711234365198315e+00 1.381020599162104512e+00
4.063000709147159384e+00 1.045683905752220699e+00
4.069290183929121341e+00 1.551820525106895055e+00
4.075579658711082409e+00 2.266127066883688590e-01
4.081869133493044366e+00 7.297622761111206557e-01
4.088158608275005435e+00 1.642575553743789829e+00
4.094448083056967391e+00 8.753276821479709646e-01
4.100737557838928460e+00 1.475040998126497360e+00
4.107027032620890417e+00 1.164839722412821521e+00
4.113316507402852373e+00 4.544013417141909983e-01
4.119605982184813442e+00 4.905550464135907118e-01
4.125895456966775399e+00 8.379313928667699862e-01
4.132184931748736467e+00 1.662335637488386197e+00
4.138474406530698424e+00 1.239793974669118226e+00
4.144763881312659493e+00 1.021737809630998139e+00
4.151053356094621449e+00 1.513159308271682768e+00
4.157342830876582518e+00 1.064743078564799994e+00
4.163632305658544475e+00 4.479610597986640741e-01
4.169921780440505543e+00 5.810871572117966011e-01
4.176211255222467500e+00 1.396193820766921556e+00
4.182500730004428569e+00 1.514110154465889924e+00
4.188790204786390525e+00 1.311981966935768851e+00
4.195079679568352482e+00 6.312668043495905934e-01
4.201369154350313551e+00 1.187854935965698910e+00
4.207658629132275507e+00 -8.354861353159881432e-03
4.213948103914236576e+00 6.643412701623070404e-01
4.220237578696198533e+00 -6.289669992015212152e-02
4.226527053478159601e+00 7.954433118075801001e-01
4.232816528260121558e+00 -3.685432813352890191e-01
4.239106003042082627e+00 4.923412786277481246e-02
4.245395477824044583e+00 -3.854922240017781832e-01
4.251684952606005652e+00 5.367941343759026207e-01
4.257974427387967609e+00 8.857245681823091576e-01
4.264263902169928677e+00 -2.756345835155613599e-01
4.270553376951890634e+00 9.427110391828699143e-01
4.276842851733852591e+00 -5.168330896368774630e-01
4.283132326515813659e+00 7.459332930841502396e-01
4.289421801297775616e+00 -2.134349863662592384e-01
4.295711276079736685e+00 -5.307828344972633783e-01
4.302000750861698641e+00 3.356627520082526850e-01
4.308290225643659710e+00 5.460722720245378969e-01
4.314579700425621667e+00 1.486075418818294525e-01
4.320869175207582735e+00 7.724080416300115326e-01
4.327158649989544692e+00 1.635212822411430400e-01
4.333448124771505761e+00 6.431856844987837718e-02
4.339737599553467717e+00 9.044699374777321887e-01
4.346027074335428786e+00 8.482940864996809660e-01
4.352316549117390743e+00 7.657907757377435676e-01
4.358606023899352699e+00 7.425216795333332565e-01
4.364895498681313768e+00 6.026270465656035080e-01
4.371184973463275725e+00 1.897152452497794517e-01
4.377474448245236793e+00 8.438156354538363102e-01
4.383763923027198750e+00 6.645780202707469719e-01
4.390053397809159819e+00 2.568261006738649099e-01
4.396342872591121775e+00 7.320808853312410491e-02
4.402632347373082844e+00 2.841855563069128898e-02
4.408921822155044801e+00 1.402222730711742527e+00
4.415211296937005869e+00 7.535836944581573160e-01
4.421500771718967826e+00 1.379057071029174075e+00
4.427790246500929783e+00 2.284128596672356792e-01
4.434079721282890851e+00 2.446836989334771895e-01
4.440369196064852808e+00 1.428918369025399260e+00
4.446658670846813877e+00 3.932597128646131424e-01
4.452948145628775833e+00 1.184635887981105196e+00
4.459237620410736902e+00 1.590271950016297620e-01
4.465527095192698859e+00 8.794666316679883300e-01
4.471816569974659927e+00 -1.742572553623084053e-01
4.478106044756621884e+00 6.051977005603295101e-01
4.484395519538582953e+00 3.323491374135374432e-01
4.490684994320544909e+00 1.454688623016447302e+00
4.496974469102505978e+00 4.648972313653934041e-01
4.503263943884467935e+00 1.169138502696337012e+00
4.509553418666429891e+00 6.683532844042296972e-01
4.515842893448390960e+00 -3.540662290413331137e-01
4.522132368230352917e+00 2.810323622172333780e-02
4.528421843012313985e+00 1.292792801091635635e+00
4.534711317794275942e+00 9.621307819957055640e-01
4.541000792576237011e+00 -2.721294772121344296e-01
4.547290267358198967e+00 1.567645626986065466e+00
4.553579742140160036e+00 1.524792988031014263e+00
4.559869216922121993e+00 3.096717631346435073e-01
4.566158691704083061e+00 -5.619667822082891062e-02
4.572448166486045018e+00 -2.985618181206839417e-01
4.578737641268006087e+00 7.073552084121809136e-01
4.585027116049968043e+00 4.634600799878652033e-03
4.591316590831930000e+00 7.482018298782222576e-01
4.597606065613891069e+00 1.234031682245460448e+00
4.603895540395853025e+00 1.701016625792749704e+00
4.610185015177814094e+00 7.020299745633296062e-02
4.616474489959776051e+00 1.135798576991189579e+00
4.622763964741737119e+00 -1.281016860450423511e-01
4.629053439523699076e+00 -2.363673023641292836e-01
4.635342914305660145e+00 1.390155199521120988e+00
4.641632389087622101e+00 1.508965963838203361e+00
4.647921863869583170e+00 1.002563089326159451e-01
4.654211338651545127e+00 1.267967065615549505e-01
4.660500813433506195e+00 1.250603028238499670e+00
4.666790288215468152e+00 1.556994697431628882e+00
4.673079762997430109e+00 1.828418333868145895e-01
4.679369237779391177e+00 1.088937791760282048e+00
4.685658712561353134e+00 -1.678520681129741510e-02
4.691948187343314203e+00 1.541950800352932749e+00
4.698237662125276159e+00 1.190603737704225118e+00
4.704527136907237228e+00 -1.889578083399479080e-01
4.710816611689199185e+00 4.461736964410719652e-01
4.717106086471160253e+00 7.379267636516845252e-02
4.723395561253122210e+00 -5.580394695373053215e-02
4.729685036035083279e+00 1.649854986724733630e+00
4.735974510817045235e+00 7.859306298917071443e-01
4.742263985599006304e+00 2.233745506194503849e-01
4.748553460380968261e+00 1.458707029173272218e+00
4.754842935162930218e+00 4.433719593363348310e-01
4.761132409944891286e+00 1.059899347254424917e+00
4.767421884726853243e+00 4.219221309033271972e-02
4.773711359508814311e+00 9.673599321789663197e-01
4.780000834290776268e+00 2.334081799946297053e-02
4.786290309072737337e+00 8.474245119656744762e-01
4.792579783854699293e+00 1.670182318451389536e+00
4.798869258636660362e+00 1.209772643016084004e+00
4.805158733418622319e+00 1.379978585860490270e+00
4.811448208200583387e+00 1.307086453707587692e+00
4.817737682982545344e+00 2.060038825199583257e-01
4.824027157764506413e+00 1.699529325513404188e-01
4.830316632546468369e+00 1.202182584654256203e+00
4.836606107328430326e+00 1.437953606843962451e+00
4.842895582110391395e+00 1.145620856534687260e+00
4.849185056892353352e+00 1.644860656780172681e-01
4.855474531674314420e+00 -2.114305535389771062e-02
4.861764006456276377e+00 -1.644734540793147404e-01
4.868053481238237445e+00 6.536855175435325460e-01
4.874342956020199402e+00 1.001120296219843997e+00
4.880632430802160471e+00 -2.962332561811119036e-01
4.886921905584122428e+00 8.474135958249210399e-01
4.893211380366083496e+00 6.258697918688738149e-01
4.899500855148045453e+00 -2.607347723386034266e-01
4.905790329930006521e+00 3.395098140739895021e-01
4.912079804711968478e+00 1.552516121459492915e-01
4.918369279493930435e+00 7.653134819451192783e-01
4.924658754275891503e+00 -4.846276814295522595e-01
4.930948229057853460e+00 -5.327005355629337302e-01
4.937237703839814529e+00 -2.823115064877286251e-01
4.943527178621776486e+00 2.083716952869156813e-01
4.949816653403737554e+00 7.349550568460050393e-01
4.956106128185699511e+00 5.505076365514101067e-01
4.962395602967660579e+00 8.593126624315008399e-01
4.968685077749622536e+00 2.095403078719434431e-01
4.974974552531583605e+00 1.340539738536921099e+00
4.981264027313545562e+00 7.934353363390065361e-01
4.987553502095506630e+00 2.622783253828963046e-01
4.993842976877468587e+00 -8.500257762281826501e-02
5.000132451659430544e+00 4.244903244518998253e-01
5.006421926441391612e+00 5.352651357945543698e-01
5.012711401223353569e+00 -6.405625791559900195e-01
5.019000876005314637e+00 8.603349034582064014e-01
5.025290350787276594e+00 -5.551568419598584825e-02
5.031579825569237663e+00 -3.265583863657715025e-01
5.037869300351199620e+00 7.281708281098677737e-01
5.044158775133160688e+00 -2.245054223075596544e-01
5.050448249915122645e+00 -2.867002892898113942e-01
5.056737724697083713e+00 2.895703334905824766e-01
5.063027199479045670e+00 5.292479329507329133e-01
5.069316674261006739e+00 7.298760702818340995e-02
5.075606149042968696e+00 3.228294395310966625e-01
5.081895623824930652e+00 -1.149314888018857506e-01
5.088185098606891721e+00 7.853179693882700318e-01
5.094474573388853678e+00 -1.398880401612786484e-01
5.100764048170814746e+00 5.289100149583407795e-01
5.107053522952776703e+00 9.052336150710580398e-01
5.113342997734737772e+00 9.917673573637086903e-01
5.119632472516699728e+00 6.936078859379737338e-01
5.125921947298660797e+00 -4.586889355933624346e-01
5.132211422080622754e+00 7.662094469916456152e-01
5.138500896862583822e+00 1.113113660044632747e+00
5.144790371644545779e+00 4.277786140289340233e-01
5.151079846426506847e+00 -7.990313950011085353e-02
5.157369321208468804e+00 3.663913545300403474e-01
5.163658795990430761e+00 4.519229787411074284e-01
5.169948270772391830e+00 4.470314959443350000e-01
5.176237745554353786e+00 -6.226073219512194834e-01
5.182527220336314855e+00 1.971032144430817645e-01
5.188816695118276812e+00 -5.856987321790663170e-02
5.195106169900237880e+00 -2.186057407890690252e-01
5.201395644682199837e+00 3.483223895986957697e-01
5.207685119464160906e+00 -6.231692542242207589e-01
5.213974594246122862e+00 8.252650192014121533e-01
5.220264069028083931e+00 7.073477578468234661e-01
5.226553543810045888e+00 -6.655456925305296423e-01
5.232843018592006956e+00 1.076622402266031564e+00
5.239132493373968913e+00 -5.472331965590937486e-02
5.245421968155930870e+00 -5.102633701410588252e-01
5.251711442937891938e+00 -1.595703676925370740e-01
5.258000917719853895e+00 -1.659041313893740988e-01
5.264290392501814964e+00 1.354295782848533580e-01
5.270579867283776920e+00 4.501046046928864897e-01
5.276869342065737989e+00 1.378152919837250856e+00
5.283158816847699946e+00 1.819847126927988112e-01
5.289448291629661014e+00 1.305113060636486022e+00
5.295737766411622971e+00 -3.978164142984872420e-01
5.302027241193584040e+00 3.155761126446333664e-01
5.308316715975545996e+00 1.372719858278772076e+00
5.314606190757507953e+00 -3.773217301322942530e-01
5.320895665539469022e+00 1.003707704419106062e+00
5.327185140321430978e+00 1.425769594425370101e-01
5.333474615103392047e+00 3.845556895231240779e-01
5.339764089885354004e+00 1.587632910317615442e+00
5.346053564667315072e+00 -3.293546948606914104e-01
5.352343039449277029e+00 -3.276442197205636786e-02
5.358632514231238098e+00 1.024389013719845920e+00
5.364921989013200054e+00 1.420546340078063130e+00
5.371211463795161123e+00 -9.963827337806852036e-02
5.377500938577123080e+00 1.333574366547449763e+00
5.383790413359084148e+00 9.009258740820940137e-01
5.390079888141046105e+00 5.213504862595788047e-01
5.396369362923008062e+00 2.604386367742707042e-01
5.402658837704969130e+00 4.152046755891721230e-01
5.408948312486931087e+00 8.801755925231224964e-02
5.415237787268892156e+00 9.225340078983041980e-01
5.421527262050854112e+00 1.051555775525403469e-01
5.427816736832815181e+00 1.236424590647035915e+00
5.434106211614777138e+00 1.735072724423214918e+00
5.440395686396738206e+00 1.939540047080130059e+00
5.446685161178700163e+00 3.558731749253745691e-01
5.452974635960661232e+00 1.659087954542901366e+00
5.459264110742623188e+00 3.530872819208853430e-01
5.465553585524584257e+00 9.269310861308648342e-01
5.471843060306546214e+00 3.816019925960628112e-01
5.478132535088508170e+00 8.024000087292180172e-01
5.484422009870469239e+00 2.022492871137726134e+00
5.490711484652431196e+00 2.186496082263067908e+00
5.497000959434392264e+00 1.401767437439005670e+00
5.503290434216354221e+00 1.284162141399292523e+00
5.509579908998315290e+00 1.356595383635329277e+00
5.515869383780277246e+00 7.637198734717235427e-01
5.522158858562238315e+00 7.684273036836872794e-01
5.528448333344200272e+00 9.475097010737072445e-01
5.534737808126161340e+00 2.188434196047627900e+00
5.541027282908123297e+00 1.732600130666425375e+00
5.547316757690084366e+00 1.997885392449686881e+00
5.553606232472046322e+00 1.459187407368796707e+00
5.559895707254008279e+00 1.375609171619075921e+00
5.566185182035969348e+00 2.113932439753932524e+00
5.572474656817931304e+00 2.464555875606632807e+00
5.578764131599892373e+00 2.342102525005092417e+00
5.585053606381854330e+00 1.335153544396300074e+00
5.591343081163815398e+00 2.030616232441875280e+00
5.597632555945777355e+00 7.214381036879687903e-01
5.603922030727738424e+00 9.746152015328715112e-01
5.610211505509700380e+00 2.070361417823055383e+00
5.616500980291661449e+00 9.951318725168167845e-01
5.622790455073623406e+00 2.157232268657871543e+00
5.629079929855584474e+00 1.616028974713209720e+00
5.635369404637546431e+00 2.010185743291212024e+00
5.641658879419508388e+00 1.269641380618398152e+00
5.647948354201469456e+00 2.060880471925787383e+00
5.654237828983431413e+00 2.299212586712211071e+00
5.660527303765392482e+00 7.953140003980310180e-01
5.666816778547354438e+00 8.463333735279281456e-01
5.673106253329315507e+00 2.401151059883002592e+00
5.679395728111277464e+00 1.133865801022942765e+00
5.685685202893238532e+00 1.934493544609861448e+00
5.691974677675200489e+00 2.569409535210001483e+00
5.698264152457161558e+00 2.132975913125315426e+00
5.704553627239123514e+00 2.726042298342233217e+00
5.710843102021084583e+00 2.581892455292564836e+00
5.717132576803046540e+00 2.248247295007130386e+00
5.723422051585008496e+00 2.616114843345183072e+00
5.729711526366969565e+00 2.332015302059701867e+00
5.736001001148931522e+00 1.814269578841213093e+00
5.742290475930892590e+00 1.713854923977353062e+00
5.748579950712854547e+00 2.055659900930672634e+00
5.754869425494815616e+00 2.508678710903607723e+00
5.761158900276777572e+00 1.123373381115000846e+00
5.767448375058738641e+00 1.446576995803532162e+00
5.773737849840700598e+00 1.511760888814686954e+00
5.780027324622661666e+00 2.105478827018807841e+00
5.786316799404623623e+00 1.244398037147035785e+00
5.792606274186584692e+00 2.369355349510756437e+00
5.798895748968546648e+00 7.976289885151740533e-01
5.805185223750508605e+00 9.842027339845205169e-01
5.811474698532469674e+00 1.581679159518252664e+00
5.817764173314431631e+00 1.408532199292207077e+00
5.824053648096392699e+00 1.983068502839742786e+00
5.830343122878354656e+00 6.627145940195340312e-01
5.836632597660315724e+00 1.277899325374457717e+00
5.842922072442277681e+00 1.697950121472060703e+00
5.849211547224238750e+00 1.148764899758918823e+00
5.855501022006200706e+00 1.146906715037796509e+00
5.861790496788161775e+00 1.006005622177160719e+00
5.868079971570123732e+00 2.860310781039333006e-01
5.874369446352084800e+00 1.121958860114801393e+00
5.880658921134046757e+00 8.162561055387733688e-01
5.886948395916008714e+00 1.102988967316040014e+00
5.893237870697969782e+00 7.196365984483665823e-01
5.899527345479931739e+00 1.459364124912846616e+00
5.905816820261892808e+00 1.420626663598458572e+00
5.912106295043854765e+00 5.692440300329009162e-01
5.918395769825815833e+00 1.437457258155282691e+00
5.924685244607777790e+00 2.136020399378197321e-01
5.930974719389738858e+00 6.531210485250518172e-01
5.937264194171700815e+00 7.249881388357637402e-02
5.943553668953661884e+00 1.046744987382974390e+00
5.949843143735623840e+00 3.934845775521684796e-01
5.956132618517584909e+00 7.253324585971410166e-01
5.962422093299546866e+00 9.989177276189857846e-01
5.968711568081508823e+00 1.084805354302846414e+00
5.975001042863469891e+00 -3.202728373750025614e-01
5.981290517645431848e+00 4.148132217756117512e-04
5.987579992427392916e+00 5.653632924284912598e-01
5.993869467209354873e+00 5.667535849460536568e-02
6.000158941991315942e+00 -5.342435509506942015e-01
6.006448416773277899e+00 8.133071276236862879e-01
6.012737891555238967e+00 7.706854187243270538e-01
6.019027366337200924e+00 2.343332378639846336e-01
6.025316841119161992e+00 -1.682081847025269639e-01
6.031606315901123949e+00 -4.972216619457754394e-01
6.037895790683085906e+00 -8.708740994221435550e-01
6.044185265465046974e+00 -9.934563138780714286e-01
6.050474740247008931e+00 -5.049939114368366955e-01
6.056764215028970000e+00 8.373311882996832267e-01
6.063053689810931957e+00 7.581662911720910003e-01
6.069343164592893025e+00 -9.383067548602008756e-02
6.075632639374854982e+00 2.150947064884149995e-01
6.081922114156816050e+00 -1.046355478491285629e+00
6.088211588938778007e+00 -9.577209086067755006e-01
6.094501063720739076e+00 -1.119534848951243333e+00
6.100790538502701033e+00 -1.210036978265569996e+00
6.107080013284662101e+00 3.042934494850024763e-01
6.113369488066624058e+00 -7.320239869545868139e-01
6.119658962848586015e+00 -1.857010181710174734e-01
6.125948437630547083e+00 -7.161459417647684234e-01
6.132237912412509040e+00 1.622775727706835536e-01
6.138527387194470109e+00 -7.920643187606488667e-01
6.144816861976432065e+00 -1.705735160128029282e+00
6.151106336758393134e+00 -8.861758903807517296e-01
6.157395811540355091e+00 -9.779764152179448722e-02
6.163685286322316159e+00 -1.255525390546653242e+00
6.169974761104278116e+00 -7.892668508385183301e-01
6.176264235886239184e+00 -1.109232210377476768e+00
6.182553710668201141e+00 -1.100112093209187014e+00
6.188843185450162210e+00 -5.661625257590996441e-02
6.195132660232124167e+00 -2.774288163015818931e-01
6.201422135014086123e+00 -3.484085997548032054e-01
6.207711609796047192e+00 -1.780763942618775131e+00
6.214001084578009149e+00 -1.006470277055858231e+00
6.220290559359970217e+00 -3.331888565148135584e-01
6.226580034141932174e+00 -1.092459812539816610e+00
6.232869508923893243e+00 -1.678373310647754746e+00
6.239158983705855199e+00 -1.811752004444745934e+00
6.245448458487816268e+00 -2.013620074582588515e+00
6.251737933269778225e+00 -1.711905098901671751e+00
6.258027408051739293e+00 -1.875460935961209552e+00
6.264316882833701250e+00 -9.391738083142855409e-01
6.270606357615662318e+00 -1.123393163479737611e+00
6.276895832397624275e+00 -3.239714426427875438e-01
6.283185307179586232e+00 -1.029450964003844948e+00
