0.000000000000000000e+00 4.544591808915421360e-01
6.289474781961547356e-03 7.657733078686166373e-01
1.257894956392309471e-02 4.741806297885549082e-01
1.886842434588464207e-02 -1.788223262416949177e-01
2.515789912784618942e-02 -9.273945626584240154e-02
3.144737390980773678e-02 -4.082468687862044754e-01
3.773684869176928414e-02 -2.441517808788893351e-01
4.402632347373083149e-02 8.355848706616324506e-01
5.031579825569237885e-02 -1.268771404440343087e-01
5.660527303765392620e-02 5.992575523844806407e-01
6.289474781961547356e-02 1.875377473700967634e-02
6.918422260157702786e-02 -2.392974633562339193e-01
7.547369738353856827e-02 1.222340092796058375e+00
8.176317216550010869e-02 1.114122296419735703e+00
8.805264694746166299e-02 2.830567998263344154e-01
9.434212172942321728e-02 -1.763672389497628057e-01
1.006315965113847577e-01 9.272490411807798871e-01
1.069210712933462981e-01 1.591489207911153114e-01
1.132105460753078524e-01 6.061720183170876686e-01
1.195000208572694067e-01 1.469382753263732910e+00
1.257894956392309471e-01 -3.440581914682057652e-01
1.320789704211924875e-01 1.146199419943922937e+00
1.383684452031540557e-01 -5.924821733609797469e-02
1.446579199851155961e-01 7.313554352690065929e-01
1.509473947670771365e-01 1.305074762728406279e+00
1.572368695490386770e-01 1.163205076216026868e+00
1.635263443310002174e-01 1.492076550695901727e+00
1.698158191129617856e-01 5.053025759750277013e-01
1.761052938949233260e-01 9.964823411285226307e-01
1.823947686768848664e-01 1.097967328901565454e+00
1.886842434588464346e-01 1.358272668587017673e+00
1.949737182408079750e-01 1.515147641772413900e+00
2.012631930227695154e-01 1.442695718232820612e+00
2.075526678047310558e-01 -1.932497958301894192e-01
2.138421425866925962e-01 9.067043647973798137e-01
2.201316173686541644e-01 1.620360983153172896e+00
2.264210921506157048e-01 1.453354427308457097e+00
2.327105669325772452e-01 1.349376378157433942e+00
2.390000417145388134e-01 8.307330045147025555e-01
2.452895164965003538e-01 2.676988266793296489e-01
2.515789912784618942e-01 1.337778127497845970e+00
2.578684660604234624e-01 1.079769364048221769e+00
2.641579408423849751e-01 1.856350963919287667e-01
2.704474156243465433e-01 1.364628564475956374e+00
2.767368904063081114e-01 2.257608995206683011e-01
2.830263651882696241e-01 1.267801076223417756e+00
2.893158399702311923e-01 6.734066860275103039e-01
2.956053147521927049e-01 -4.489913706101135160e-01
3.018947895341542731e-01 3.903001350717870133e-01
3.081842643161158413e-01 3.772002279493527066e-01
3.144737390980773539e-01 1.425029472866559122e-01
3.207632138800389221e-01 1.215104750090119978e+00
3.270526886620004348e-01 6.658840642807699606e-01
3.333421634439620029e-01 3.232610085388260002e-01
3.396316382259235711e-01 5.150217401003474027e-01
3.459211130078850838e-01 -5.150596533033646729e-02
3.522105877898466519e-01 1.078301021865978093e+00
3.585000625718082201e-01 1.299009430555655431e+00
3.647895373537697328e-01 -4.557557634885744946e-03
3.710790121357313009e-01 1.079005630426963736e+00
3.773684869176928691e-01 1.319492453716418767e+00
3.836579616996543818e-01 4.931201082752124654e-01
3.899474364816159500e-01 1.108203371616766075e+00
3.962369112635774626e-01 4.246629189968880169e-01
4.025263860455390308e-01 -1.629360187973375451e-01
4.088158608275005990e-01 -5.935934779419594909e-01
4.151053356094621116e-01 -4.485652927028360715e-01
4.213948103914236798e-01 6.028801858034387173e-01
4.276842851733851925e-01 2.294036327458633950e-01
4.339737599553467606e-01 -3.857865572161758294e-01
4.402632347373083288e-01 1.029170093881127013e+00
4.465527095192698415e-01 -1.894250896209677126e-01
4.528421843012314096e-01 -3.063399484397864025e-01
4.591316590831929778e-01 5.426744104094809451e-01
4.654211338651544905e-01 1.751087444954722017e-01
4.717106086471160586e-01 -4.190566168661463697e-01
4.780000834290776268e-01 -3.154567541794792707e-01
4.842895582110391395e-01 -8.872733664137643084e-01
4.905790329930007077e-01 6.838714958006126832e-01
4.968685077749622203e-01 -3.332487994553516852e-01
5.031579825569237885e-01 1.806254113619254476e-01
5.094474573388853011e-01 4.802266446472724937e-01
5.157369321208469248e-01 5.742170683059377723e-03
5.220264069028084375e-01 -2.085576257516041920e-03
5.283158816847699502e-01 8.957100510707500796e-01
5.346053564667315738e-01 4.461915325736052207e-01
5.408948312486930865e-01 3.414701216281208485e-01
5.471843060306545992e-01 -5.942427474379237129e-01
5.534737808126162228e-01 -3.277386700310189749e-01
5.597632555945777355e-01 4.522165330568668207e-01
5.660527303765392482e-01 6.669257412039697464e-01
5.723422051585007608e-01 -1.023469956359732258e+00
5.786316799404623845e-01 -1.093793931756863014e+00
5.849211547224238972e-01 -6.384982830478402871e-01
5.912106295043854098e-01 -1.151170985320985718e+00
5.975001042863470335e-01 7.514603875709671144e-01
6.037895790683085462e-01 -1.046872548186525975e-01
6.100790538502700588e-01 -4.954091215976941243e-01
6.163685286322316825e-01 -8.936261580055095965e-01
6.226580034141931952e-01 -9.022260367629930666e-01
6.289474781961547079e-01 -6.672943895055003516e-01
6.352369529781163315e-01 -7.134131505470198142e-01
6.415264277600778442e-01 -9.612253808964466018e-01
6.478159025420393569e-01 -6.709645552354954745e-01
6.541053773240008695e-01 1.672953795390454967e-01
6.603948521059624932e-01 -4.514383521578984038e-01
6.666843268879240059e-01 -1.006280116535804625e+00
6.729738016698855185e-01 -1.402260684841456495e-01
6.792632764518471422e-01 -1.881839572305636921e-01
6.855527512338086549e-01 -4.680584915138543689e-01
6.918422260157701675e-01 6.881170263549838406e-01
6.981317007977317912e-01 -4.230390928232115044e-01
7.044211755796933039e-01 6.493174104122245716e-01
7.107106503616548165e-01 -4.768293761223234561e-01
7.170001251436164402e-01 -4.855931198386875813e-01
7.232895999255779529e-01 -4.392716531179454709e-01
7.295790747075394655e-01 -1.162745541135475458e+00
7.358685494895010892e-01 -1.002373917757451993e+00
7.421580242714626019e-01 -6.736053188271173831e-02
7.484474990534241146e-01 4.097385817932450713e-01
7.547369738353857382e-01 -1.133247728691293643e+00
7.610264486173472509e-01 -8.493958623526753904e-02
7.673159233993087636e-01 3.600006802643562764e-02
7.736053981812702762e-01 -1.026246946375915403e+00
7.798948729632318999e-01 8.146193482703489863e-01
7.861843477451934126e-01 7.741729219892701241e-01
7.924738225271549252e-01 4.210559252759709103e-01
7.987632973091165489e-01 6.793543881560524245e-01
8.050527720910780616e-01 -4.847171864840746913e-01
8.113422468730395742e-01 1.219633873743357633e-01
8.176317216550011979e-01 1.483643801652803074e-01
8.239211964369627106e-01 1.383126690398863712e-01
8.302106712189242232e-01 -6.409687197319213769e-01
8.365001460008858469e-01 1.376843106962417629e-01
8.427896207828473596e-01 -3.597567480704678688e-01
8.490790955648088723e-01 4.962091456878379159e-01
8.553685703467703849e-01 4.092652651207695502e-01
8.616580451287320086e-01 5.677525213589034170e-01
8.679475199106935213e-01 -1.511662854918014443e-01
8.742369946926550339e-01 -4.327473462760713652e-01
8.805264694746166576e-01 1.073084965661794898e+00
8.868159442565781703e-01 -8.647160228744321664e-02
8.931054190385396829e-01 -3.968178048890043108e-01
8.993948938205013066e-01 3.988344435055569681e-01
9.056843686024628193e-01 -4.778673613769466311e-01
9.119738433844243319e-01 -1.939308574551952269e-01
9.182633181663859556e-01 4.799963213603630763e-01
9.245527929483474683e-01 5.164524356325561616e-01
9.308422677303089809e-01 4.550363169642556160e-01
9.371317425122706046e-01 1.317589794339752540e+00
9.434212172942321173e-01 4.819905897850784715e-01
9.497106920761936300e-01 1.418782401901586554e-01
9.560001668581552536e-01 -2.803333083336541076e-01
9.622896416401167663e-01 2.356282001777592061e-01
9.685791164220782790e-01 2.416614856044227710e-01
9.748685912040397916e-01 1.408611505973144107e+00
9.811580659860014153e-01 1.237019047184840792e+00
9.874475407679629280e-01 1.951936232017386086e-01
9.937370155499244406e-01 4.197980264390079874e-01
1.000026490331886064e+00 1.204046821534279221e+00
1.006315965113847577e+00 1.564587758221098079e+00
1.012605439895809090e+00 1.809298819539860270e+00
1.018894914677770602e+00 2.097888619403600607e-01
1.025184389459732115e+00 7.029140257590873464e-01
1.031473864241693850e+00 1.053064770864420963e+00
1.037763339023655362e+00 1.485487459062752702e+00
1.044052813805616875e+00 1.682376268940279695e+00
1.050342288587578388e+00 1.614354591873529143e+00
1.056631763369539900e+00 2.247331699612028721e+00
1.062921238151501413e+00 8.819553844850380742e-01
1.069210712933463148e+00 1.889569251586006748e+00
1.075500187715424660e+00 5.847176217758456307e-01
1.081789662497386173e+00 7.563041627247832910e-01
1.088079137279347686e+00 1.659456217479438056e+00
1.094368612061309198e+00 6.511644923783901362e-01
1.100658086843270711e+00 2.360587988985536789e+00
1.106947561625232446e+00 7.346138419193868341e-01
1.113237036407193958e+00 1.171251964071867935e+00
1.119526511189155471e+00 2.240301814344333842e+00
1.125815985971116984e+00 9.558779319432573196e-01
1.132105460753078496e+00 2.169506204315815978e+00
1.138394935535040009e+00 2.208738957368359568e+00
1.144684410317001522e+00 1.450058465425414722e+00
1.150973885098963256e+00 2.831189016878767895e+00
1.157263359880924769e+00 2.315759550447979542e+00
1.163552834662886282e+00 1.739846071969010977e+00
1.169842309444847794e+00 1.194328760638488252e+00
1.176131784226809307e+00 2.296201090076282370e+00
1.182421259008770820e+00 1.029498486684323755e+00
1.188710733790732554e+00 2.764265778997119671e+00
1.195000208572694067e+00 2.984579907377108654e+00
1.201289683354655580e+00 3.035079440245034732e+00
1.207579158136617092e+00 2.364073641004911686e+00
1.213868632918578605e+00 2.270746619621449192e+00
1.220158107700540118e+00 2.654122338958581295e+00
1.226447582482501630e+00 1.181937154033496640e+00
1.232737057264463365e+00 1.384183816175768467e+00
1.239026532046424878e+00 1.537035241266350161e+00
1.245316006828386390e+00 2.977596017031041153e+00
1.251605481610347903e+00 1.702676506602748052e+00
1.257894956392309416e+00 1.551786584904508715e+00
1.264184431174270928e+00 3.091796728303313202e+00
1.270473905956232663e+00 1.275791367510240137e+00
1.276763380738194176e+00 2.491526906332031110e+00
1.283052855520155688e+00 1.720228932068536221e+00
1.289342330302117201e+00 1.750145421932698175e+00
1.295631805084078714e+00 1.369842092202282702e+00
1.301921279866040226e+00 2.321584787134883143e+00
1.308210754648001739e+00 2.826859895755612584e+00
1.314500229429963474e+00 1.817826233862944063e+00
1.320789704211924986e+00 3.069940757570889467e+00
1.327079178993886499e+00 2.603814342583722574e+00
1.333368653775848012e+00 1.514629784350700614e+00
1.339658128557809524e+00 2.657624123379652037e+00
1.345947603339771037e+00 1.717533749107639451e+00
1.352237078121732772e+00 2.536491389961277321e+00
1.358526552903694284e+00 1.911762974788680625e+00
1.364816027685655797e+00 2.950014008014044009e+00
1.371105502467617310e+00 1.300219961550719727e+00
1.377394977249578822e+00 2.777875449183194512e+00
1.383684452031540335e+00 1.802915854371950788e+00
1.389973926813502070e+00 2.174437466503611471e+00
1.396263401595463582e+00 1.754222806265833823e+00
1.402552876377425095e+00 2.308770410845348842e+00
1.408842351159386608e+00 2.548465865386364548e+00
1.415131825941348120e+00 2.180734132954012416e+00
1.421421300723309633e+00 1.492861717772984376e+00
1.427710775505271146e+00 8.496539995403996626e-01
1.434000250287232880e+00 1.168584261424964632e+00
1.440289725069194393e+00 2.535657753877575082e+00
1.446579199851155906e+00 1.772447824433914132e+00
1.452868674633117418e+00 2.260658181173867298e+00
1.459158149415078931e+00 2.413382319622110916e+00
1.465447624197040444e+00 1.675861424391632326e+00
1.471737098979002178e+00 1.791505126127494574e+00
1.478026573760963691e+00 1.702753403203036697e+00
1.484316048542925204e+00 1.317745104467357820e+00
1.490605523324886716e+00 2.192382861040417907e+00
1.496894998106848229e+00 1.775778882330897979e+00
1.503184472888809742e+00 8.998997987268928522e-01
1.509473947670771476e+00 5.512861537757691721e-01
1.515763422452732989e+00 1.945101140926342786e+00
1.522052897234694502e+00 1.659684125766126117e+00
1.528342372016656014e+00 1.999560460224053537e+00
1.534631846798617527e+00 7.373868926490841913e-01
1.540921321580579040e+00 1.666819400742973967e+00
1.547210796362540552e+00 1.631813855801634183e+00
1.553500271144502287e+00 1.364714997117131956e+00
1.559789745926463800e+00 9.797215314204138492e-01
1.566079220708425312e+00 5.012278634748350559e-01
1.572368695490386825e+00 1.084826555297830231e+00
1.578658170272348338e+00 1.222509181731003647e+00
1.584947645054309850e+00 1.589311077557877372e+00
1.591237119836271585e+00 5.574449469517622768e-02
1.597526594618233098e+00 5.485219932679202826e-02
1.603816069400194610e+00 6.576994389767703009e-01
1.610105544182156123e+00 -3.838204158697746671e-01
1.616395018964117636e+00 8.720746173666920065e-01
1.622684493746079148e+00 -5.809815854566369175e-01
1.628973968528040661e+00 -3.749320764132729744e-01
1.635263443310002396e+00 -6.539780048977177351e-01
1.641552918091963909e+00 -6.190337683295147331e-01
1.647842392873925421e+00 -5.289266355000821207e-02
1.654131867655886934e+00 6.149736991982068801e-02
1.660421342437848446e+00 5.309324616286055232e-01
1.666710817219809959e+00 1.884393988064272385e-01
1.673000292001771694e+00 -9.638790208213350308e-01
1.679289766783733207e+00 -6.572915445491511743e-01
1.685579241565694719e+00 -4.285743369669297032e-01
1.691868716347656232e+00 -6.043444838654785656e-01
1.698158191129617745e+00 -1.164513302344338808e-01
1.704447665911579257e+00 -3.604229299438022061e-01
1.710737140693540770e+00 -1.108178119526510352e+00
1.717026615475502505e+00 -7.205775031971577427e-01
1.723316090257464017e+00 -1.355205206902940329e+00
1.729605565039425530e+00 -4.623411708896802974e-01
1.735895039821387043e+00 -1.528153038395179797e+00
1.742184514603348555e+00 -8.485322064792044650e-02
1.748473989385310068e+00 3.854392231116188228e-02
1.754763464167271803e+00 -1.478321424798976658e+00
1.761052938949233315e+00 -7.140326914461927466e-01
1.767342413731194828e+00 -1.511129156243951277e+00
1.773631888513156341e+00 -1.130265318207544611e+00
1.779921363295117853e+00 -4.935445066589978502e-01
1.786210838077079366e+00 -3.419151890674279048e-01
1.792500312859041101e+00 8.836346837271413790e-03
1.798789787641002613e+00 -4.460378367348090123e-01
1.805079262422964126e+00 -1.406373634803541606e+00
1.811368737204925639e+00 -1.430892710849907878e+00
1.817658211986887151e+00 -7.435049050832343021e-01
1.823947686768848664e+00 -1.492408370054826738e+00
1.830237161550810177e+00 -1.724759772156780002e+00
1.836526636332771911e+00 -3.007180409330616477e-01
1.842816111114733424e+00 -4.315919612576690767e-01
1.849105585896694937e+00 -5.445824015910309956e-01
1.855395060678656449e+00 -2.089558065749210769e-01
1.861684535460617962e+00 -1.544562650451729580e+00
1.867974010242579475e+00 -2.031225925170940805e+00
1.874263485024541209e+00 -1.610980478225439105e+00
1.880552959806502722e+00 -2.439745856430559634e-01
1.886842434588464235e+00 -1.987644457976635692e+00
1.893131909370425747e+00 -1.400469311479994206e+00
1.899421384152387260e+00 -1.694877544318720730e+00
1.905710858934348773e+00 -6.940941949935246491e-01
1.912000333716310507e+00 -8.797926415164374347e-01
1.918289808498272020e+00 -1.863065950380819125e+00
1.924579283280233533e+00 -5.124287053374674272e-01
1.930868758062195045e+00 -8.237803742872680246e-01
1.937158232844156558e+00 -1.011368671894483873e+00
1.943447707626118071e+00 -1.617991250679926107e+00
1.949737182408079583e+00 -1.677704658302180629e+00
1.956026657190041318e+00 -1.231810626629246341e+00
1.962316131972002831e+00 -5.453123583077248426e-01
1.968605606753964343e+00 -3.307491575222365476e-01
1.974895081535925856e+00 -1.308077687764395147e+00
1.981184556317887369e+00 -4.678614596698509320e-01
1.987474031099848881e+00 -4.695634458762310004e-03
1.993763505881810616e+00 -6.723920772242397703e-02
2.000052980663772129e+00 -2.666110546928586178e-01
2.006342455445733641e+00 -3.722519231380723159e-01
2.012631930227695154e+00 -1.350902785613455004e+00
2.018921405009656667e+00 1.825166466403584931e-01
2.025210879791618179e+00 3.396409369385411381e-01
2.031500354573579692e+00 -3.869351717468421104e-01
2.037789829355541205e+00 -7.160629775094711214e-01
2.044079304137502717e+00 -8.731575761635992361e-01
2.050368778919464230e+00 -9.832038057101857298e-01
2.056658253701426187e+00 -3.953230148731057270e-03
2.062947728483387699e+00 -1.121375040666114264e+00
2.069237203265349212e+00 4.621483011803022567e-01
2.075526678047310725e+00 -1.186147487799167788e+00
2.081816152829272237e+00 4.320282627851224078e-01
2.088105627611233750e+00 -6.920500131746565309e-01
2.094395102393195263e+00 -1.094770954116629946e+00
2.100684577175156775e+00 4.993932716622524470e-01
2.106974051957118288e+00 4.938236332406752416e-01
2.113263526739079801e+00 1.545268066708352928e-01
2.119553001521041313e+00 9.085882022412585801e-01
2.125842476303002826e+00 -4.933449816080749395e-01
2.132131951084964339e+00 1.094500170848069498e-01
2.138421425866926295e+00 -4.301798796797633440e-01
2.144710900648887808e+00 1.019071931542475218e+00
2.151000375430849321e+00 1.102775376323294587e+00
2.157289850212810833e+00 1.447135692673051421e+00
2.163579324994772346e+00 -1.962533919890630529e-01
2.169868799776733859e+00 7.158685371939033093e-01
2.176158274558695371e+00 1.609662472452362270e+00
2.182447749340656884e+00 5.678300112579115488e-02
2.188737224122618397e+00 1.036708718451478051e+00
2.195026698904579909e+00 -7.128425957668024782e-02
2.201316173686541422e+00 1.605205686304290724e+00
2.207605648468502935e+00 7.299683822309896986e-01
2.213895123250464891e+00 2.921303614054098219e-01
2.220184598032426404e+00 8.510142391591953848e-01
2.226474072814387917e+00 7.713718252587544733e-01
2.232763547596349429e+00 1.768891089972688624e+00
2.239053022378310942e+00 1.758756306555548266e+00
2.245342497160272455e+00 1.980381227083957585e+00
2.251631971942233967e+00 8.588962715296353245e-01
2.257921446724195480e+00 2.149524820439952855e+00
2.264210921506156993e+00 1.847976804718247212e+00
2.270500396288118505e+00 2.016591315557003661e+00
2.276789871070080018e+00 1.538087960167239032e+00
2.283079345852041531e+00 1.625817613556179042e+00
2.289368820634003043e+00 1.345136613595820041e+00
2.295658295415965000e+00 1.460104198808871878e+00
2.301947770197926513e+00 1.223946317827683483e+00
2.308237244979888025e+00 2.088924199820547223e+00
2.314526719761849538e+00 2.860869012042632331e+00
2.320816194543811051e+00 1.699655013656326874e+00
2.327105669325772563e+00 2.205237140991597400e+00
2.333395144107734076e+00 3.057637654936622873e+00
2.339684618889695589e+00 1.313070713512904719e+00
2.345974093671657101e+00 2.913424861865121063e+00
2.352263568453618614e+00 1.871896953610711511e+00
2.358553043235580127e+00 1.657357616084523366e+00
2.364842518017541639e+00 1.791708163272765386e+00
2.371131992799503152e+00 2.655314893089397721e+00
2.377421467581465109e+00 2.954271306973849320e+00
2.383710942363426621e+00 2.597822934303919418e+00
2.390000417145388134e+00 3.532513471451491416e+00
2.396289891927349647e+00 3.266949823683884979e+00
2.402579366709311159e+00 2.373998697985086892e+00
2.408868841491272672e+00 2.248845667749981736e+00
2.415158316273234185e+00 3.566916992013168031e+00
2.421447791055195697e+00 2.227502627090641951e+00
2.427737265837157210e+00 3.719464331443458782e+00
2.434026740619118723e+00 3.290347588200530637e+00
2.440316215401080235e+00 2.900296860826157008e+00
2.446605690183041748e+00 3.123010578472330323e+00
2.452895164965003261e+00 3.101440310536963896e+00
2.459184639746965217e+00 2.512595937822386105e+00
2.465474114528926730e+00 2.880333184680266001e+00
2.471763589310888243e+00 2.689775762825630245e+00
2.478053064092849755e+00 3.395176396740257729e+00
2.484342538874811268e+00 2.688071275623792999e+00
2.490632013656772781e+00 2.729420626734206046e+00
2.496921488438734293e+00 2.761563826132066524e+00
2.503210963220695806e+00 2.825859827412566805e+00
2.509500438002657319e+00 3.563248658656541057e+00
2.515789912784618831e+00 3.325858305283155403e+00
2.522079387566580344e+00 3.665341688093835870e+00
2.528368862348541857e+00 3.818439312567080357e+00
2.534658337130503369e+00 2.456947017285748380e+00
2.540947811912465326e+00 1.968858121130668826e+00
2.547237286694426839e+00 2.825087608736197353e+00
2.553526761476388351e+00 2.306528444410077761e+00
2.559816236258349864e+00 3.027021313503348132e+00
2.566105711040311377e+00 2.797752532345114229e+00
2.572395185822272889e+00 2.436646541409427158e+00
2.578684660604234402e+00 2.843831481301709374e+00
2.584974135386195915e+00 3.107453344249115901e+00
2.591263610168157427e+00 3.735196052663698918e+00
2.597553084950118940e+00 3.106008647605521311e+00
2.603842559732080453e+00 1.989360493462211332e+00
2.610132034514041965e+00 3.379373046214190435e+00
2.616421509296003478e+00 2.348292536139330977e+00
2.622710984077965435e+00 2.796082942132350979e+00
2.629000458859926947e+00 3.157700244980936599e+00
2.635289933641888460e+00 1.975331583222022847e+00
2.641579408423849973e+00 3.386215810563439454e+00
2.647868883205811485e+00 3.402269138449947938e+00
2.654158357987772998e+00 2.218095860682043785e+00
2.660447832769734511e+00 1.644291834445857026e+00
2.666737307551696023e+00 1.413563481750346851e+00
2.673026782333657536e+00 2.884865100498680057e+00
2.679316257115619049e+00 2.396374540259015529e+00
2.685605731897580561e+00 3.184904882286090810e+00
2.691895206679542074e+00 1.651300235575464681e+00
2.698184681461504031e+00 1.427055267034285535e+00
2.704474156243465544e+00 2.937026153873797618e+00
2.710763631025427056e+00 2.435912322273146025e+00
2.717053105807388569e+00 2.180180072014105797e+00
2.723342580589350082e+00 1.121554758533397145e+00
2.729632055371311594e+00 1.178308212241924391e+00
2.735921530153273107e+00 1.833056959376108352e+00
2.742211004935234619e+00 8.652435043877525489e-01
2.748500479717196132e+00 2.283912388249932590e+00
2.754789954499157645e+00 1.294871783062379045e+00
2.761079429281119157e+00 9.279083035606917607e-01
2.767368904063080670e+00 1.229182704645591873e+00
2.773658378845042183e+00 9.989410568720575867e-01
2.779947853627004140e+00 1.456084337579957033e+00
2.786237328408965652e+00 5.397980421661290329e-01
2.792526803190927165e+00 1.004400835319529728e+00
2.798816277972888678e+00 1.836419520072852807e+00
2.805105752754850190e+00 2.190310922142281402e+00
2.811395227536811703e+00 7.052809862049884693e-01
2.817684702318773216e+00 1.400142974676620578e-01
2.823974177100734728e+00 1.645598231883758755e+00
2.830263651882696241e+00 4.683602405119950407e-01
2.836553126664657754e+00 6.934113751264020520e-01
2.842842601446619266e+00 1.560723801132861244e+00
2.849132076228580779e+00 4.170431615992927221e-01
2.855421551010542291e+00 1.673715781635123578e+00
2.861711025792504248e+00 8.940388800768709343e-01
2.868000500574465761e+00 1.435840417680819048e+00
2.874289975356427274e+00 -1.787744122629315591e-01
2.880579450138388786e+00 8.032536259387498268e-01
2.886868924920350299e+00 3.537160362734187435e-01
2.893158399702311812e+00 4.326428953838811209e-01
2.899447874484273324e+00 -1.435880731768552909e-01
2.905737349266234837e+00 8.361811628997817269e-02
2.912026824048196350e+00 -1.602538476764192588e-02
2.918316298830157862e+00 -4.435853777326566050e-01
2.924605773612119375e+00 1.652310053459665751e-01
2.930895248394080888e+00 -2.224383870053152634e-01
2.937184723176042400e+00 8.043120535013155159e-01
2.943474197958004357e+00 -7.798308388050443352e-01
2.949763672739965870e+00 7.125133058122390395e-01
2.956053147521927382e+00 3.917229210528869743e-01
2.962342622303888895e+00 -7.424659964103774712e-01
2.968632097085850408e+00 -1.134761534622052315e+00
2.974921571867811920e+00 -6.574389399212461349e-01
2.981211046649773433e+00 3.778083107184642131e-01
2.987500521431734946e+00 -4.385895258360372750e-01
2.993789996213696458e+00 -6.286879197435311095e-01
3.000079470995657971e+00 2.998260135474963839e-01
3.006368945777619484e+00 -3.471467368763785366e-01
3.012658420559580996e+00 -1.011652735559333660e+00
3.018947895341542953e+00 -1.025701870928476866e+00
3.025237370123504466e+00 3.553311316141023468e-01
3.031526844905465978e+00 -9.609814502662996638e-01
3.037816319687427491e+00 -3.194671716635484326e-01
3.044105794469389004e+00 -1.129737953618334956e+00
3.050395269251350516e+00 -1.113013847950010016e+00
3.056684744033312029e+00 1.133822800695922783e-01
3.062974218815273542e+00 -9.998035490651142609e-01
3.069263693597235054e+00 -4.191989834181455432e-01
3.075553168379196567e+00 -4.709964375907276235e-01
3.081842643161158080e+00 8.189251150479370800e-02
3.088132117943119592e+00 -5.712746539758453146e-01
3.094421592725081105e+00 -2.800402512316773063e-01
3.100711067507043062e+00 2.235870713537257970e-03
3.107000542289004574e+00 3.350590132139319444e-02
3.113290017070966087e+00 -2.191723903714755117e-01
3.119579491852927600e+00 2.269927144120311713e-01
3.125868966634889112e+00 -3.114414913726071266e-01
3.132158441416850625e+00 -1.019085914918811620e+00
3.138447916198812138e+00 -1.006638064819069811e-01
3.144737390980773650e+00 -1.556094676824296696e+00
3.151026865762735163e+00 -4.438489156526617130e-01
3.157316340544696676e+00 -2.479668633194258565e-01
3.163605815326658188e+00 -4.955932477644424683e-01
3.169895290108619701e+00 -4.790997042192113309e-01
3.176184764890581214e+00 -4.924727177219978547e-01
3.182474239672543170e+00 -1.388183372465345844e+00
3.188763714454504683e+00 -8.340770742761240975e-01
3.195053189236466196e+00 -9.705500128193864651e-01
3.201342664018427708e+00 1.914232134135569474e-01
3.207632138800389221e+00 -5.538998826027841105e-01
3.213921613582350734e+00 -1.030735616919550290e+00
3.220211088364312246e+00 -4.600359318730138369e-01
3.226500563146273759e+00 -1.242473512798963231e+00
3.232790037928235272e+00 1.931573918330802275e-01
3.239079512710196784e+00 -4.983970534611656955e-01
3.245368987492158297e+00 -6.559585095486377693e-01
3.251658462274119810e+00 -8.117799638800131667e-01
3.257947937056081322e+00 -3.043087113302203051e-01
3.264237411838043279e+00 5.628040997942671542e-01
3.270526886620004792e+00 -5.452389010030322947e-01
3.276816361401966304e+00 -1.227844236689414226e+00
3.283105836183927817e+00 -7.121157962144337716e-01
3.289395310965889330e+00 5.778092681854529733e-01
3.295684785747850842e+00 -1.866620322128449416e-01
3.301974260529812355e+00 8.376304616219578669e-01
3.308263735311773868e+00 2.692451290670370145e-01
3.314553210093735380e+00 3.137760637808808539e-01
3.320842684875696893e+00 -9.260669379045185501e-01
3.327132159657658406e+00 1.158968712283555691e-01
3.333421634439619918e+00 -1.531420960316396407e-01
3.339711109221581431e+00 4.580446397226759503e-01
3.346000584003543388e+00 -5.593683370748205874e-01
3.352290058785504900e+00 -4.763438157232890990e-01
3.358579533567466413e+00 -2.707424950121291030e-01
3.364869008349427926e+00 -5.954203643177682359e-01
3.371158483131389438e+00 3.915792257210358729e-01
3.377447957913350951e+00 1.264130976206028434e+00
3.383737432695312464e+00 -3.929883713220855279e-01
3.390026907477273976e+00 7.241632252164451611e-01
3.396316382259235489e+00 4.020063704531686155e-01
3.402605857041197002e+00 4.828858387167214161e-01
3.408895331823158514e+00 1.247914790712358890e+00
3.415184806605120027e+00 3.969320739274054821e-01
3.421474281387081540e+00 1.196316347295348415e+00
3.427763756169043496e+00 1.078609639801795250e-01
3.434053230951005009e+00 4.553079934607660029e-01
3.440342705732966522e+00 1.332235968952561356e+00
3.446632180514928034e+00 1.133353229616373969e+00
3.452921655296889547e+00 4.823166365811839551e-01
3.459211130078851060e+00 9.744763668570309567e-02
3.465500604860812572e+00 1.813284692948266663e+00
3.471790079642774085e+00 1.118738132858820400e+00
3.478079554424735598e+00 1.787655795595718966e-01
3.484369029206697110e+00 1.336677619778442461e+00
3.490658503988658623e+00 9.578029704582321502e-01
3.496947978770620136e+00 7.636125395430541918e-01
3.503237453552582092e+00 4.629210523285576251e-01
3.509526928334543605e+00 1.716258048089095878e+00
3.515816403116505118e+00 7.126176098794025915e-01
3.522105877898466630e+00 4.993221054250547852e-01
3.528395352680428143e+00 1.807695141581292075e+00
3.534684827462389656e+00 1.355504686135283077e+00
3.540974302244351168e+00 1.937831235973748845e+00
3.547263777026312681e+00 1.189064350992269592e+00
3.553553251808274194e+00 1.347162788292969093e+00
3.559842726590235706e+00 2.047722711790600059e+00
3.566132201372197219e+00 2.467821984208538044e+00
3.572421676154158732e+00 1.860831413093941622e+00
3.578711150936120244e+00 9.808214662220648972e-01
3.585000625718082201e+00 1.779011882330787664e+00
3.591290100500043714e+00 1.057755920422113638e+00
3.597579575282005226e+00 2.677074399782563230e+00
3.603869050063966739e+00 1.621552665313283903e+00
3.610158524845928252e+00 2.649564939964229371e+00
3.616447999627889764e+00 2.522401006505193166e+00
3.622737474409851277e+00 1.058392064420399681e+00
3.629026949191812790e+00 1.451296909030981075e+00
3.635316423973774302e+00 2.757468764186811860e+00
3.641605898755735815e+00 2.995660775335808879e+00
3.647895373537697328e+00 1.504527909333688296e+00
3.654184848319658840e+00 2.925115029805547273e+00
3.660474323101620353e+00 1.739193743669904535e+00
3.666763797883582310e+00 1.535494919043649542e+00
3.673053272665543822e+00 1.404621828657237170e+00
3.679342747447505335e+00 1.301669584302330485e+00
3.685632222229466848e+00 3.021915202901273467e+00
3.691921697011428360e+00 2.526858357521291509e+00
3.698211171793389873e+00 3.098667585959649529e+00
3.704500646575351386e+00 2.244018377235590389e+00
3.710790121357312898e+00 3.098185479295394007e+00
3.717079596139274411e+00 2.302081238315117240e+00
3.723369070921235924e+00 2.760036545856963563e+00
3.729658545703197436e+00 2.638184230065231173e+00
3.735948020485158949e+00 2.754944515963620333e+00
3.742237495267120462e+00 1.808818495173315721e+00
3.748526970049082419e+00 2.237434499525545295e+00
3.754816444831043931e+00 2.195919993813580273e+00
3.761105919613005444e+00 1.865530696366008101e+00
3.767395394394966956e+00 2.217100580962918954e+00
3.773684869176928469e+00 2.656602234964680065e+00
3.779974343958889982e+00 2.501076153027788962e+00
3.786263818740851494e+00 1.566916431501683471e+00
3.792553293522813007e+00 1.652885745650901628e+00
3.798842768304774520e+00 1.600618097273380114e+00
3.805132243086736032e+00 1.864216078717519931e+00
3.811421717868697545e+00 2.015935391485220940e+00
3.817711192650659058e+00 1.056443522491486320e+00
3.824000667432621015e+00 2.153204115820590125e+00
3.830290142214582527e+00 2.393886886093297139e+00
3.836579616996544040e+00 2.176376732439089245e+00
3.842869091778505553e+00 2.397846882637896471e+00
3.849158566560467065e+00 1.980338317291307160e+00
3.855448041342428578e+00 1.303129906719987519e+00
3.861737516124390091e+00 1.575108675449786055e+00
3.868026990906351603e+00 1.957922973104410325e+00
3.874316465688313116e+00 9.233035534257306720e-01
3.880605940470274628e+00 2.772878982048677443e+00
3.886895415252236141e+00 8.830521031090857731e-01
3.893184890034197654e+00 2.271758948038169912e+00
3.899474364816159166e+00 1.499970544331844735e+00
3.905763839598121123e+00 1.488206833936971396e+00
3.912053314380082636e+00 1.677299118436882619e+00
3.918342789162044149e+00 1.650163521381988740e+00
3.924632263944005661e+00 1.005761053601414545e+00
3.930921738725967174e+00 6.320000620441835748e-01
3.937211213507928687e+00 1.648946269700163114e+00
3.943500688289890199e+00 1.206327129506751472e+00
3.949790163071851712e+00 1.567984754549121007e+00
3.956079637853813225e+00 1.242115645660699652e+00
3.962369112635774737e+00 7.694985652923911346e-01
3.968658587417736250e+00 2.077183803520593397e+00
3.974948062199697763e+00 1.005977704821739316e+00
3.981237536981659275e+00 2.309531874879371394e+00
3.987527011763621232e+00 7.693362914175935208e-01
3.993816486545582745e+00 1.046829222975376839e+00
4.000105961327544257e+00 1.139155669755952616e+00
4.006395436109505326e+00 5.806452859457829074e-01
4.012684910891467283e+00 1.476728884008772447e+00
4.018974385673428351e+00 1.731808265844037242e+00
4.025263860455390308e+00 5.422229363679074154e-01
4.031553335237352265e+00 1.749225881197060017e+00
4.037842810019313333e+00 1.142223918163504992e+00
4.044132284801275290e+00 2.034742091658621632e+00
4.050421759583236359e+00 9.867734122799536323e-01
4.056711234365198315e+00 1.397415299968984392e+00
4.063000709147159384e+00 5.947771237637062836e-01
4.069290183929121341e+00 6.574017931428987049e-01
4.075579658711082409e+00 1.349006729519311110e+00
4.081869133493044366e+00 1.019851338427533616e+00
4.088158608275005435e+00 1.556105606745578962e+00
4.094448083056967391e+00 4.500561378127569956e-01
4.100737557838928460e+00 1.734036054839891872e+00
4.107027032620890417e+00 8.977309280637741917e-01
4.113316507402852373e+00 7.948247458260293552e-01
4.119605982184813442e+00 1.622522907476341203e+00
4.125895456966775399e+00 5.632646277569874904e-01
4.132184931748736467e+00 1.593361328089809792e+00
4.138474406530698424e+00 3.855467457107846774e-01
4.144763881312659493e+00 -2.444157735965143408e-01
4.151053356094621449e+00 1.250737894649209814e+00
4.157342830876582518e+00 2.391883542675261043e-01
4.163632305658544475e+00 -1.388943347285882535e-01
4.169921780440505543e+00 7.738531908136112580e-01
4.176211255222467500e+00 1.377177218963756111e+00
4.182500730004428569e+00 3.382595892649596925e-01
4.188790204786390525e+00 -5.888874737414750982e-02
4.195079679568352482e+00 1.040963486957483086e+00
4.201369154350313551e+00 9.066157710844590101e-01
4.207658629132275507e+00 2.036242027475418936e-01
4.213948103914236576e+00 1.429148724735382681e+00
4.220237578696198533e+00 1.395647123343429552e+00
4.226527053478159601e+00 4.819331407890270480e-01
4.232816528260121558e+00 -4.326579266882083497e-01
4.239106003042082627e+00 8.416023444105560358e-01
4.245395477824044583e+00 9.705762175391394742e-01
4.251684952606005652e+00 -1.280141391668279116e-01
4.257974427387967609e+00 -5.578349103602397996e-01
4.264263902169928677e+00 7.441217319147492848e-01
4.270553376951890634e+00 3.115528011963324406e-01
4.276842851733852591e+00 9.105561871084836278e-01
4.283132326515813659e+00 -5.097859351361440083e-01
4.289421801297775616e+00 2.646862550907507217e-01
4.295711276079736685e+00 -1.781548034470170627e-01
4.302000750861698641e+00 6.056500589088678055e-01
4.308290225643659710e+00 1.821611364511774855e-01
4.314579700425621667e+00 6.376154603311247060e-01
4.320869175207582735e+00 9.115958291703873950e-02
4.327158649989544692e+00 8.537211145321218497e-01
4.333448124771505761e+00 1.592925618243794528e-01
4.339737599553467717e+00 -2.776405089759031997e-01
4.346027074335428786e+00 1.176576401185168930e+00
4.352316549117390743e+00 6.391129683633067771e-01
4.358606023899352699e+00 8.071968211538717020e-01
4.364895498681313768e+00 1.034921788257872510e+00
4.371184973463275725e+00 1.164837469795436675e+00
4.377474448245236793e+00 1.135858096953435759e+00
4.383763923027198750e+00 -3.887406816931004983e-01
4.390053397809159819e+00 3.999221371605025110e-01
4.396342872591121775e+00 3.413340199371912576e-01
4.402632347373082844e+00 9.254103969262057472e-01
4.408921822155044801e+00 5.995308560393919350e-01
4.415211296937005869e+00 8.455516997200291929e-01
4.421500771718967826e+00 1.365663369362887236e-01
4.427790246500929783e+00 8.356109465089467392e-03
4.434079721282890851e+00 -2.271216831877987952e-01
4.440369196064852808e+00 -4.581152235318985966e-02
4.446658670846813877e+00 6.639963394628818349e-01
4.452948145628775833e+00 1.358651322684448770e+00
4.459237620410736902e+00 -4.210989045289981192e-01
4.465527095192698859e+00 8.893492629187366161e-01
4.471816569974659927e+00 4.115593086786820676e-01
4.478106044756621884e+00 4.868439556653187950e-01
4.484395519538582953e+00 1.374113583719509535e+00
4.490684994320544909e+00 2.622877561907460131e-01
4.496974469102505978e+00 1.006341291232226709e-01
4.503263943884467935e+00 1.304621867220902898e+00
4.509553418666429891e+00 1.126193148972346902e+00
4.515842893448390960e+00 -3.042823084835380998e-01
4.522132368230352917e+00 1.384599730216029778e+00
4.528421843012313985e+00 4.280522481968331849e-01
4.534711317794275942e+00 -2.138095486244916410e-01
4.541000792576237011e+00 5.375055161709874074e-02
4.547290267358198967e+00 8.164890160670124075e-03
4.553579742140160036e+00 6.797555829323260745e-01
4.559869216922121993e+00 5.324332799391906512e-01
4.566158691704083061e+00 6.937009506131390779e-01
4.572448166486045018e+00 1.332900334903601269e+00
4.578737641268006087e+00 1.398300251903692448e+00
4.585027116049968043e+00 3.391138207295011364e-01
4.591316590831930000e+00 7.066640221754849627e-01
4.597606065613891069e+00 1.414362293400124759e+00
4.603895540395853025e+00 1.613016286637534602e+00
4.610185015177814094e+00 -1.087726596028402160e-01
4.616474489959776051e+00 7.382709909630852385e-02
4.622763964741737119e+00 9.844554140667181041e-01
4.629053439523699076e+00 1.626132658036946843e+00
4.635342914305660145e+00 1.017813194967497115e+00
4.641632389087622101e+00 1.233766359952784164e+00
4.647921863869583170e+00 1.399642515191694692e+00
4.654211338651545127e+00 1.281499680649702544e+00
4.660500813433506195e+00 -8.302450790006293824e-02
4.666790288215468152e+00 1.696840291674301282e+00
4.673079762997430109e+00 9.271306482758828738e-01
4.679369237779391177e+00 1.367917200961638713e+00
4.685658712561353134e+00 -2.032855235348127176e-01
4.691948187343314203e+00 -2.908640542746335211e-02
4.698237662125276159e+00 1.694425795107557642e+00
4.704527136907237228e+00 1.278966464691205340e+00
4.710816611689199185e+00 1.545251865801781976e+00
4.717106086471160253e+00 1.668775481146703488e+00
4.723395561253122210e+00 1.597964033303209908e+00
4.729685036035083279e+00 5.767444401513421859e-01
4.735974510817045235e+00 -2.463860503311029460e-01
4.742263985599006304e+00 -2.443721355617505808e-01
4.748553460380968261e+00 8.278498949372099514e-01
4.754842935162930218e+00 8.860690463308069642e-01
4.761132409944891286e+00 1.002687307729280164e+00
4.767421884726853243e+00 1.355914376126183374e+00
4.773711359508814311e+00 8.232374597808247429e-01
4.780000834290776268e+00 4.764003396277267655e-01
4.786290309072737337e+00 7.015870876646519427e-01
4.792579783854699293e+00 1.463461403746777689e+00
4.798869258636660362e+00 6.906396554626803574e-01
4.805158733418622319e+00 -2.183334878562485648e-01
4.811448208200583387e+00 9.360964755434557638e-01
4.817737682982545344e+00 4.869338535776829846e-01
4.824027157764506413e+00 1.245413413982234596e+00
4.830316632546468369e+00 1.329998448654797327e+00
4.836606107328430326e+00 1.119216336189970740e+00
4.842895582110391395e+00 3.119743051198083927e-01
4.849185056892353352e+00 1.381657280244673380e+00
4.855474531674314420e+00 5.814019749167090856e-01
4.861764006456276377e+00 -7.726964317992807141e-02
4.868053481238237445e+00 -3.188507130947269008e-01
4.874342956020199402e+00 9.489062020377251327e-01
4.880632430802160471e+00 -7.428562020325496507e-02
4.886921905584122428e+00 1.417847913527534587e+00
4.893211380366083496e+00 1.492324677540070033e+00
4.899500855148045453e+00 7.361218787070898939e-01
4.905790329930006521e+00 3.060359021074111618e-01
4.912079804711968478e+00 3.444830034730594903e-02
4.918369279493930435e+00 -4.704243474177203233e-01
4.924658754275891503e+00 9.192767759320963350e-01
4.930948229057853460e+00 4.354567443750445577e-01
4.937237703839814529e+00 5.028974710305627038e-01
4.943527178621776486e+00 6.404622365477883328e-01
4.949816653403737554e+00 7.654548685255000429e-01
4.956106128185699511e+00 6.498835770645206011e-02
4.962395602967660579e+00 9.674366679799417668e-01
4.968685077749622536e+00 -5.731910741268843035e-01
4.974974552531583605e+00 -3.967981387650714176e-01
4.981264027313545562e+00 -4.282630625743804043e-01
4.987553502095506630e+00 6.239324572861736362e-01
4.993842976877468587e+00 5.632123491469658294e-01
5.000132451659430544e+00 -2.040645673705321350e-02
5.006421926441391612e+00 3.208919984686342541e-01
5.012711401223353569e+00 3.070679416588972810e-02
5.019000876005314637e+00 -4.114667579563895394e-01
5.025290350787276594e+00 -7.314118883752480649e-01
5.031579825569237663e+00 -1.396777893487506361e-01
5.037869300351199620e+00 -1.054607540079286476e-01
5.044158775133160688e+00 -4.083686211910263486e-01
5.050448249915122645e+00 2.988637281741701734e-01
5.056737724697083713e+00 7.276168619581374619e-01
5.063027199479045670e+00 1.035983330390271018e-01
5.069316674261006739e+00 1.757337062499284563e-01
5.075606149042968696e+00 1.959518797589194783e-01
5.081895623824930652e+00 3.433099736562070792e-01
5.088185098606891721e+00 1.010385720665280207e+00
5.094474573388853678e+00 2.002848255144981104e-01
5.100764048170814746e+00 -4.536575210100841637e-01
5.107053522952776703e+00 1.927504296511273196e-02
5.113342997734737772e+00 -6.260864067352216455e-01
5.119632472516699728e+00 -7.033282958514210925e-01
5.125921947298660797e+00 7.708336189250067916e-01
5.132211422080622754e+00 -3.444229421339892738e-01
5.138500896862583822e+00 -5.929936858723725557e-01
5.144790371644545779e+00 -8.093837173924390838e-01
5.151079846426506847e+00 1.080589484786422361e+00
5.157369321208468804e+00 -7.543690997666274711e-02
5.163658795990430761e+00 4.494536761401077829e-01
5.169948270772391830e+00 -3.055569137267425406e-01
5.176237745554353786e+00 6.407416921615439742e-01
5.182527220336314855e+00 1.038449886853772597e+00
5.188816695118276812e+00 -4.126118188320778701e-01
5.195106169900237880e+00 -4.452171546965925097e-01
5.201395644682199837e+00 -2.244261583440805286e-01
5.207685119464160906e+00 2.516383358616206545e-01
5.213974594246122862e+00 7.206879164686323946e-01
5.220264069028083931e+00 -2.401348837333205921e-02
5.226553543810045888e+00 -5.674940147063034512e-01
5.232843018592006956e+00 -2.323641797630389139e-01
5.239132493373968913e+00 -3.596485739705794771e-01
5.245421968155930870e+00 -4.977276861678343600e-01
5.251711442937891938e+00 1.018067883567959520e+00
5.258000917719853895e+00 9.271082459875357173e-02
5.264290392501814964e+00 -5.350293804390342522e-01
5.270579867283776920e+00 -6.203629459930199985e-01
5.276869342065737989e+00 -4.931274040293425198e-01
5.283158816847699946e+00 5.368121675977973739e-01
5.289448291629661014e+00 -5.022247139066937649e-01
5.295737766411622971e+00 -1.218687555906727837e-02
5.302027241193584040e+00 9.293732824252888269e-01
5.308316715975545996e+00 -3.652173419288425871e-01
5.314606190757507953e+00 7.890347200667371386e-01
5.320895665539469022e+00 1.345980551944097492e+00
5.327185140321430978e+00 2.085214647408883959e-01
5.333474615103392047e+00 -2.362913091001921928e-01
5.339764089885354004e+00 3.260365815303843395e-01
5.346053564667315072e+00 8.240612229230266372e-01
5.352343039449277029e+00 -1.715437855307510584e-01
5.358632514231238098e+00 -2.603301733833840448e-02
5.364921989013200054e+00 8.632968460510015429e-01
5.371211463795161123e+00 2.821448734437632666e-01
5.377500938577123080e+00 2.457178207300828587e-01
5.383790413359084148e+00 1.267178131545617870e+00
5.390079888141046105e+00 1.052198614948136601e+00
5.396369362923008062e+00 1.377281683933949452e+00
5.402658837704969130e+00 1.689553022866727039e+00
5.408948312486931087e+00 4.329041227173933137e-01
5.415237787268892156e+00 3.009562506091370548e-01
5.421527262050854112e+00 1.847649601705242395e+00
5.427816736832815181e+00 9.866799991008352588e-01
5.434106211614777138e+00 8.633738059346721672e-01
5.440395686396738206e+00 3.197652592801092930e-01
5.446685161178700163e+00 1.512608708067657348e+00
5.452974635960661232e+00 4.815356326460900060e-01
5.459264110742623188e+00 7.200818881993854559e-01
5.465553585524584257e+00 1.859689412287010235e+00
5.471843060306546214e+00 9.667863821366631250e-01
5.478132535088508170e+00 1.823692024054870187e+00
5.484422009870469239e+00 7.793255788325768041e-01
5.490711484652431196e+00 1.261149787543557554e+00
5.497000959434392264e+00 1.781416340001706677e+00
5.503290434216354221e+00 1.770021324120554684e+00
5.509579908998315290e+00 5.277797522578221434e-01
5.515869383780277246e+00 4.096933816619122704e-01
5.522158858562238315e+00 2.235431198606687708e+00
5.528448333344200272e+00 1.624659762784224304e+00
5.534737808126161340e+00 2.063883525133981323e+00
5.541027282908123297e+00 2.364531695218842877e+00
5.547316757690084366e+00 1.083994639545537542e+00
5.553606232472046322e+00 1.840639838058040212e+00
5.559895707254008279e+00 2.145996364934488199e+00
5.566185182035969348e+00 2.003926126456684997e+00
5.572474656817931304e+00 1.879972184902902743e+00
5.578764131599892373e+00 1.931736308252404610e+00
5.585053606381854330e+00 2.447062955221369407e+00
5.591343081163815398e+00 1.631013877668817447e+00
5.597632555945777355e+00 1.892304601473800307e+00
5.603922030727738424e+00 1.988926708479654026e+00
5.610211505509700380e+00 7.335347536410421476e-01
5.616500980291661449e+00 2.139419386861094452e+00
5.622790455073623406e+00 2.334746905200797862e+00
5.629079929855584474e+00 1.894291776768333158e+00
5.635369404637546431e+00 8.527623254177250089e-01
5.641658879419508388e+00 2.117503679384362680e+00
5.647948354201469456e+00 1.826824524997140653e+00
5.654237828983431413e+00 1.958251058744639117e+00
5.660527303765392482e+00 1.504356882806929807e+00
5.666816778547354438e+00 1.715145094389669334e+00
5.673106253329315507e+00 2.160085712408493119e+00
5.679395728111277464e+00 1.719420851157433594e+00
5.685685202893238532e+00 9.975783687192212312e-01
5.691974677675200489e+00 9.347928240372626041e-01
5.698264152457161558e+00 1.975430525583484531e+00
5.704553627239123514e+00 7.802380337601952931e-01
5.710843102021084583e+00 1.378713445777195012e+00
5.717132576803046540e+00 7.415606175830512514e-01
5.723422051585008496e+00 2.484117091425497303e+00
5.729711526366969565e+00 2.383063813907750905e+00
5.736001001148931522e+00 1.385560195156624541e+00
5.742290475930892590e+00 1.218442422700930505e+00
5.748579950712854547e+00 1.731594439127672969e+00
5.754869425494815616e+00 9.397555419243113217e-01
5.761158900276777572e+00 8.309183685694533361e-01
5.767448375058738641e+00 1.002306717236954192e+00
5.773737849840700598e+00 6.597435985496001853e-01
5.780027324622661666e+00 1.096905770063353325e+00
5.786316799404623623e+00 1.340397876876438854e+00
5.792606274186584692e+00 1.295138695953645724e+00
5.798895748968546648e+00 1.806270359615735011e+00
5.805185223750508605e+00 2.148911816390238982e+00
5.811474698532469674e+00 5.106216498135973669e-01
5.817764173314431631e+00 5.757557414633025505e-01
5.824053648096392699e+00 1.591728053101236773e+00
5.830343122878354656e+00 8.142660776923857924e-01
5.836632597660315724e+00 1.464082624235264252e+00
5.842922072442277681e+00 9.363398559177424918e-01
5.849211547224238750e+00 1.756558484144469912e+00
5.855501022006200706e+00 6.389720768682658480e-01
5.861790496788161775e+00 3.817380550320310650e-01
5.868079971570123732e+00 2.030046147055045491e+00
5.874369446352084800e+00 2.877338280718853003e-01
5.880658921134046757e+00 1.751811985860280307e+00
5.886948395916008714e+00 2.631189609044257138e-01
5.893237870697969782e+00 7.433558942867264374e-01
5.899527345479931739e+00 1.224868081417005428e+00
5.905816820261892808e+00 2.456842810879728556e-01
5.912106295043854765e+00 9.406215371776074363e-01
5.918395769825815833e+00 1.398561790994481635e+00
5.924685244607777790e+00 1.114910753194831461e+00
5.930974719389738858e+00 1.558780289038348976e-01
5.937264194171700815e+00 6.570848103581740096e-01
5.943553668953661884e+00 -2.014952598039497778e-01
5.949843143735623840e+00 1.150224102614335608e+00
5.956132618517584909e+00 9.504245875611938565e-01
5.962422093299546866e+00 5.709485312872493168e-01
5.968711568081508823e+00 9.297714536442351907e-01
5.975001042863469891e+00 -1.429353558218600106e-01
5.981290517645431848e+00 1.309877581601557539e+00
5.987579992427392916e+00 -4.002288810843839251e-01
5.993869467209354873e+00 -1.477504917353400504e-01
6.000158941991315942e+00 5.218701711182076597e-01
6.006448416773277899e+00 -5.656649008844651938e-01
6.012737891555238967e+00 4.424761489167352568e-01
6.019027366337200924e+00 -1.825684269221028444e-01
6.025316841119161992e+00 1.166600689093233445e-01
6.031606315901123949e+00 -7.705723087214508826e-01
6.037895790683085906e+00 -9.393684244616895551e-01
6.044185265465046974e+00 4.061930279234857721e-01
6.050474740247008931e+00 -5.158393620001073820e-01
6.056764215028970000e+00 -6.284648017019802690e-01
6.063053689810931957e+00 -3.948721426850039240e-01
6.069343164592893025e+00 -4.862471664163514617e-01
6.075632639374854982e+00 -6.493748639813976542e-01
6.081922114156816050e+00 -1.123579980987558402e+00
6.088211588938778007e+00 -1.412144085982944830e-01
6.094501063720739076e+00 -3.682590751161050058e-01
6.100790538502701033e+00 3.477315055078877837e-01
6.107080013284662101e+00 -5.338127830234564719e-01
6.113369488066624058e+00 -8.516037766873780779e-01
6.119658962848586015e+00 -1.206208438689506446e+00
6.125948437630547083e+00 -4.882472985780350605e-01
6.132237912412509040e+00 -1.288643063957119361e+00
6.138527387194470109e+00 -4.113855074419163760e-01
6.144816861976432065e+00 -1.358871897029214626e-01
6.151106336758393134e+00 -1.674239031266677724e-01
6.157395811540355091e+00 -8.690797006983406181e-01
6.163685286322316159e+00 -6.502158664887103257e-02
6.169974761104278116e+00 2.029936723252734332e-02
6.176264235886239184e+00 -1.087002441295744859e+00
6.182553710668201141e+00 -1.922744017294788055e+00
6.188843185450162210e+00 -1.169095489656001519e+00
6.195132660232124167e+00 -1.607762328483691938e+00
6.201422135014086123e+00 -5.573982091181104437e-01
6.207711609796047192e+00 -1.800196582950238433e+00
6.214001084578009149e+00 -5.741164417405981713e-01
6.220290559359970217e+00 -1.789173429041208685e+00
6.226580034141932174e+00 -2.099285264562388065e+00
6.232869508923893243e+00 -3.282577417030625444e-01
6.239158983705855199e+00 -1.725783625735035409e+00
6.245448458487816268e+00 -5.436540310004311927e-01
6.251737933269778225e+00 -1.689222560922033489e+00
6.258027408051739293e+00 -1.900982271733154150e+00
6.264316882833701250e+00 -2.086014504563749483e+00
6.270606357615662318e+00 -2.092803669459224469e+00
6.276895832397624275e+00 -8.747168689860236324e-01
6.283185307179586232e+00 -1.459621652761089461e+00
