0.000000000000000000e+00 1.388377553015203159e+00
6.289474781961547356e-03 1.063188145090287473e-01
1.257894956392309471e-02 4.685952867887566153e-01
1.886842434588464207e-02 2.025152663158110711e-01
2.515789912784618942e-02 -1.493527064622569012e-01
3.144737390980773678e-02 1.374103506316139423e-01
3.773684869176928414e-02 1.311087075932515056e+00
4.402632347373083149e-02 1.487475039506857666e+00
5.031579825569237885e-02 -3.626617186138052507e-01
5.660527303765392620e-02 7.905058052280143910e-01
6.289474781961547356e-02 6.754434614450968155e-01
6.918422260157702786e-02 1.346923900636238569e+00
7.547369738353856827e-02 8.892841435246130466e-01
8.176317216550010869e-02 -1.523353234766212094e-01
8.805264694746166299e-02 9.360336174498622430e-01
9.434212172942321728e-02 1.187529701781709912e+00
1.006315965113847577e-01 1.574154394642752308e+00
1.069210712933462981e-01 4.520665942539773274e-01
1.132105460753078524e-01 1.177965389796168161e+00
1.195000208572694067e-01 7.242304705530216991e-02
1.257894956392309471e-01 -2.649178458490111798e-01
1.320789704211924875e-01 1.583907793011498200e+00
1.383684452031540557e-01 1.620430277789218776e+00
1.446579199851155961e-01 1.165837968557580817e+00
1.509473947670771365e-01 5.050154468311912614e-02
1.572368695490386770e-01 1.165599458104159769e+00
1.635263443310002174e-01 9.851952871580528237e-01
1.698158191129617856e-01 7.292417499152193949e-01
1.761052938949233260e-01 3.715780277060796166e-01
1.823947686768848664e-01 9.366796068178886436e-01
1.886842434588464346e-01 1.110090776605067386e+00
1.949737182408079750e-01 1.568865900332243601e+00
2.012631930227695154e-01 3.602884490700189457e-01
2.075526678047310558e-01 3.444670858336673636e-02
2.138421425866925962e-01 1.084345810889131734e+00
2.201316173686541644e-01 1.295342741950555876e+00
2.264210921506157048e-01 7.849549780938412935e-01
2.327105669325772452e-01 -1.243568790517410871e-01
2.390000417145388134e-01 1.024880677670638507e+00
2.452895164965003538e-01 1.185549034565565263e+00
2.515789912784618942e-01 9.638152728838627059e-01
2.578684660604234624e-01 1.133410316630278913e+00
2.641579408423849751e-01 2.617761835199493570e-01
2.704474156243465433e-01 1.457664970447571262e+00
2.767368904063081114e-01 3.351416774236388174e-01
2.830263651882696241e-01 2.020059021545118627e-01
2.893158399702311923e-01 3.357892994227609784e-01
2.956053147521927049e-01 5.378966262260128639e-01
3.018947895341542731e-01 1.128459745836979167e+00
3.081842643161158413e-01 1.383094067384997183e+00
3.144737390980773539e-01 6.460553537945834535e-01
3.207632138800389221e-01 4.468508839015375989e-01
3.270526886620004348e-01 1.337580786028698343e+00
3.333421634439620029e-01 3.881342464051565910e-01
3.396316382259235711e-01 -2.774880513213342503e-01
3.459211130078850838e-01 9.945712337813397141e-01
3.522105877898466519e-01 3.356642589639513563e-01
3.585000625718082201e-01 5.388795638356583817e-01
3.647895373537697328e-01 -2.180033610235612151e-01
3.710790121357313009e-01 5.583940905041926417e-01
3.773684869176928691e-01 2.963528831462685087e-01
3.836579616996543818e-01 -4.087968543683625500e-01
3.899474364816159500e-01 4.113815386452006617e-01
3.962369112635774626e-01 -6.190578862644247060e-01
4.025263860455390308e-01 4.302365099170083473e-01
4.088158608275005990e-01 -1.818494526368715780e-01
4.151053356094621116e-01 5.147727321700481529e-01
4.213948103914236798e-01 9.105823263847208082e-01
4.276842851733851925e-01 1.111397694368002620e-01
4.339737599553467606e-01 -2.229827276100693201e-01
4.402632347373083288e-01 1.040477635899565101e+00
4.465527095192698415e-01 2.979879975859420771e-01
4.528421843012314096e-01 4.535218045571274281e-01
4.591316590831929778e-01 1.076404940125759380e+00
4.654211338651544905e-01 -7.592192409229283623e-01
4.717106086471160586e-01 6.746683637411653445e-01
4.780000834290776268e-01 -4.822545726716194192e-01
4.842895582110391395e-01 1.006434278648403735e-01
4.905790329930007077e-01 -5.996640004100821653e-01
4.968685077749622203e-01 6.240290932007555025e-01
5.031579825569237885e-01 5.442124488997426290e-01
5.094474573388853011e-01 6.279129529843514579e-01
5.157369321208469248e-01 -4.928298843820533293e-02
5.220264069028084375e-01 -6.357372974122181830e-01
5.283158816847699502e-01 8.927185305162346207e-01
5.346053564667315738e-01 5.863291910429602183e-01
5.408948312486930865e-01 -3.256952562342967372e-01
5.471843060306545992e-01 -9.697892237241261260e-01
5.534737808126162228e-01 -1.039982871721278901e+00
5.597632555945777355e-01 -3.866908441081393644e-01
5.660527303765392482e-01 -2.189955680280442074e-01
5.723422051585007608e-01 -2.511899791784515390e-01
5.786316799404623845e-01 -1.006084545154451115e+00
5.849211547224238972e-01 6.444572285805154621e-01
5.912106295043854098e-01 4.588001803860488614e-01
5.975001042863470335e-01 5.136345483492845698e-01
6.037895790683085462e-01 3.166037560015921848e-02
6.100790538502700588e-01 6.899446208024502258e-01
6.163685286322316825e-01 -1.059296573328881497e+00
6.226580034141931952e-01 -1.026176089471082964e+00
6.289474781961547079e-01 -7.781878765998424541e-01
6.352369529781163315e-01 5.598266328388885604e-01
6.415264277600778442e-01 4.934242903908390154e-01
6.478159025420393569e-01 2.090600936182449576e-01
6.541053773240008695e-01 -6.711719412591665712e-01
6.603948521059624932e-01 -7.501488769461772677e-01
6.666843268879240059e-01 -1.225543564633524429e+00
6.729738016698855185e-01 3.249615047407028445e-01
6.792632764518471422e-01 6.756177065745183619e-02
6.855527512338086549e-01 3.539174464701289047e-02
6.918422260157701675e-01 -1.202744658874179029e+00
6.981317007977317912e-01 -1.246515411236608362e+00
7.044211755796933039e-01 -4.754168708120891651e-01
7.107106503616548165e-01 -1.148487881601846228e+00
7.170001251436164402e-01 2.417328148440291979e-01
7.232895999255779529e-01 -9.368455694964399338e-01
7.295790747075394655e-01 -1.418924093037623457e-01
7.358685494895010892e-01 6.741700734146860441e-02
7.421580242714626019e-01 3.133536402218226602e-01
7.484474990534241146e-01 -1.007692105456222675e+00
7.547369738353857382e-01 -3.131402764943100880e-01
7.610264486173472509e-01 -9.152721639593215386e-01
7.673159233993087636e-01 -2.764790610010205985e-01
7.736053981812702762e-01 4.848978471525415834e-01
7.798948729632318999e-01 4.080910226990699385e-01
7.861843477451934126e-01 5.666521268401403244e-01
7.924738225271549252e-01 -4.489535524774432851e-01
7.987632973091165489e-01 4.686475597582102637e-01
8.050527720910780616e-01 -9.415180899311552665e-01
8.113422468730395742e-01 3.505121335612251254e-01
8.176317216550011979e-01 -6.752350959798425478e-01
8.239211964369627106e-01 6.151872339516581967e-01
8.302106712189242232e-01 -3.107874964012435903e-01
8.365001460008858469e-01 2.230432391950953885e-01
8.427896207828473596e-01 -8.448403003673544687e-01
8.490790955648088723e-01 -3.492854545253796239e-01
8.553685703467703849e-01 -2.367629825187933523e-01
8.616580451287320086e-01 1.002256116539381736e-01
8.679475199106935213e-01 -4.780374430062190871e-01
8.742369946926550339e-01 2.344670554214052238e-01
8.805264694746166576e-01 1.723383937569584745e-01
8.868159442565781703e-01 1.139027539227793762e+00
8.931054190385396829e-01 2.733429864375656049e-01
8.993948938205013066e-01 7.856491032605742442e-01
9.056843686024628193e-01 -6.273591567789460477e-02
9.119738433844243319e-01 -4.092200584702616606e-01
9.182633181663859556e-01 1.278186029388934442e+00
9.245527929483474683e-01 9.403891819857810308e-01
9.308422677303089809e-01 6.949913277743650086e-01
9.371317425122706046e-01 1.429207622512280951e+00
9.434212172942321173e-01 -3.186430955471908355e-02
9.497106920761936300e-01 -3.335611069950591978e-01
9.560001668581552536e-01 8.957714850515128280e-01
9.622896416401167663e-01 2.259867677294737920e-01
9.685791164220782790e-01 1.614902715839970471e+00
9.748685912040397916e-01 6.046511667277035817e-01
9.811580659860014153e-01 5.973851037365565109e-01
9.874475407679629280e-01 9.255613013228893848e-01
9.937370155499244406e-01 8.015718120015966619e-01
1.000026490331886064e+00 7.801804737228925646e-01
1.006315965113847577e+00 1.369467479087111306e+00
1.012605439895809090e+00 6.373523963851817076e-01
1.018894914677770602e+00 7.191286591130656713e-01
1.025184389459732115e+00 8.670172662347515047e-01
1.031473864241693850e+00 8.802862151284536196e-01
1.037763339023655362e+00 2.025623960323945205e+00
1.044052813805616875e+00 6.040773566101922398e-01
1.050342288587578388e+00 1.152367884897375072e+00
1.056631763369539900e+00 4.475852216622430157e-01
1.062921238151501413e+00 2.120338080763074728e+00
1.069210712933463148e+00 1.935495743784166445e+00
1.075500187715424660e+00 2.215695712597984368e+00
1.081789662497386173e+00 1.789739411823948911e+00
1.088079137279347686e+00 1.677754586833858808e+00
1.094368612061309198e+00 9.126733695616555675e-01
1.100658086843270711e+00 2.353590157023555118e+00
1.106947561625232446e+00 2.572894320262292478e+00
1.113237036407193958e+00 9.430710908862738329e-01
1.119526511189155471e+00 2.502737490139990584e+00
1.125815985971116984e+00 2.698475796566569773e+00
1.132105460753078496e+00 2.311746684743406721e+00
1.138394935535040009e+00 2.141314254358595015e+00
1.144684410317001522e+00 2.352158491603846713e+00
1.150973885098963256e+00 1.432682558080172308e+00
1.157263359880924769e+00 9.837333884899266412e-01
1.163552834662886282e+00 1.902691851497186448e+00
1.169842309444847794e+00 1.436336142490670653e+00
1.176131784226809307e+00 1.101131929137535437e+00
1.182421259008770820e+00 2.744710104475478030e+00
1.188710733790732554e+00 1.073552977837874067e+00
1.195000208572694067e+00 1.790862909692980232e+00
1.201289683354655580e+00 2.764620459281585063e+00
1.207579158136617092e+00 1.995416223162964853e+00
1.213868632918578605e+00 2.071432295409000979e+00
1.220158107700540118e+00 2.062393852876932776e+00
1.226447582482501630e+00 1.529483613805280751e+00
1.232737057264463365e+00 2.126591288671206392e+00
1.239026532046424878e+00 2.002539819633734730e+00
1.245316006828386390e+00 2.591589308466676123e+00
1.251605481610347903e+00 1.667784749662340360e+00
1.257894956392309416e+00 2.359672859312405890e+00
1.264184431174270928e+00 1.531906115957331282e+00
1.270473905956232663e+00 1.411430474016383885e+00
1.276763380738194176e+00 1.497044967145364280e+00
1.283052855520155688e+00 2.891263566846675737e+00
1.289342330302117201e+00 1.295904973435768825e+00
1.295631805084078714e+00 1.482191677222441939e+00
1.301921279866040226e+00 1.955297209805196834e+00
1.308210754648001739e+00 1.220520746894474318e+00
1.314500229429963474e+00 3.115395855493579891e+00
1.320789704211924986e+00 1.241897242997262119e+00
1.327079178993886499e+00 2.833584309853991456e+00
1.333368653775848012e+00 1.691394457268811324e+00
1.339658128557809524e+00 2.589649547637060678e+00
1.345947603339771037e+00 1.773460675365849726e+00
1.352237078121732772e+00 2.845257398981357877e+00
1.358526552903694284e+00 2.027947502702835969e+00
1.364816027685655797e+00 1.748742426114691106e+00
1.371105502467617310e+00 1.907492979272739753e+00
1.377394977249578822e+00 2.618612777477757447e+00
1.383684452031540335e+00 2.519310940463969750e+00
1.389973926813502070e+00 1.647257795449186268e+00
1.396263401595463582e+00 9.476081743971920268e-01
1.402552876377425095e+00 2.056637276592495844e+00
1.408842351159386608e+00 2.401079745787562558e+00
1.415131825941348120e+00 2.285851028212457337e+00
1.421421300723309633e+00 2.754709924196751203e+00
1.427710775505271146e+00 1.353553114781102185e+00
1.434000250287232880e+00 1.552925601365688912e+00
1.440289725069194393e+00 8.802037013124750509e-01
1.446579199851155906e+00 2.519972775992489922e+00
1.452868674633117418e+00 2.115262650253677990e+00
1.459158149415078931e+00 2.479672582943682979e+00
1.465447624197040444e+00 6.182734024636401537e-01
1.471737098979002178e+00 9.854054684674566911e-01
1.478026573760963691e+00 1.444149643858539722e+00
1.484316048542925204e+00 2.218682060661504529e+00
1.490605523324886716e+00 1.899307269429228118e+00
1.496894998106848229e+00 7.979806434542444649e-01
1.503184472888809742e+00 1.934793464719412937e+00
1.509473947670771476e+00 1.058509361039466912e+00
1.515763422452732989e+00 9.759303797491835075e-01
1.522052897234694502e+00 9.813388153716471329e-01
1.528342372016656014e+00 7.619374141952337531e-01
1.534631846798617527e+00 4.265962665759096550e-01
1.540921321580579040e+00 9.257789849056985432e-01
1.547210796362540552e+00 1.925090039215642701e+00
1.553500271144502287e+00 1.176035066437849386e+00
1.559789745926463800e+00 1.282955165898613137e+00
1.566079220708425312e+00 3.050640402197724033e-01
1.572368695490386825e+00 8.056967636827843116e-01
1.578658170272348338e+00 3.756588005399087438e-01
1.584947645054309850e+00 -1.214323249737170318e-02
1.591237119836271585e+00 1.438104914421017622e+00
1.597526594618233098e+00 1.429015909849968180e+00
1.603816069400194610e+00 3.601739554282432643e-01
1.610105544182156123e+00 -2.880409049315282299e-01
1.616395018964117636e+00 4.068485437113851244e-01
1.622684493746079148e+00 1.214605369129738266e+00
1.628973968528040661e+00 3.863612509119399574e-01
1.635263443310002396e+00 -2.212112579062390783e-01
1.641552918091963909e+00 -2.099294965965209370e-01
1.647842392873925421e+00 -2.135939889339422137e-02
1.654131867655886934e+00 -8.799384535334153767e-02
1.660421342437848446e+00 -4.478837626382470294e-01
1.666710817219809959e+00 7.588248630255947091e-01
1.673000292001771694e+00 -5.450660466844357011e-01
1.679289766783733207e+00 5.176015543613510239e-01
1.685579241565694719e+00 -2.331239358659524807e-01
1.691868716347656232e+00 -7.258592718347049999e-01
1.698158191129617745e+00 -2.186095780378096709e-01
1.704447665911579257e+00 -3.019667307031594916e-01
1.710737140693540770e+00 -5.703211016722962157e-01
1.717026615475502505e+00 -1.328153655367777963e+00
1.723316090257464017e+00 -1.202341506936659865e+00
1.729605565039425530e+00 -7.447778491269596568e-01
1.735895039821387043e+00 -1.023411158378598529e+00
1.742184514603348555e+00 2.366065106704400289e-01
1.748473989385310068e+00 3.399535431915936545e-01
1.754763464167271803e+00 -2.841497650345701231e-01
1.761052938949233315e+00 1.698700756516928756e-01
1.767342413731194828e+00 -1.226052054984269502e+00
1.773631888513156341e+00 2.005696988729299690e-02
1.779921363295117853e+00 -1.305759072308719793e+00
1.786210838077079366e+00 -1.830836672087127415e+00
1.792500312859041101e+00 -1.243994823684535289e+00
1.798789787641002613e+00 -8.945781370197214422e-01
1.805079262422964126e+00 -7.473225195405057697e-01
1.811368737204925639e+00 -1.430325403231497816e+00
1.817658211986887151e+00 -1.647788791145543774e+00
1.823947686768848664e+00 -1.687120555201753858e+00
1.830237161550810177e+00 -1.786368312636750222e+00
1.836526636332771911e+00 -1.386875698784758582e+00
1.842816111114733424e+00 -5.787747063567962869e-01
1.849105585896694937e+00 -5.610857867661049880e-01
1.855395060678656449e+00 -1.048255323484164059e-01
1.861684535460617962e+00 -4.518612315740944130e-01
1.867974010242579475e+00 -1.780294753737818203e+00
1.874263485024541209e+00 -1.806392240946248506e+00
1.880552959806502722e+00 -1.022843078255208038e+00
1.886842434588464235e+00 -1.722126661550259286e+00
1.893131909370425747e+00 -7.445850880723499099e-01
1.899421384152387260e+00 -1.944763025940351664e+00
1.905710858934348773e+00 -1.721698051963658216e+00
1.912000333716310507e+00 -2.041070109792751719e+00
1.918289808498272020e+00 -7.174691400511965522e-01
1.924579283280233533e+00 -1.004962510574265888e+00
1.930868758062195045e+00 -5.655498361654041073e-01
1.937158232844156558e+00 -1.538451984183927701e+00
1.943447707626118071e+00 -5.686961171727398234e-01
1.949737182408079583e+00 -1.647720277292368696e+00
1.956026657190041318e+00 -1.383833376053412723e+00
1.962316131972002831e+00 -9.413191240332068332e-01
1.968605606753964343e+00 -1.113829817409796474e+00
1.974895081535925856e+00 -1.636010249213437628e+00
1.981184556317887369e+00 -4.018951577328564451e-01
1.987474031099848881e+00 -4.879965762911993021e-01
1.993763505881810616e+00 -4.900524970752346832e-01
2.000052980663772129e+00 -7.708482626769161961e-01
2.006342455445733641e+00 -4.639251738745537867e-01
2.012631930227695154e+00 -6.455050981079939465e-01
2.018921405009656667e+00 -1.113495682784788610e+00
2.025210879791618179e+00 -1.503792207585918694e+00
2.031500354573579692e+00 -6.073014481398468778e-01
2.037789829355541205e+00 2.124289996061303754e-01
2.044079304137502717e+00 -1.163153293244377329e+00
2.050368778919464230e+00 -3.010465110986537685e-01
2.056658253701426187e+00 -9.898423984541344645e-01
2.062947728483387699e+00 4.272626845678524354e-01
2.069237203265349212e+00 2.539634446573715287e-01
2.075526678047310725e+00 -6.090439572827217596e-01
2.081816152829272237e+00 -5.768908736199482856e-01
2.088105627611233750e+00 1.129566743042544896e-01
2.094395102393195263e+00 -9.239682288673245480e-01
2.100684577175156775e+00 -7.716554743472849864e-01
2.106974051957118288e+00 5.043676866148516513e-02
2.113263526739079801e+00 4.220427231023712311e-01
2.119553001521041313e+00 1.073048021590468082e-01
2.125842476303002826e+00 1.113212706811516295e+00
2.132131951084964339e+00 3.475257687937207685e-01
2.138421425866926295e+00 2.183133587641370443e-01
2.144710900648887808e+00 -1.568367422086112128e-01
2.151000375430849321e+00 7.488546540550797825e-01
2.157289850212810833e+00 -2.624937465811187920e-01
2.163579324994772346e+00 1.146380193493563571e+00
2.169868799776733859e+00 7.288096808859878539e-01
2.176158274558695371e+00 -1.187231640847399294e-01
2.182447749340656884e+00 1.624739569011822038e+00
2.188737224122618397e+00 1.040089621710936774e+00
2.195026698904579909e+00 7.119120864806103288e-01
2.201316173686541422e+00 1.464039915427421068e+00
2.207605648468502935e+00 1.056132166097063507e+00
2.213895123250464891e+00 1.900893890360374483e+00
2.220184598032426404e+00 1.864996008289854679e+00
2.226474072814387917e+00 1.228307177662795402e+00
2.232763547596349429e+00 2.111287097323847117e+00
2.239053022378310942e+00 2.151627590985766947e+00
2.245342497160272455e+00 1.352003602019669293e+00
2.251631971942233967e+00 1.442955595531804081e+00
2.257921446724195480e+00 7.333045288226909264e-01
2.264210921506156993e+00 1.799460757078997108e+00
2.270500396288118505e+00 1.256755077855833402e+00
2.276789871070080018e+00 1.595556740773584892e+00
2.283079345852041531e+00 1.073471089968708325e+00
2.289368820634003043e+00 1.914718779950334682e+00
2.295658295415965000e+00 1.419470069652638777e+00
2.301947770197926513e+00 1.876214769700931484e+00
2.308237244979888025e+00 1.496356947074366506e+00
2.314526719761849538e+00 1.875590550442343352e+00
2.320816194543811051e+00 2.319720798574706144e+00
2.327105669325772563e+00 2.287415104143898148e+00
2.333395144107734076e+00 1.521932157473183667e+00
2.339684618889695589e+00 2.712515612808747534e+00
2.345974093671657101e+00 2.696771696168387855e+00
2.352263568453618614e+00 3.061488692596085137e+00
2.358553043235580127e+00 3.229571650354870815e+00
2.364842518017541639e+00 1.792457111295238770e+00
2.371131992799503152e+00 1.593403950945449177e+00
2.377421467581465109e+00 2.288725053620352945e+00
2.383710942363426621e+00 3.017646044738489408e+00
2.390000417145388134e+00 1.937072142594220114e+00
2.396289891927349647e+00 2.238098545379471283e+00
2.402579366709311159e+00 2.588145224366678043e+00
2.408868841491272672e+00 2.448093713040475627e+00
2.415158316273234185e+00 2.675448968261060045e+00
2.421447791055195697e+00 3.187628944648151830e+00
2.427737265837157210e+00 2.681898581966209782e+00
2.434026740619118723e+00 2.503958562767494733e+00
2.440316215401080235e+00 1.837876578879715339e+00
2.446605690183041748e+00 2.757121150881488347e+00
2.452895164965003261e+00 2.966546883110372068e+00
2.459184639746965217e+00 3.136901167793752165e+00
2.465474114528926730e+00 1.983892641877287089e+00
2.471763589310888243e+00 3.011558600843232458e+00
2.478053064092849755e+00 3.476895800109696566e+00
2.484342538874811268e+00 3.058978043154689352e+00
2.490632013656772781e+00 3.088854460102833155e+00
2.496921488438734293e+00 3.452433116488153875e+00
2.503210963220695806e+00 2.150702077457573580e+00
2.509500438002657319e+00 2.879602307140054940e+00
2.515789912784618831e+00 3.769537428762058440e+00
2.522079387566580344e+00 3.129268422272460715e+00
2.528368862348541857e+00 3.118929323920481167e+00
2.534658337130503369e+00 3.757733960749026991e+00
2.540947811912465326e+00 3.361987301067029144e+00
2.547237286694426839e+00 3.249088039299909969e+00
2.553526761476388351e+00 2.460569015359839184e+00
2.559816236258349864e+00 2.073525656245402971e+00
2.566105711040311377e+00 2.078681478665813209e+00
2.572395185822272889e+00 3.241834883887316998e+00
2.578684660604234402e+00 2.671119556165488795e+00
2.584974135386195915e+00 2.316941068230043754e+00
2.591263610168157427e+00 2.660455203908219879e+00
2.597553084950118940e+00 2.091725171747164325e+00
2.603842559732080453e+00 1.854114178329051343e+00
2.610132034514041965e+00 3.470382858703976225e+00
2.616421509296003478e+00 2.910230507393647414e+00
2.622710984077965435e+00 3.116134038992713684e+00
2.629000458859926947e+00 3.402133968526787733e+00
2.635289933641888460e+00 2.843590881737480203e+00
2.641579408423849973e+00 2.225606122728459368e+00
2.647868883205811485e+00 2.229498209374927598e+00
2.654158357987772998e+00 2.539689641705186851e+00
2.660447832769734511e+00 3.291947297670847483e+00
2.666737307551696023e+00 1.668394424959976474e+00
2.673026782333657536e+00 2.709940139538551396e+00
2.679316257115619049e+00 1.961143337397745601e+00
2.685605731897580561e+00 2.257769851033979869e+00
2.691895206679542074e+00 2.738532775939465758e+00
2.698184681461504031e+00 1.632596003425178521e+00
2.704474156243465544e+00 1.206820292626424873e+00
2.710763631025427056e+00 2.324816259665330342e+00
2.717053105807388569e+00 1.027853153718411017e+00
2.723342580589350082e+00 1.525884110979139674e+00
2.729632055371311594e+00 1.047717505265861160e+00
2.735921530153273107e+00 2.823485944369710232e+00
2.742211004935234619e+00 2.423601589538384449e+00
2.748500479717196132e+00 2.446654291436482609e+00
2.754789954499157645e+00 1.891248684452450313e+00
2.761079429281119157e+00 2.426090439410687249e+00
2.767368904063080670e+00 1.076140676434478527e+00
2.773658378845042183e+00 2.223526462201882659e+00
2.779947853627004140e+00 6.096898516640406607e-01
2.786237328408965652e+00 2.250789606686492306e+00
2.792526803190927165e+00 2.165716139288152320e+00
2.798816277972888678e+00 1.719968257119762978e+00
2.805105752754850190e+00 1.243683712192559021e+00
2.811395227536811703e+00 1.325758589533373000e+00
2.817684702318773216e+00 1.762987652413802619e+00
2.823974177100734728e+00 1.305065993454726236e-01
2.830263651882696241e+00 1.644293503348211338e+00
2.836553126664657754e+00 1.519684622471606517e+00
2.842842601446619266e+00 1.571053490713841150e+00
2.849132076228580779e+00 8.764098085391132109e-01
2.855421551010542291e+00 8.686842234020135667e-01
2.861711025792504248e+00 9.210494233711702394e-01
2.868000500574465761e+00 -3.463634413104650922e-01
2.874289975356427274e+00 5.185500499768802563e-02
2.880579450138388786e+00 2.896392445431407170e-01
2.886868924920350299e+00 -3.201525827538901359e-01
2.893158399702311812e+00 -4.561308329429233366e-01
2.899447874484273324e+00 -4.678845057533234097e-01
2.905737349266234837e+00 7.732678049889568639e-01
2.912026824048196350e+00 -9.048380111582754459e-02
2.918316298830157862e+00 -2.702523175941091704e-01
2.924605773612119375e+00 7.042075842600151736e-01
2.930895248394080888e+00 3.555774195499192825e-01
2.937184723176042400e+00 4.128186006638652206e-01
2.943474197958004357e+00 1.852846964221781523e-01
2.949763672739965870e+00 -8.945330969502849339e-01
2.956053147521927382e+00 -6.570975521441857481e-01
2.962342622303888895e+00 -4.721242895204116330e-01
2.968632097085850408e+00 -1.064720873098425891e+00
2.974921571867811920e+00 2.037360725216548207e-01
2.981211046649773433e+00 -1.721360007808625525e-02
2.987500521431734946e+00 -1.667761597662709150e-01
2.993789996213696458e+00 -5.997249172252088201e-01
3.000079470995657971e+00 4.592330233939088124e-01
3.006368945777619484e+00 -1.212616462624435787e+00
3.012658420559580996e+00 1.861794551573718870e-01
3.018947895341542953e+00 3.580699959231690155e-01
3.025237370123504466e+00 3.021519231510916281e-01
3.031526844905465978e+00 -9.294445294680708791e-02
3.037816319687427491e+00 -1.399434189584637833e+00
3.044105794469389004e+00 -1.486076763542508727e+00
3.050395269251350516e+00 -2.022550847981150479e-01
3.056684744033312029e+00 2.463327496620415502e-02
3.062974218815273542e+00 -6.045159957583432497e-01
3.069263693597235054e+00 -1.176658009679740546e+00
3.075553168379196567e+00 -7.081810255316625113e-01
3.081842643161158080e+00 7.476281523290251307e-02
3.088132117943119592e+00 -4.923441653537350415e-01
3.094421592725081105e+00 -7.207481527198322802e-01
3.100711067507043062e+00 -2.900100922341453114e-02
3.107000542289004574e+00 -1.435726988482377564e-03
3.113290017070966087e+00 -1.436024116062202260e-01
3.119579491852927600e+00 -8.600009894772486785e-01
3.125868966634889112e+00 -9.864743838528975406e-01
3.132158441416850625e+00 6.419468998318977881e-02
3.138447916198812138e+00 -1.367075543254905767e+00
3.144737390980773650e+00 -2.270285725357530371e-01
3.151026865762735163e+00 -6.293669607142620137e-01
3.157316340544696676e+00 -5.414015748790099725e-01
3.163605815326658188e+00 5.155620153670881223e-02
3.169895290108619701e+00 -3.978981984445455478e-01
3.176184764890581214e+00 -1.803426343900926820e-01
3.182474239672543170e+00 1.256660172784418439e-01
3.188763714454504683e+00 -1.644024830730980602e+00
3.195053189236466196e+00 -1.358323685237075251e+00
3.201342664018427708e+00 -4.125864470153035590e-01
3.207632138800389221e+00 -1.107896539775952149e+00
3.213921613582350734e+00 -7.080229716769492754e-01
3.220211088364312246e+00 9.217005636300812377e-02
3.226500563146273759e+00 -8.176040627406839789e-01
3.232790037928235272e+00 -7.667097822093980053e-01
3.239079512710196784e+00 -9.620039586760649186e-01
3.245368987492158297e+00 4.418880275159922100e-01
3.251658462274119810e+00 -1.114958149769134765e+00
3.257947937056081322e+00 3.647468293067557266e-01
3.264237411838043279e+00 -1.378779280880806368e-01
3.270526886620004792e+00 -1.348670107112237559e-01
3.276816361401966304e+00 -3.665583749995151575e-01
3.283105836183927817e+00 -6.784137529878870865e-01
3.289395310965889330e+00 -3.665981827778883595e-01
3.295684785747850842e+00 3.579448717178033146e-01
3.301974260529812355e+00 -1.631304980833532259e-01
3.308263735311773868e+00 -7.463680213325751822e-02
3.314553210093735380e+00 9.305693774704077992e-01
3.320842684875696893e+00 -1.853163774673693975e-01
3.327132159657658406e+00 -2.504913463070784774e-01
3.333421634439619918e+00 -3.923812122740311104e-02
3.339711109221581431e+00 -6.163805177743727493e-01
3.346000584003543388e+00 8.210538556276429922e-01
3.352290058785504900e+00 1.200882556597564266e+00
3.358579533567466413e+00 4.784391858515402163e-01
3.364869008349427926e+00 1.073718670346686110e-01
3.371158483131389438e+00 3.497539981119535124e-02
3.377447957913350951e+00 3.239264800145449374e-01
3.383737432695312464e+00 1.206110339209504279e+00
3.390026907477273976e+00 1.911813231906049904e-01
3.396316382259235489e+00 1.469434076450031990e+00
3.402605857041197002e+00 1.590663753653178691e-01
3.408895331823158514e+00 2.976027938250928040e-01
3.415184806605120027e+00 4.778824848998451946e-01
3.421474281387081540e+00 6.392347817500197982e-01
3.427763756169043496e+00 -1.811673015402937015e-01
3.434053230951005009e+00 1.206435651368356066e-01
3.440342705732966522e+00 1.333244019116435641e+00
3.446632180514928034e+00 7.761201017045774586e-01
3.452921655296889547e+00 8.818628462106916643e-01
3.459211130078851060e+00 1.739605007067354325e+00
3.465500604860812572e+00 5.611606878623923711e-01
3.471790079642774085e+00 1.498663615945889926e+00
3.478079554424735598e+00 1.142865735353904011e+00
3.484369029206697110e+00 8.309107056776592337e-01
3.490658503988658623e+00 1.360110046904673187e+00
3.496947978770620136e+00 5.615029095252908053e-01
3.503237453552582092e+00 8.658689537553239113e-01
3.509526928334543605e+00 6.036084324263661927e-01
3.515816403116505118e+00 2.239237828723246615e+00
3.522105877898466630e+00 1.465536952450293695e+00
3.528395352680428143e+00 1.292073387599209866e+00
3.534684827462389656e+00 9.097659456728376393e-01
3.540974302244351168e+00 1.947912197265190715e+00
3.547263777026312681e+00 2.184656319022191706e+00
3.553553251808274194e+00 2.070697166767554442e+00
3.559842726590235706e+00 2.392216349464303171e+00
3.566132201372197219e+00 8.995668186191853044e-01
3.572421676154158732e+00 2.519336073972382017e+00
3.578711150936120244e+00 1.758044176092630195e+00
3.585000625718082201e+00 1.300899649517543555e+00
3.591290100500043714e+00 1.337165233764521899e+00
3.597579575282005226e+00 1.649547874103151290e+00
3.603869050063966739e+00 1.647876331889280621e+00
3.610158524845928252e+00 2.012135662997978969e+00
3.616447999627889764e+00 2.706130023522750783e+00
3.622737474409851277e+00 1.382422991880397189e+00
3.629026949191812790e+00 1.389214649584845196e+00
3.635316423973774302e+00 1.205519238505746937e+00
3.641605898755735815e+00 2.304473838222079518e+00
3.647895373537697328e+00 2.958544188005792996e+00
3.654184848319658840e+00 2.226767984466755390e+00
3.660474323101620353e+00 2.308693706407906276e+00
3.666763797883582310e+00 2.748120853133209973e+00
3.673053272665543822e+00 2.054426733901753899e+00
3.679342747447505335e+00 1.707881141485914966e+00
3.685632222229466848e+00 2.324454621982730007e+00
3.691921697011428360e+00 2.944104431766797703e+00
3.698211171793389873e+00 2.253835411486464047e+00
3.704500646575351386e+00 1.826017984523317317e+00
3.710790121357312898e+00 2.475088816166398420e+00
3.717079596139274411e+00 2.260635536089750097e+00
3.723369070921235924e+00 2.943312851734265490e+00
3.729658545703197436e+00 2.678111761814283120e+00
3.735948020485158949e+00 1.267810448974798554e+00
3.742237495267120462e+00 2.155748869878562957e+00
3.748526970049082419e+00 2.406168575522088737e+00
3.754816444831043931e+00 1.184289595511059945e+00
3.761105919613005444e+00 1.853672674446959157e+00
3.767395394394966956e+00 2.809398698704247188e+00
3.773684869176928469e+00 2.383441623876146220e+00
3.779974343958889982e+00 1.544715340952455884e+00
3.786263818740851494e+00 2.132128322333215920e+00
3.792553293522813007e+00 3.089217991947431408e+00
3.798842768304774520e+00 1.154209386676353866e+00
3.805132243086736032e+00 2.870807380119405838e+00
3.811421717868697545e+00 1.461556279319017548e+00
3.817711192650659058e+00 2.951543156822092229e+00
3.824000667432621015e+00 1.780913691008886746e+00
3.830290142214582527e+00 1.945979164448724985e+00
3.836579616996544040e+00 2.765489377115206260e+00
3.842869091778505553e+00 1.666962839386434192e+00
3.849158566560467065e+00 2.139668429000886274e+00
3.855448041342428578e+00 2.669362284813042052e+00
3.861737516124390091e+00 2.133061448924419956e+00
3.868026990906351603e+00 1.997100462393945230e+00
3.874316465688313116e+00 2.384139721530954326e+00
3.880605940470274628e+00 1.172561438830856062e+00
3.886895415252236141e+00 2.464033835528463445e+00
3.893184890034197654e+00 1.698722675930081749e+00
3.899474364816159166e+00 2.619376193963403487e+00
3.905763839598121123e+00 1.527529093427517637e+00
3.912053314380082636e+00 1.996725574424796257e+00
3.918342789162044149e+00 1.088836088674512759e+00
3.924632263944005661e+00 1.998684639677261732e+00
3.930921738725967174e+00 1.886759186417123146e+00
3.937211213507928687e+00 9.401224154268070787e-01
3.943500688289890199e+00 7.436848303555088080e-01
3.949790163071851712e+00 1.309279760640978729e+00
3.956079637853813225e+00 2.392173300862848517e+00
3.962369112635774737e+00 8.330080334579157419e-01
3.968658587417736250e+00 4.860076057822394491e-01
3.974948062199697763e+00 2.192592203013028485e+00
3.981237536981659275e+00 1.416909475501341387e+00
3.987527011763621232e+00 7.720655510221622331e-01
3.993816486545582745e+00 5.706520669529207002e-01
4.000105961327544257e+00 7.912076329708485067e-01
4.006395436109505326e+00 1.274844787460528206e+00
4.012684910891467283e+00 4.897974340505376611e-01
4.018974385673428351e+00 1.944775094270267290e+00
4.025263860455390308e+00 2.075106810735154017e+00
4.031553335237352265e+00 1.883462770695706112e+00
4.037842810019313333e+00 5.499652408523680869e-01
4.044132284801275290e+00 1.583939520456102867e+00
4.050421759583236359e+00 1.050748199870169097e+00
4.056711234365198315e+00 7.360703904731060732e-01
4.063000709147159384e+00 9.352839325161543815e-01
4.069290183929121341e+00 8.559249465220425401e-02
4.075579658711082409e+00 1.490879406040183541e+00
4.081869133493044366e+00 7.776609811038168729e-01
4.088158608275005435e+00 7.264268113207175137e-01
4.094448083056967391e+00 -1.358745326071546522e-01
4.100737557838928460e+00 1.529722629191316852e+00
4.107027032620890417e+00 8.224832967513047155e-01
4.113316507402852373e+00 8.700274649744828004e-01
4.119605982184813442e+00 1.523638133454873422e+00
4.125895456966775399e+00 1.822348508321109950e-01
4.132184931748736467e+00 1.494468641748529558e+00
4.138474406530698424e+00 7.657319755941403017e-01
4.144763881312659493e+00 2.412433674818096341e-01
4.151053356094621449e+00 1.575815954606930358e+00
4.157342830876582518e+00 1.081150043740775057e+00
4.163632305658544475e+00 1.157494269461032843e+00
4.169921780440505543e+00 1.361793000830406219e+00
4.176211255222467500e+00 1.559085382319791657e+00
4.182500730004428569e+00 -1.357549471994287105e-01
4.188790204786390525e+00 1.217228366216729807e+00
4.195079679568352482e+00 6.832461897428885322e-01
4.201369154350313551e+00 1.029005877906623123e+00
4.207658629132275507e+00 -1.472007228630647369e-01
4.213948103914236576e+00 -3.985819941807740019e-01
4.220237578696198533e+00 -3.716598226505760660e-01
4.226527053478159601e+00 1.243555167359835956e+00
4.232816528260121558e+00 1.693634828610678378e-01
4.239106003042082627e+00 -4.313652151566174098e-01
4.245395477824044583e+00 -4.377227565666628184e-01
4.251684952606005652e+00 -4.421522086770255378e-01
4.257974427387967609e+00 -2.583329279202004614e-01
4.264263902169928677e+00 2.627999511553718026e-01
4.270553376951890634e+00 -6.371122500622816709e-02
4.276842851733852591e+00 6.179053322842230633e-01
4.283132326515813659e+00 6.454736436754981987e-01
4.289421801297775616e+00 6.611610259594917771e-01
4.295711276079736685e+00 -4.856905163102889222e-01
4.302000750861698641e+00 7.415471807239304436e-01
4.308290225643659710e+00 -2.839743054647929643e-01
4.314579700425621667e+00 1.172722594370760874e+00
4.320869175207582735e+00 1.956312364569778861e-02
4.327158649989544692e+00 -1.937530480990786730e-01
4.333448124771505761e+00 4.803971064269809688e-01
4.339737599553467717e+00 -2.366701872151694142e-01
4.346027074335428786e+00 8.896535531688561926e-01
4.352316549117390743e+00 -2.812399092908952625e-01
4.358606023899352699e+00 3.549913444278492980e-01
4.364895498681313768e+00 5.980047282383608165e-01
4.371184973463275725e+00 4.795039966903635875e-01
4.377474448245236793e+00 1.326277731449958530e+00
4.383763923027198750e+00 1.157361304273758940e+00
4.390053397809159819e+00 -3.476393460846950445e-01
4.396342872591121775e+00 1.247653971462250766e+00
4.402632347373082844e+00 -4.185577625880692043e-01
4.408921822155044801e+00 8.453716978133516413e-01
4.415211296937005869e+00 1.118374556041870971e+00
4.421500771718967826e+00 1.154345849493401577e+00
4.427790246500929783e+00 1.684691332343073444e-01
4.434079721282890851e+00 1.036596559855734068e+00
4.440369196064852808e+00 1.177384108668107388e+00
4.446658670846813877e+00 3.581038388273516393e-01
4.452948145628775833e+00 -4.535596456925790054e-01
4.459237620410736902e+00 1.091365269285276662e+00
4.465527095192698859e+00 1.243928895842755455e+00
4.471816569974659927e+00 1.160145427245957706e+00
4.478106044756621884e+00 7.599650583349766286e-01
4.484395519538582953e+00 5.581660871466784801e-01
4.490684994320544909e+00 1.186649032208676902e+00
4.496974469102505978e+00 6.061528026806128899e-01
4.503263943884467935e+00 -1.202489649821203432e-01
4.509553418666429891e+00 1.541575550167725517e+00
4.515842893448390960e+00 1.421143111059854469e+00
4.522132368230352917e+00 7.213628426963012430e-01
4.528421843012313985e+00 -5.605976413165980610e-02
4.534711317794275942e+00 1.618370807584476045e-01
4.541000792576237011e+00 1.590129494518943698e-02
4.547290267358198967e+00 8.475954553058626662e-01
4.553579742140160036e+00 1.572470680223783113e+00
4.559869216922121993e+00 7.196016069163198026e-01
4.566158691704083061e+00 -2.949316877208984500e-01
4.572448166486045018e+00 7.315171990656881285e-01
4.578737641268006087e+00 7.911664795373757331e-01
4.585027116049968043e+00 5.014241931589759060e-01
4.591316590831930000e+00 6.932319624579477146e-01
4.597606065613891069e+00 1.500203402131623953e+00
4.603895540395853025e+00 2.331466190341436873e-01
4.610185015177814094e+00 1.286963439221637806e-01
4.616474489959776051e+00 9.274641474512890227e-01
4.622763964741737119e+00 3.880603287337678342e-01
4.629053439523699076e+00 5.910345060744346402e-01
4.635342914305660145e+00 7.235681766694744832e-01
4.641632389087622101e+00 1.085322836017255987e+00
4.647921863869583170e+00 1.458897606573773764e+00
4.654211338651545127e+00 4.882415286539485422e-01
4.660500813433506195e+00 1.239138877667887995e+00
4.666790288215468152e+00 1.522472115801264625e+00
4.673079762997430109e+00 1.543616195704338612e+00
4.679369237779391177e+00 2.359958282687250331e-01
4.685658712561353134e+00 6.069875289087063308e-01
4.691948187343314203e+00 8.281669508211892961e-01
4.698237662125276159e+00 7.570973438099392050e-01
4.704527136907237228e+00 1.581035241766261201e+00
4.710816611689199185e+00 8.287581088976491150e-01
4.717106086471160253e+00 1.468084298739597005e-02
4.723395561253122210e+00 1.550452116089425569e+00
4.729685036035083279e+00 -1.967028413359874217e-01
4.735974510817045235e+00 3.012953275957498400e-01
4.742263985599006304e+00 6.257786821529929266e-01
4.748553460380968261e+00 1.341492985400249305e+00
4.754842935162930218e+00 1.422572255071939518e+00
4.761132409944891286e+00 1.506862679000908978e+00
4.767421884726853243e+00 8.093987885557702988e-01
4.773711359508814311e+00 1.660791657448120073e+00
4.780000834290776268e+00 1.042428626310720752e+00
4.786290309072737337e+00 6.582379716698925076e-01
4.792579783854699293e+00 4.567650340833916967e-01
4.798869258636660362e+00 3.192489295643162195e-01
4.805158733418622319e+00 4.605650311133578367e-01
4.811448208200583387e+00 3.632010046472620157e-01
4.817737682982545344e+00 -1.562340705745753344e-01
4.824027157764506413e+00 1.467600431761281743e-01
4.830316632546468369e+00 7.614188131393464509e-01
4.836606107328430326e+00 1.070583877770110881e+00
4.842895582110391395e+00 1.482990458282488433e+00
4.849185056892353352e+00 3.055617427691973420e-01
4.855474531674314420e+00 9.834367760142371795e-01
4.861764006456276377e+00 3.657596821476040705e-01
4.868053481238237445e+00 9.609150129146315500e-02
4.874342956020199402e+00 1.238821197420566289e+00
4.880632430802160471e+00 7.100758650469551903e-01
4.886921905584122428e+00 3.777430909044593443e-01
4.893211380366083496e+00 -2.196836524440535232e-01
4.899500855148045453e+00 1.117429872896367193e+00
4.905790329930006521e+00 2.329244294804254656e-01
4.912079804711968478e+00 1.367720835854062678e+00
4.918369279493930435e+00 1.697352538392706833e-01
4.924658754275891503e+00 1.022968655183671860e+00
4.930948229057853460e+00 4.727840597851953319e-01
4.937237703839814529e+00 -3.651044805546022065e-01
4.943527178621776486e+00 -4.456509991091099909e-01
4.949816653403737554e+00 -3.144610947921933075e-02
4.956106128185699511e+00 5.969986569743157556e-01
4.962395602967660579e+00 1.324848265556017202e+00
4.968685077749622536e+00 -4.995936114051992005e-01
4.974974552531583605e+00 1.291388776024693819e+00
4.981264027313545562e+00 5.184024636759794191e-01
4.987553502095506630e+00 -6.757894795683749845e-02
4.993842976877468587e+00 1.042224578519415523e+00
5.000132451659430544e+00 4.276481003040142337e-01
5.006421926441391612e+00 7.039777277131578082e-01
5.012711401223353569e+00 6.943995086254804994e-01
5.019000876005314637e+00 3.573471588723442505e-01
5.025290350787276594e+00 5.167147158930145423e-01
5.031579825569237663e+00 -5.438989866731691603e-01
5.037869300351199620e+00 5.355168922525146424e-01
5.044158775133160688e+00 -5.802009971228320184e-01
5.050448249915122645e+00 5.997190170519255403e-01
5.056737724697083713e+00 3.090881973403675209e-01
5.063027199479045670e+00 1.559623045503863992e-01
5.069316674261006739e+00 6.391613272717686645e-01
5.075606149042968696e+00 -7.101750782395495065e-01
5.081895623824930652e+00 -2.032241590617980265e-01
5.088185098606891721e+00 4.097007497563392997e-01
5.094474573388853678e+00 9.242117152432133276e-01
5.100764048170814746e+00 -1.091642786398991927e-01
5.107053522952776703e+00 7.294075560634984967e-01
5.113342997734737772e+00 4.030063388789895118e-01
5.119632472516699728e+00 2.898851711913168483e-01
5.125921947298660797e+00 -7.889546664463394920e-01
5.132211422080622754e+00 -2.058662563222710684e-01
5.138500896862583822e+00 -4.241900361142563192e-01
5.144790371644545779e+00 3.296121469323306519e-01
5.151079846426506847e+00 1.072228433068507902e+00
5.157369321208468804e+00 -6.405664730400373319e-01
5.163658795990430761e+00 2.412312300056163039e-01
5.169948270772391830e+00 3.841310630901361156e-01
5.176237745554353786e+00 1.056360218054200217e+00
5.182527220336314855e+00 -6.741947970080266472e-01
5.188816695118276812e+00 -1.162203562381166622e-01
5.195106169900237880e+00 1.072352530848154295e+00
5.201395644682199837e+00 7.313693682535939988e-01
5.207685119464160906e+00 5.704843306938912617e-01
5.213974594246122862e+00 4.536091583903250068e-01
5.220264069028083931e+00 2.280610725835561237e-01
5.226553543810045888e+00 -6.436638358907251778e-01
5.232843018592006956e+00 -2.253954263941861935e-01
5.239132493373968913e+00 3.964964575344454012e-02
5.245421968155930870e+00 9.127701620530603854e-01
5.251711442937891938e+00 -1.950561357426374709e-01
5.258000917719853895e+00 9.326682508353743017e-01
5.264290392501814964e+00 -4.989042037295976506e-02
5.270579867283776920e+00 -3.348657637993142089e-01
5.276869342065737989e+00 1.126373184057972709e+00
5.283158816847699946e+00 -2.771192203340925309e-01
5.289448291629661014e+00 -3.801233573345554895e-01
5.295737766411622971e+00 8.862764803261515834e-01
5.302027241193584040e+00 1.031003248747768275e+00
5.308316715975545996e+00 1.392655617764727793e+00
5.314606190757507953e+00 2.212024171515675763e-01
5.320895665539469022e+00 1.072158916866909006e+00
5.327185140321430978e+00 7.432662654651098766e-01
5.333474615103392047e+00 1.251865162756880201e+00
5.339764089885354004e+00 4.485664480922447184e-01
5.346053564667315072e+00 3.839016427166583312e-01
5.352343039449277029e+00 -7.705659587955321355e-02
5.358632514231238098e+00 1.131027381748626937e+00
5.364921989013200054e+00 1.211169463311848604e+00
5.371211463795161123e+00 1.330095488736915410e+00
5.377500938577123080e+00 4.976915463292325148e-01
5.383790413359084148e+00 9.575548463639149688e-01
5.390079888141046105e+00 2.335396498344867733e-01
5.396369362923008062e+00 9.884808086393709337e-01
5.402658837704969130e+00 4.428340427947046742e-01
5.408948312486931087e+00 1.800594322889933263e+00
5.415237787268892156e+00 7.835991619586590851e-01
5.421527262050854112e+00 1.344964084458026621e+00
5.427816736832815181e+00 1.834050764522649590e+00
5.434106211614777138e+00 3.538465437726002749e-01
5.440395686396738206e+00 1.195805371360990632e+00
5.446685161178700163e+00 1.297893705045356727e+00
5.452974635960661232e+00 7.099611995979164814e-01
5.459264110742623188e+00 1.163972455522103822e+00
5.465553585524584257e+00 5.826763509337000713e-01
5.471843060306546214e+00 1.582985475303868128e+00
5.478132535088508170e+00 1.922342619461139046e+00
5.484422009870469239e+00 1.117035199624240915e+00
5.490711484652431196e+00 5.370233823581872512e-01
5.497000959434392264e+00 2.031550945617529358e+00
5.503290434216354221e+00 1.754152004876489146e+00
5.509579908998315290e+00 1.155894755595382684e+00
5.515869383780277246e+00 1.392477626985876071e+00
5.522158858562238315e+00 6.251100922647276903e-01
5.528448333344200272e+00 6.599925152213399482e-01
5.534737808126161340e+00 2.420305595274843125e+00
5.541027282908123297e+00 6.471275746329856471e-01
5.547316757690084366e+00 2.207698851800353967e+00
5.553606232472046322e+00 2.019791301654626281e+00
5.559895707254008279e+00 1.725627730017525119e+00
5.566185182035969348e+00 1.084924336778382958e+00
5.572474656817931304e+00 1.018991160150265252e+00
5.578764131599892373e+00 7.082734446793970129e-01
5.585053606381854330e+00 1.484455087758359770e+00
5.591343081163815398e+00 2.309770380267609280e+00
5.597632555945777355e+00 1.331711667456019654e+00
5.603922030727738424e+00 1.335586182324219218e+00
5.610211505509700380e+00 1.740413620133639983e+00
5.616500980291661449e+00 1.460354606766024022e+00
5.622790455073623406e+00 1.180107889889866479e+00
5.629079929855584474e+00 1.477680796433585630e+00
5.635369404637546431e+00 1.531770861604805578e+00
5.641658879419508388e+00 2.579631986242195474e+00
5.647948354201469456e+00 2.478989203603346514e+00
5.654237828983431413e+00 1.467873253302507841e+00
5.660527303765392482e+00 1.668058588139295306e+00
5.666816778547354438e+00 2.250608746209926014e+00
5.673106253329315507e+00 2.010208262201138130e+00
5.679395728111277464e+00 8.248259825740000828e-01
5.685685202893238532e+00 1.341769119898996943e+00
5.691974677675200489e+00 1.249353211932759500e+00
5.698264152457161558e+00 1.889171434291499807e+00
5.704553627239123514e+00 1.944858622734384035e+00
5.710843102021084583e+00 2.366583861045271853e+00
5.717132576803046540e+00 1.312314491048664156e+00
5.723422051585008496e+00 1.622365655663533746e+00
5.729711526366969565e+00 1.912980404260524292e+00
5.736001001148931522e+00 1.704506200589637199e+00
5.742290475930892590e+00 1.980924132284854311e+00
5.748579950712854547e+00 1.672435621272433837e+00
5.754869425494815616e+00 1.803189076322732065e+00
5.761158900276777572e+00 1.557442972646460699e+00
5.767448375058738641e+00 2.416897998776870615e+00
5.773737849840700598e+00 2.595008984140192432e+00
5.780027324622661666e+00 1.680112684163807879e+00
5.786316799404623623e+00 2.548606764708892580e+00
5.792606274186584692e+00 2.016913334571904137e+00
5.798895748968546648e+00 1.542843821722644115e+00
5.805185223750508605e+00 5.940731033890591650e-01
5.811474698532469674e+00 1.038440105639972577e+00
5.817764173314431631e+00 1.757208953490140058e+00
5.824053648096392699e+00 2.412230227517213610e+00
5.830343122878354656e+00 1.940257122878423557e+00
5.836632597660315724e+00 2.004569743670680193e+00
5.842922072442277681e+00 7.272387134039379752e-01
5.849211547224238750e+00 2.091940543889545534e+00
5.855501022006200706e+00 7.001680004131813906e-01
5.861790496788161775e+00 1.129730959946217750e+00
5.868079971570123732e+00 1.496954443141500279e+00
5.874369446352084800e+00 8.425692734074186063e-01
5.880658921134046757e+00 1.301288535137066882e+00
5.886948395916008714e+00 1.924469693334730724e+00
5.893237870697969782e+00 5.155760545099421499e-01
5.899527345479931739e+00 8.640566991760748605e-01
5.905816820261892808e+00 1.327707996288898018e+00
5.912106295043854765e+00 1.442931381214574982e+00
5.918395769825815833e+00 7.281876788323005112e-01
5.924685244607777790e+00 1.098492004090492191e+00
5.930974719389738858e+00 8.416850897617649263e-01
5.937264194171700815e+00 3.994559841422268276e-01
5.943553668953661884e+00 1.565354292811915737e+00
5.949843143735623840e+00 -1.169291603426267923e-01
5.956132618517584909e+00 5.776500465009446472e-01
5.962422093299546866e+00 6.005380861295805950e-01
5.968711568081508823e+00 4.289803654754440476e-01
5.975001042863469891e+00 1.721711595021568897e-02
5.981290517645431848e+00 6.812664519057858303e-01
5.987579992427392916e+00 -3.606320267773734933e-01
5.993869467209354873e+00 -4.902921097744878942e-01
6.000158941991315942e+00 1.083169240849908288e-01
6.006448416773277899e+00 7.907459226994295598e-01
6.012737891555238967e+00 3.481191893763078138e-01
6.019027366337200924e+00 -2.064982284983942762e-01
6.025316841119161992e+00 1.379959096981966393e-01
6.031606315901123949e+00 1.964414633429683033e-01
6.037895790683085906e+00 -7.221755653378261197e-01
6.044185265465046974e+00 5.651795965026875646e-01
6.050474740247008931e+00 2.414059413097835449e-01
6.056764215028970000e+00 -1.091263029286707154e+00
6.063053689810931957e+00 2.622698729636359083e-01
6.069343164592893025e+00 7.450370990297690010e-01
6.075632639374854982e+00 -4.565751523078558360e-01
6.081922114156816050e+00 -3.326438659044583801e-01
6.088211588938778007e+00 -8.782913583071882968e-01
6.094501063720739076e+00 -9.329855369880966087e-01
6.100790538502701033e+00 -1.266851900210618442e+00
6.107080013284662101e+00 -4.814237845606348376e-01
6.113369488066624058e+00 -4.366059356649254486e-01
6.119658962848586015e+00 -1.232127009561103881e+00
6.125948437630547083e+00 -2.443572913967468896e-01
6.132237912412509040e+00 -7.323420431078409010e-02
6.138527387194470109e+00 -1.379707879782264834e+00
6.144816861976432065e+00 -5.559618009784088599e-01
6.151106336758393134e+00 -1.634880405638079237e+00
6.157395811540355091e+00 -1.111823472008623970e+00
6.163685286322316159e+00 -4.841344421901989659e-01
6.169974761104278116e+00 3.866848072685935556e-02
6.176264235886239184e+00 -4.494613046752873320e-01
6.182553710668201141e+00 -5.313114301146109053e-01
6.188843185450162210e+00 -1.145112229183991026e-01
6.195132660232124167e+00 -1.103603572162967339e+00
6.201422135014086123e+00 -1.170626612117613208e+00
6.207711609796047192e+00 -1.431980924368174701e+00
6.214001084578009149e+00 -8.414607332417192165e-01
6.220290559359970217e+00 -8.198109478829014307e-01
6.226580034141932174e+00 -6.267081207608025117e-01
6.232869508923893243e+00 -2.109146162727113971e+00
6.239158983705855199e+00 -1.679560197339629468e+00
6.245448458487816268e+00 -1.920446875195321201e+00
6.251737933269778225e+00 -1.058807943008023056e+00
6.258027408051739293e+00 -1.002061808102890694e+00
6.264316882833701250e+00 -2.039997461859844208e+00
6.270606357615662318e+00 -5.375058778949977079e-01
6.276895832397624275e+00 -1.826901295618177601e+00
6.283185307179586232e+00 -8.771550799968745871e-01
