0.000000000000000000e+00 1.154241827560103406e+00
6.289474781961547356e-03 -2.175888969756026303e-01
1.257894956392309471e-02 1.683253537537909850e-01
1.886842434588464207e-02 1.001314988134885287e+00
2.515789912784618942e-02 1.393527424146923321e+00
3.144737390980773678e-02 6.239507371106474132e-01
3.773684869176928414e-02 1.030926077336546953e-01
4.402632347373083149e-02 -1.330379083232524628e-01
5.031579825569237885e-02 4.673046034637375890e-01
5.660527303765392620e-02 1.386797844419921155e+00
6.289474781961547356e-02 7.576198695716764853e-01
6.918422260157702786e-02 -9.266029543797849044e-02
7.547369738353856827e-02 2.627129009995697317e-01
8.176317216550010869e-02 1.073890570968057512e+00
8.805264694746166299e-02 1.415046811930388504e+00
9.434212172942321728e-02 8.083072010373073546e-01
1.006315965113847577e-01 1.525298338091358064e+00
1.069210712933462981e-01 -2.863002965513505860e-02
1.132105460753078524e-01 9.542145594216150384e-01
1.195000208572694067e-01 1.176292294600396193e+00
1.257894956392309471e-01 1.275945321786533304e+00
1.320789704211924875e-01 1.525094424488786515e+00
1.383684452031540557e-01 9.597846008208874569e-01
1.446579199851155961e-01 9.315587016835102929e-02
1.509473947670771365e-01 1.100586784718787348e+00
1.572368695490386770e-01 1.462448911464335088e+00
1.635263443310002174e-01 1.593045389712904214e+00
1.698158191129617856e-01 1.164333600594450235e+00
1.761052938949233260e-01 2.640834576347759199e-01
1.823947686768848664e-01 4.049796221584980316e-01
1.886842434588464346e-01 1.386222512054974265e-01
1.949737182408079750e-01 -2.460523518678172095e-01
2.012631930227695154e-01 3.982852645141533032e-01
2.075526678047310558e-01 6.543888963782772406e-01
2.138421425866925962e-01 3.159713107846640057e-02
2.201316173686541644e-01 8.865577938676953984e-01
2.264210921506157048e-01 5.689284430845541474e-01
2.327105669325772452e-01 -2.106245636963595125e-01
2.390000417145388134e-01 3.684441874056765265e-01
2.452895164965003538e-01 -1.801014462706387320e-01
2.515789912784618942e-01 1.315088017692322531e+00
2.578684660604234624e-01 5.612105696521030307e-01
2.641579408423849751e-01 1.411671195053698646e+00
2.704474156243465433e-01 1.008974553046508182e+00
2.767368904063081114e-01 1.042132745313218090e+00
2.830263651882696241e-01 1.010739228406915213e+00
2.893158399702311923e-01 4.904238910892413927e-01
2.956053147521927049e-01 -2.006283127242717290e-01
3.018947895341542731e-01 9.288858642411679245e-01
3.081842643161158413e-01 3.868119547756625476e-01
3.144737390980773539e-01 1.879867226572544681e-01
3.207632138800389221e-01 1.294889370066329093e+00
3.270526886620004348e-01 -1.399842955854186943e-01
3.333421634439620029e-01 6.588916432505028675e-01
3.396316382259235711e-01 3.226926048856633145e-01
3.459211130078850838e-01 -2.137019816742320444e-01
3.522105877898466519e-01 2.023785636041708358e-01
3.585000625718082201e-01 6.513210954577460798e-01
3.647895373537697328e-01 2.142390686879320771e-01
3.710790121357313009e-01 3.706343558273772487e-02
3.773684869176928691e-01 -5.734880009261995593e-01
3.836579616996543818e-01 8.524264071688182343e-01
3.899474364816159500e-01 4.660978746409756290e-01
3.962369112635774626e-01 -3.108451913741632211e-01
4.025263860455390308e-01 -4.655155559077425176e-01
4.088158608275005990e-01 9.378547849900550348e-01
4.151053356094621116e-01 7.417944663667817018e-01
4.213948103914236798e-01 4.789537568928807776e-01
4.276842851733851925e-01 9.005126032761597843e-01
4.339737599553467606e-01 -1.137694510913878077e-01
4.402632347373083288e-01 6.550259381284559979e-01
4.465527095192698415e-01 8.936661498038840357e-01
4.528421843012314096e-01 -6.465923863955340689e-01
4.591316590831929778e-01 2.020023132965678148e-01
4.654211338651544905e-01 -1.008363389292588064e-01
4.717106086471160586e-01 -1.809549433686098441e-01
4.780000834290776268e-01 9.349183817391804041e-03
4.842895582110391395e-01 -6.603267299415457314e-01
4.905790329930007077e-01 -4.377269787913988797e-01
4.968685077749622203e-01 -1.003827849851579579e-02
5.031579825569237885e-01 -4.927187101802501523e-01
5.094474573388853011e-01 -5.978741837666303738e-01
5.157369321208469248e-01 -5.538135553784706566e-01
5.220264069028084375e-01 -4.840580041296558278e-01
5.283158816847699502e-01 -8.103464148151329205e-02
5.346053564667315738e-01 4.170557100881810975e-01
5.408948312486930865e-01 -7.594413859384787635e-01
5.471843060306545992e-01 4.416051918875718574e-01
5.534737808126162228e-01 -9.368515665711423246e-01
5.597632555945777355e-01 2.824498436019262648e-02
5.660527303765392482e-01 -7.586365961172156780e-01
5.723422051585007608e-01 -4.213384959312558298e-01
5.786316799404623845e-01 3.503726165934384351e-01
5.849211547224238972e-01 -4.665427754213673506e-01
5.912106295043854098e-01 -6.186461500305948658e-01
5.975001042863470335e-01 3.718923672938287961e-01
6.037895790683085462e-01 -4.201442087081030952e-01
6.100790538502700588e-01 2.508280082271414635e-01
6.163685286322316825e-01 5.309250874603455017e-02
6.226580034141931952e-01 -8.400337832981259467e-01
6.289474781961547079e-01 -1.253854350820576835e+00
6.352369529781163315e-01 -3.862150344842387728e-01
6.415264277600778442e-01 -1.000740373989641663e+00
6.478159025420393569e-01 -3.844303808466724703e-01
6.541053773240008695e-01 -1.120313124745753175e-01
6.603948521059624932e-01 -5.274455528253638725e-01
6.666843268879240059e-01 1.820052570438830397e-01
6.729738016698855185e-01 -1.197946312976776451e-01
6.792632764518471422e-01 1.203876408765709449e-01
6.855527512338086549e-01 -7.170400122911309015e-01
6.918422260157701675e-01 -4.138856537778357048e-01
6.981317007977317912e-01 -1.082648615366875511e+00
7.044211755796933039e-01 6.661954061479766764e-01
7.107106503616548165e-01 -1.854433390123815251e-01
7.170001251436164402e-01 1.912503048278439977e-01
7.232895999255779529e-01 5.903624934358482346e-01
7.295790747075394655e-01 4.820459902034968103e-02
7.358685494895010892e-01 -9.722825408780348955e-01
7.421580242714626019e-01 2.005007512712844164e-01
7.484474990534241146e-01 -9.170660072240188754e-02
7.547369738353857382e-01 -8.065827219232819534e-01
7.610264486173472509e-01 1.429412820461477551e-01
7.673159233993087636e-01 -7.239918237234042042e-01
7.736053981812702762e-01 -6.068999004890487381e-01
7.798948729632318999e-01 1.787386417395060434e-01
7.861843477451934126e-01 4.821789337624120542e-01
7.924738225271549252e-01 -9.500651975132856641e-01
7.987632973091165489e-01 -3.624170121177634485e-01
8.050527720910780616e-01 -6.611360536599202309e-01
8.113422468730395742e-01 -2.813264748011969907e-01
8.176317216550011979e-01 -2.861497661642911083e-01
8.239211964369627106e-01 4.532683994205797262e-01
8.302106712189242232e-01 6.560976209690898564e-01
8.365001460008858469e-01 -6.261032780627120431e-01
8.427896207828473596e-01 -1.230979399404009689e-01
8.490790955648088723e-01 4.229380786874412657e-01
8.553685703467703849e-01 1.725573471840153861e-01
8.616580451287320086e-01 5.615895127324959102e-01
8.679475199106935213e-01 1.003203584434626983e+00
8.742369946926550339e-01 8.629438239388109722e-02
8.805264694746166576e-01 3.546326081931960861e-01
8.868159442565781703e-01 -5.263207106250906708e-01
8.931054190385396829e-01 9.942087235483823005e-01
8.993948938205013066e-01 -2.840283114964271549e-01
9.056843686024628193e-01 1.150715460065661055e-01
9.119738433844243319e-01 5.097714049404309389e-01
9.182633181663859556e-01 1.045301173020495522e+00
9.245527929483474683e-01 9.786124805004643434e-01
9.308422677303089809e-01 1.335306328284400212e+00
9.371317425122706046e-01 4.366640524113546973e-01
9.434212172942321173e-01 1.189399131618799066e+00
9.497106920761936300e-01 -2.573553942009189632e-01
9.560001668581552536e-01 7.751320068593750001e-01
9.622896416401167663e-01 3.405338401827633366e-01
9.685791164220782790e-01 7.171107237970872905e-01
9.748685912040397916e-01 5.231494236744568260e-01
9.811580659860014153e-01 7.935743361977545263e-01
9.874475407679629280e-01 4.917288231277825439e-01
9.937370155499244406e-01 4.932305178663469736e-01
1.000026490331886064e+00 1.401632912086244298e+00
1.006315965113847577e+00 1.838312693046659785e+00
1.012605439895809090e+00 6.146573579006636701e-02
1.018894914677770602e+00 9.130964895516866520e-01
1.025184389459732115e+00 2.049854541830534949e+00
1.031473864241693850e+00 6.153429957720981669e-01
1.037763339023655362e+00 4.586017526655036258e-01
1.044052813805616875e+00 2.000054372606713038e+00
1.050342288587578388e+00 1.795233951269721517e+00
1.056631763369539900e+00 2.233432993496364372e+00
1.062921238151501413e+00 2.235895851490861563e+00
1.069210712933463148e+00 2.079354022908627364e+00
1.075500187715424660e+00 1.750378564260270275e+00
1.081789662497386173e+00 1.675953199617104428e+00
1.088079137279347686e+00 2.104854412542433550e+00
1.094368612061309198e+00 1.553913754005888270e+00
1.100658086843270711e+00 7.152737585852008140e-01
1.106947561625232446e+00 9.428225277833008899e-01
1.113237036407193958e+00 2.164614972063249709e+00
1.119526511189155471e+00 1.490261146545733162e+00
1.125815985971116984e+00 2.654615631392175601e+00
1.132105460753078496e+00 2.059582158922520279e+00
1.138394935535040009e+00 1.455758857693513431e+00
1.144684410317001522e+00 2.613450713189156893e+00
1.150973885098963256e+00 1.472237413252236005e+00
1.157263359880924769e+00 1.287688423224091938e+00
1.163552834662886282e+00 2.605486641129115100e+00
1.169842309444847794e+00 9.787058240428597733e-01
1.176131784226809307e+00 2.315358262958919777e+00
1.182421259008770820e+00 2.390217453286155980e+00
1.188710733790732554e+00 2.955965664864290687e+00
1.195000208572694067e+00 2.510030970371385450e+00
1.201289683354655580e+00 1.345377218126672103e+00
1.207579158136617092e+00 2.994521650143027180e+00
1.213868632918578605e+00 1.720019707716266888e+00
1.220158107700540118e+00 1.353043215915320951e+00
1.226447582482501630e+00 2.013904455409243788e+00
1.232737057264463365e+00 2.426222304000265950e+00
1.239026532046424878e+00 1.838373073237283828e+00
1.245316006828386390e+00 1.755170715563727946e+00
1.251605481610347903e+00 2.570380547977297869e+00
1.257894956392309416e+00 2.119600865626311226e+00
1.264184431174270928e+00 2.808019610196519800e+00
1.270473905956232663e+00 1.894991708040742129e+00
1.276763380738194176e+00 2.457619063554463246e+00
1.283052855520155688e+00 1.418225459839520974e+00
1.289342330302117201e+00 2.465494557482784010e+00
1.295631805084078714e+00 2.447459543298197815e+00
1.301921279866040226e+00 2.806684166489392673e+00
1.308210754648001739e+00 2.283265747399766177e+00
1.314500229429963474e+00 2.220500897111989946e+00
1.320789704211924986e+00 1.618747893773812452e+00
1.327079178993886499e+00 2.142381818708983587e+00
1.333368653775848012e+00 1.235453249169172762e+00
1.339658128557809524e+00 1.928675442416840635e+00
1.345947603339771037e+00 2.495047017363893005e+00
1.352237078121732772e+00 1.998298424607660051e+00
1.358526552903694284e+00 1.702435838834313708e+00
1.364816027685655797e+00 1.600191220961395988e+00
1.371105502467617310e+00 1.549368770658466676e+00
1.377394977249578822e+00 1.155479796542917992e+00
1.383684452031540335e+00 1.973933386553992309e+00
1.389973926813502070e+00 1.045064646538976127e+00
1.396263401595463582e+00 1.977323039153674022e+00
1.402552876377425095e+00 1.574510067626821108e+00
1.408842351159386608e+00 2.803974191637192526e+00
1.415131825941348120e+00 1.244641992674994535e+00
1.421421300723309633e+00 1.487918652063541014e+00
1.427710775505271146e+00 2.554272747770677476e+00
1.434000250287232880e+00 8.076620422317766224e-01
1.440289725069194393e+00 2.402106820245166752e+00
1.446579199851155906e+00 2.496734412883686360e+00
1.452868674633117418e+00 1.195910998878783937e+00
1.459158149415078931e+00 1.343555825324937558e+00
1.465447624197040444e+00 1.266133957214889971e+00
1.471737098979002178e+00 1.897944338738603243e+00
1.478026573760963691e+00 1.118159783153882536e+00
1.484316048542925204e+00 7.166891078353543332e-01
1.490605523324886716e+00 1.504197610715436451e+00
1.496894998106848229e+00 1.441137774302736041e+00
1.503184472888809742e+00 2.177734191758201376e+00
1.509473947670771476e+00 1.582311050477918757e+00
1.515763422452732989e+00 2.028436485459484961e-01
1.522052897234694502e+00 1.118143679750235986e+00
1.528342372016656014e+00 4.861121336152042782e-01
1.534631846798617527e+00 1.204015878728331934e+00
1.540921321580579040e+00 9.844061638747729770e-01
1.547210796362540552e+00 9.800989041088533638e-01
1.553500271144502287e+00 9.801570701907578176e-01
1.559789745926463800e+00 1.340178906665665526e+00
1.566079220708425312e+00 1.033038319760619661e+00
1.572368695490386825e+00 1.400542778462729787e+00
1.578658170272348338e+00 1.311761892767714599e+00
1.584947645054309850e+00 3.290532972212277807e-01
1.591237119836271585e+00 1.182285279319350568e-03
1.597526594618233098e+00 -1.158268202332524699e-01
1.603816069400194610e+00 1.143841714813650157e+00
1.610105544182156123e+00 5.536017160778652357e-01
1.616395018964117636e+00 -4.735877622683870580e-01
1.622684493746079148e+00 1.240740651361956992e+00
1.628973968528040661e+00 1.165905105676340314e-01
1.635263443310002396e+00 -1.255808789147430105e-01
1.641552918091963909e+00 -2.221597051859257599e-01
1.647842392873925421e+00 -1.938784845428584980e-01
1.654131867655886934e+00 5.282047251331511983e-01
1.660421342437848446e+00 8.602587129910441721e-01
1.666710817219809959e+00 7.571523973874494384e-01
1.673000292001771694e+00 7.459809436581368303e-01
1.679289766783733207e+00 -9.376942640661294348e-01
1.685579241565694719e+00 2.964840385785294519e-01
1.691868716347656232e+00 -3.799302179137475921e-01
1.698158191129617745e+00 3.072808548083441060e-01
1.704447665911579257e+00 6.477058026591102635e-01
1.710737140693540770e+00 -3.315505351396184075e-01
1.717026615475502505e+00 -1.349351680852907576e+00
1.723316090257464017e+00 -4.680438318580786294e-01
1.729605565039425530e+00 -2.326671688645332026e-01
1.735895039821387043e+00 -1.472881231716169470e+00
1.742184514603348555e+00 -9.022610297248023770e-02
1.748473989385310068e+00 -1.376299127344281503e+00
1.754763464167271803e+00 -1.007611817935489817e+00
1.761052938949233315e+00 -1.183093420363601211e+00
1.767342413731194828e+00 -1.668437140641683136e-01
1.773631888513156341e+00 -6.460341643570197689e-01
1.779921363295117853e+00 -8.575290284283496600e-01
1.786210838077079366e+00 -1.648467600030379954e+00
1.792500312859041101e+00 -1.238025413078482462e+00
1.798789787641002613e+00 -7.032975291373781968e-01
1.805079262422964126e+00 -1.129950842350893936e+00
1.811368737204925639e+00 -1.552625104917009669e+00
1.817658211986887151e+00 -6.314076538003166039e-01
1.823947686768848664e+00 -7.711902642800867458e-01
1.830237161550810177e+00 -1.930488744921201594e-01
1.836526636332771911e+00 -1.327204396240647899e+00
1.842816111114733424e+00 -1.859939516128407799e+00
1.849105585896694937e+00 -1.808937046104023949e+00
1.855395060678656449e+00 -6.144280299051829708e-01
1.861684535460617962e+00 -1.630752070451481961e+00
1.867974010242579475e+00 -6.624220301514349707e-01
1.874263485024541209e+00 -9.373489842650781778e-01
1.880552959806502722e+00 -1.264021504142111230e+00
1.886842434588464235e+00 -3.163984542225835028e-01
1.893131909370425747e+00 -1.309490127310064311e+00
1.899421384152387260e+00 -6.905564642012826937e-01
1.905710858934348773e+00 -9.937376932356123405e-02
1.912000333716310507e+00 -1.237246734369631396e+00
1.918289808498272020e+00 -1.388135137149071996e+00
1.924579283280233533e+00 -1.905219259275938937e+00
1.930868758062195045e+00 -1.109066250042477275e+00
1.937158232844156558e+00 -1.030472872569827558e-01
1.943447707626118071e+00 -1.836479549395892530e+00
1.949737182408079583e+00 -7.435325442713132116e-01
1.956026657190041318e+00 -1.654858362269000738e+00
1.962316131972002831e+00 -1.031189665090128216e+00
1.968605606753964343e+00 7.498308065731817962e-03
1.974895081535925856e+00 -6.524747919778053351e-01
1.981184556317887369e+00 -8.670135629238531205e-01
1.987474031099848881e+00 2.934331484849383997e-02
1.993763505881810616e+00 -6.766970691446849706e-02
2.000052980663772129e+00 -1.308191849682994290e+00
2.006342455445733641e+00 -8.033539147059776120e-02
2.012631930227695154e+00 -1.613820604144651893e+00
2.018921405009656667e+00 -1.027271300384371422e+00
2.025210879791618179e+00 -3.234741455164289459e-01
2.031500354573579692e+00 -1.125414772729442348e+00
2.037789829355541205e+00 -7.591854370173649613e-01
2.044079304137502717e+00 -8.735566255481861386e-01
2.050368778919464230e+00 -1.441068526864688115e+00
2.056658253701426187e+00 5.767344659997639678e-01
2.062947728483387699e+00 4.972393360381439642e-01
2.069237203265349212e+00 9.066808246036273111e-02
2.075526678047310725e+00 -7.217093638696421287e-01
2.081816152829272237e+00 -7.700083724211237435e-01
2.088105627611233750e+00 -4.432987022234358143e-01
2.094395102393195263e+00 3.670899153061164544e-01
2.100684577175156775e+00 3.286786672367458806e-01
2.106974051957118288e+00 9.772221047505286196e-01
2.113263526739079801e+00 9.690203431120792965e-01
2.119553001521041313e+00 4.282745793051450089e-01
2.125842476303002826e+00 1.107153566118160626e+00
2.132131951084964339e+00 7.097942341348431050e-01
2.138421425866926295e+00 6.582009325161572999e-01
2.144710900648887808e+00 6.116169026518036844e-01
2.151000375430849321e+00 8.543965267299833410e-01
2.157289850212810833e+00 1.274822983437762236e-01
2.163579324994772346e+00 6.163561275355151636e-01
2.169868799776733859e+00 5.022112845536974568e-02
2.176158274558695371e+00 8.021242879276830884e-01
2.182447749340656884e+00 1.701076278122339858e+00
2.188737224122618397e+00 4.099986711097184933e-01
2.195026698904579909e+00 -1.260685933761364896e-01
2.201316173686541422e+00 1.486864021968040461e+00
2.207605648468502935e+00 5.401244383898866630e-01
2.213895123250464891e+00 1.179778115434214181e+00
2.220184598032426404e+00 1.313873534912551877e+00
2.226474072814387917e+00 1.593852542846024178e+00
2.232763547596349429e+00 3.943570577576650527e-01
2.239053022378310942e+00 1.159883986320319416e+00
2.245342497160272455e+00 1.727483214608675821e+00
2.251631971942233967e+00 1.846229448520164462e+00
2.257921446724195480e+00 1.338219907345206572e+00
2.264210921506156993e+00 1.633175062418846357e+00
2.270500396288118505e+00 1.985340283457985633e+00
2.276789871070080018e+00 2.450701586050156422e+00
2.283079345852041531e+00 1.045478545835558881e+00
2.289368820634003043e+00 1.257503121760515263e+00
2.295658295415965000e+00 1.513753895512083725e+00
2.301947770197926513e+00 2.890548070297057404e+00
2.308237244979888025e+00 9.736245356146941976e-01
2.314526719761849538e+00 2.492299897972054090e+00
2.320816194543811051e+00 3.028148498931121591e+00
2.327105669325772563e+00 2.014162059158790541e+00
2.333395144107734076e+00 2.447339504967791513e+00
2.339684618889695589e+00 3.151524506069771192e+00
2.345974093671657101e+00 2.027300396716603892e+00
2.352263568453618614e+00 2.868174917585226247e+00
2.358553043235580127e+00 1.649450143631367327e+00
2.364842518017541639e+00 2.767895234748606992e+00
2.371131992799503152e+00 2.682926588968584269e+00
2.377421467581465109e+00 2.984668131918999379e+00
2.383710942363426621e+00 2.583201892342535277e+00
2.390000417145388134e+00 3.442169622503006288e+00
2.396289891927349647e+00 3.570663092625041557e+00
2.402579366709311159e+00 2.445921806792240361e+00
2.408868841491272672e+00 3.656336937549022004e+00
2.415158316273234185e+00 3.570478564356827533e+00
2.421447791055195697e+00 3.250983686922796601e+00
2.427737265837157210e+00 2.156510223872773580e+00
2.434026740619118723e+00 2.997404277422557328e+00
2.440316215401080235e+00 3.518372016365505672e+00
2.446605690183041748e+00 1.936729625384010944e+00
2.452895164965003261e+00 3.169751243562727527e+00
2.459184639746965217e+00 2.249694001780361496e+00
2.465474114528926730e+00 2.807515121360299126e+00
2.471763589310888243e+00 1.901104982595343440e+00
2.478053064092849755e+00 3.127263131906470317e+00
2.484342538874811268e+00 3.790237825870836907e+00
2.490632013656772781e+00 2.820929472721034337e+00
2.496921488438734293e+00 2.611673425332002196e+00
2.503210963220695806e+00 2.833300664655974632e+00
2.509500438002657319e+00 2.900059402453280200e+00
2.515789912784618831e+00 3.740550801547115611e+00
2.522079387566580344e+00 2.731655644194880939e+00
2.528368862348541857e+00 2.020813767516787873e+00
2.534658337130503369e+00 3.422651195078114661e+00
2.540947811912465326e+00 2.155974103609839432e+00
2.547237286694426839e+00 2.957747260278444479e+00
2.553526761476388351e+00 2.864278648308570929e+00
2.559816236258349864e+00 3.658011002285616264e+00
2.566105711040311377e+00 3.603535176735615408e+00
2.572395185822272889e+00 3.695124986672177592e+00
2.578684660604234402e+00 3.618950020753003649e+00
2.584974135386195915e+00 1.949863652767944933e+00
2.591263610168157427e+00 3.076720063762587110e+00
2.597553084950118940e+00 3.403751470256458855e+00
2.603842559732080453e+00 2.128888018848011932e+00
2.610132034514041965e+00 1.787386222224539578e+00
2.616421509296003478e+00 2.960062009358926716e+00
2.622710984077965435e+00 2.480516601696236556e+00
2.629000458859926947e+00 2.308116567856489887e+00
2.635289933641888460e+00 1.863002329220066811e+00
2.641579408423849973e+00 2.447870459556271250e+00
2.647868883205811485e+00 3.026155231628110620e+00
2.654158357987772998e+00 2.821631382627296958e+00
2.660447832769734511e+00 1.644966054655416121e+00
2.666737307551696023e+00 3.336858416262614035e+00
2.673026782333657536e+00 2.134483336342494653e+00
2.679316257115619049e+00 2.513572227201576137e+00
2.685605731897580561e+00 3.044644694736077462e+00
2.691895206679542074e+00 2.645005903401427716e+00
2.698184681461504031e+00 3.023114360700468684e+00
2.704474156243465544e+00 1.899508842385276619e+00
2.710763631025427056e+00 1.547426573664252514e+00
2.717053105807388569e+00 1.508574496942586940e+00
2.723342580589350082e+00 2.933147520637389150e+00
2.729632055371311594e+00 2.659978532302471610e+00
2.735921530153273107e+00 1.313966171714192832e+00
2.742211004935234619e+00 1.260358327905831910e+00
2.748500479717196132e+00 1.558998834881075712e+00
2.754789954499157645e+00 1.148651025053569086e+00
2.761079429281119157e+00 1.110805466593607349e+00
2.767368904063080670e+00 1.522139434689959270e+00
2.773658378845042183e+00 2.142260513673115430e+00
2.779947853627004140e+00 2.218944481757211484e+00
2.786237328408965652e+00 1.682621765794622970e+00
2.792526803190927165e+00 2.040425587966341769e+00
2.798816277972888678e+00 1.391628994328575342e+00
2.805105752754850190e+00 1.623257540669238885e+00
2.811395227536811703e+00 1.231598454215515615e+00
2.817684702318773216e+00 1.946965153621554645e+00
2.823974177100734728e+00 7.496013926024058804e-01
2.830263651882696241e+00 2.865104044680228390e-01
2.836553126664657754e+00 5.759928138427404809e-01
2.842842601446619266e+00 8.063946175781844250e-01
2.849132076228580779e+00 1.248133059767152497e+00
2.855421551010542291e+00 9.229293723748948075e-01
2.861711025792504248e+00 6.211434863657830929e-01
2.868000500574465761e+00 9.475514997366656367e-01
2.874289975356427274e+00 1.515883348212035298e+00
2.880579450138388786e+00 2.180998087224038651e-01
2.886868924920350299e+00 1.092478534367097076e+00
2.893158399702311812e+00 4.368793635692279631e-01
2.899447874484273324e+00 -2.702245981684907594e-01
2.905737349266234837e+00 7.561854744811847828e-01
2.912026824048196350e+00 2.659933391274749148e-02
2.918316298830157862e+00 6.104626942760131847e-01
2.924605773612119375e+00 -7.165549354069432608e-01
2.930895248394080888e+00 -8.220341129743387043e-01
2.937184723176042400e+00 -3.111164545434603745e-01
2.943474197958004357e+00 -3.764594022940352946e-01
2.949763672739965870e+00 3.434430255970941648e-01
2.956053147521927382e+00 -3.101152017680992579e-01
2.962342622303888895e+00 -9.018297854445536110e-01
2.968632097085850408e+00 3.982133292626137688e-01
2.974921571867811920e+00 3.652038620402997537e-01
2.981211046649773433e+00 -5.399107935373621547e-01
2.987500521431734946e+00 -8.286783245552762356e-01
2.993789996213696458e+00 -6.021074171999778457e-01
3.000079470995657971e+00 4.629096628330402474e-01
3.006368945777619484e+00 -4.371952740985007857e-02
3.012658420559580996e+00 5.423108309658086768e-01
3.018947895341542953e+00 -5.009022431264245068e-01
3.025237370123504466e+00 -1.075318259680688504e+00
3.031526844905465978e+00 -1.196020851123831052e+00
3.037816319687427491e+00 -5.405242302329571480e-02
3.044105794469389004e+00 -7.626565498962432077e-01
3.050395269251350516e+00 -5.384423084538483284e-01
3.056684744033312029e+00 -2.507115176603165185e-01
3.062974218815273542e+00 9.991946278817964711e-02
3.069263693597235054e+00 -8.600070636860996931e-01
3.075553168379196567e+00 7.500455066750832955e-02
3.081842643161158080e+00 -2.005255922613773389e-01
3.088132117943119592e+00 -1.211911023186547531e+00
3.094421592725081105e+00 -2.639594695177147621e-01
3.100711067507043062e+00 1.676246502956528772e-01
3.107000542289004574e+00 1.139930895249279263e-01
3.113290017070966087e+00 -1.247440715143881551e-01
3.119579491852927600e+00 -1.193354210546541561e+00
3.125868966634889112e+00 -8.557229579494682881e-01
3.132158441416850625e+00 -1.472446886075503114e+00
3.138447916198812138e+00 -9.229689029230772057e-01
3.144737390980773650e+00 -1.425065766080255258e+00
3.151026865762735163e+00 -6.038974769180049940e-01
3.157316340544696676e+00 -1.383705330378795395e+00
3.163605815326658188e+00 -1.287440020361358073e+00
3.169895290108619701e+00 -4.740001628581380633e-01
3.176184764890581214e+00 -2.691684834928680381e-01
3.182474239672543170e+00 -2.825535377984584873e-01
3.188763714454504683e+00 -1.577623875571549927e+00
3.195053189236466196e+00 -3.956911277446018005e-01
3.201342664018427708e+00 -9.209721300389013265e-01
3.207632138800389221e+00 -1.148111579869790289e+00
3.213921613582350734e+00 3.808048851953911296e-01
3.220211088364312246e+00 -8.646216445935381856e-01
3.226500563146273759e+00 -6.935381924994650227e-01
3.232790037928235272e+00 1.054208208917553069e-01
3.239079512710196784e+00 -6.588373342302098479e-01
3.245368987492158297e+00 -7.198602104204427921e-01
3.251658462274119810e+00 -5.557258140773202459e-01
3.257947937056081322e+00 4.489806357274279680e-01
3.264237411838043279e+00 2.287378330979545904e-01
3.270526886620004792e+00 2.642792576292958273e-01
3.276816361401966304e+00 -9.284331865199053624e-01
3.283105836183927817e+00 4.790287694372397098e-01
3.289395310965889330e+00 1.547532556428747874e-01
3.295684785747850842e+00 1.222256111007711255e-01
3.301974260529812355e+00 4.075076448640351234e-01
3.308263735311773868e+00 -6.530747173791766613e-01
3.314553210093735380e+00 7.886820414846900107e-01
3.320842684875696893e+00 7.480135634157936142e-01
3.327132159657658406e+00 -4.221216714448069451e-01
3.333421634439619918e+00 7.413699846129770954e-01
3.339711109221581431e+00 -4.483437196297864746e-01
3.346000584003543388e+00 -4.975231577838243879e-01
3.352290058785504900e+00 1.045573645147817032e-01
3.358579533567466413e+00 -5.863709847144975562e-01
3.364869008349427926e+00 4.019848809565771397e-01
3.371158483131389438e+00 6.807543553400666747e-01
3.377447957913350951e+00 3.275878342825595535e-01
3.383737432695312464e+00 7.374991036530499366e-01
3.390026907477273976e+00 6.206692043322736829e-02
3.396316382259235489e+00 1.735052307516679604e-01
3.402605857041197002e+00 -2.772993436007318291e-01
3.408895331823158514e+00 5.196044764694812690e-01
3.415184806605120027e+00 1.416932290936061545e+00
3.421474281387081540e+00 1.138463923078755435e+00
3.427763756169043496e+00 4.159407631047311593e-01
3.434053230951005009e+00 1.487745275840854919e-01
3.440342705732966522e+00 2.513195932694698986e-01
3.446632180514928034e+00 2.541190295593765969e-01
3.452921655296889547e+00 1.700885038718611630e+00
3.459211130078851060e+00 4.040753820460376566e-01
3.465500604860812572e+00 1.627188191244428817e+00
3.471790079642774085e+00 4.401767265353573877e-01
3.478079554424735598e+00 1.260674143014531845e+00
3.484369029206697110e+00 1.130095368180100479e+00
3.490658503988658623e+00 8.153666773602995521e-01
3.496947978770620136e+00 7.267200154406163737e-01
3.503237453552582092e+00 1.756139484808886930e+00
3.509526928334543605e+00 9.789748190916145454e-01
3.515816403116505118e+00 2.155827796064832658e+00
3.522105877898466630e+00 2.352301901482137136e+00
3.528395352680428143e+00 2.465225048614001935e+00
3.534684827462389656e+00 1.935267714871059308e+00
3.540974302244351168e+00 1.847713348581336401e+00
3.547263777026312681e+00 1.924047068275665850e+00
3.553553251808274194e+00 1.880512968763280224e+00
3.559842726590235706e+00 6.782252087116771300e-01
3.566132201372197219e+00 1.592622089415232089e+00
3.572421676154158732e+00 2.275778948865268880e+00
3.578711150936120244e+00 1.647452469145323617e+00
3.585000625718082201e+00 1.503067317443716799e+00
3.591290100500043714e+00 2.292864863215987370e+00
3.597579575282005226e+00 2.765366018090748668e+00
3.603869050063966739e+00 1.616279739723111453e+00
3.610158524845928252e+00 1.454773329617438105e+00
3.616447999627889764e+00 1.484167295884278870e+00
3.622737474409851277e+00 1.970359589025316271e+00
3.629026949191812790e+00 1.437704864214667255e+00
3.635316423973774302e+00 2.547669927590346273e+00
3.641605898755735815e+00 1.739176079703065980e+00
3.647895373537697328e+00 2.327015537431785130e+00
3.654184848319658840e+00 1.560452593099237451e+00
3.660474323101620353e+00 1.590980681937727015e+00
3.666763797883582310e+00 2.392608883339944370e+00
3.673053272665543822e+00 2.396452176216413044e+00
3.679342747447505335e+00 2.078275721573373591e+00
3.685632222229466848e+00 1.844855489624149358e+00
3.691921697011428360e+00 1.240648241538782948e+00
3.698211171793389873e+00 1.190732651882608684e+00
3.704500646575351386e+00 1.878672579006914312e+00
3.710790121357312898e+00 2.769174575162600682e+00
3.717079596139274411e+00 2.839393619042156036e+00
3.723369070921235924e+00 2.787783003969853901e+00
3.729658545703197436e+00 2.436512033753372108e+00
3.735948020485158949e+00 2.860432049237015661e+00
3.742237495267120462e+00 2.535800015396004525e+00
3.748526970049082419e+00 2.802635589903065494e+00
3.754816444831043931e+00 3.067090911192987157e+00
3.761105919613005444e+00 2.793388378545595963e+00
3.767395394394966956e+00 1.941901553631984356e+00
3.773684869176928469e+00 2.449839940833625995e+00
3.779974343958889982e+00 1.932221433609345507e+00
3.786263818740851494e+00 1.881564314141636052e+00
3.792553293522813007e+00 2.836251483663687178e+00
3.798842768304774520e+00 2.697422112713177889e+00
3.805132243086736032e+00 3.061649106709086077e+00
3.811421717868697545e+00 1.714156896038931954e+00
3.817711192650659058e+00 2.850805400381009491e+00
3.824000667432621015e+00 2.855102725475078262e+00
3.830290142214582527e+00 2.772519295728105959e+00
3.836579616996544040e+00 1.559903993977877379e+00
3.842869091778505553e+00 1.533654413817179707e+00
3.849158566560467065e+00 1.299732542261117896e+00
3.855448041342428578e+00 2.428180913043813227e+00
3.861737516124390091e+00 1.383596369061995013e+00
3.868026990906351603e+00 1.823311573591542611e+00
3.874316465688313116e+00 2.829571168795527392e+00
3.880605940470274628e+00 1.214662222129636593e+00
3.886895415252236141e+00 2.357077084556895574e+00
3.893184890034197654e+00 1.106279351465088823e+00
3.899474364816159166e+00 1.571081826607286125e+00
3.905763839598121123e+00 2.327881018410951519e+00
3.912053314380082636e+00 2.647170778652383039e+00
3.918342789162044149e+00 9.510883769753221140e-01
3.924632263944005661e+00 2.196493300666664261e+00
3.930921738725967174e+00 2.188148513989449206e+00
3.937211213507928687e+00 2.232667794756371116e+00
3.943500688289890199e+00 1.554918019091589221e+00
3.949790163071851712e+00 1.051928795386100290e+00
3.956079637853813225e+00 1.366044507909417449e+00
3.962369112635774737e+00 2.013186758608110694e+00
3.968658587417736250e+00 5.357019374622179475e-01
3.974948062199697763e+00 1.443854456560234034e+00
3.981237536981659275e+00 1.208276489960431244e+00
3.987527011763621232e+00 1.463349596781335027e+00
3.993816486545582745e+00 6.166843633271941183e-01
4.000105961327544257e+00 1.786362985884383026e+00
4.006395436109505326e+00 6.282055453415031909e-01
4.012684910891467283e+00 4.064384075162635890e-01
4.018974385673428351e+00 4.799134366558690523e-01
4.025263860455390308e+00 1.257263906107187079e+00
4.031553335237352265e+00 1.648706700013325754e+00
4.037842810019313333e+00 2.021240670144495155e+00
4.044132284801275290e+00 1.964114257494403715e+00
4.050421759583236359e+00 1.666519754978855294e+00
4.056711234365198315e+00 7.429959092169122759e-01
4.063000709147159384e+00 1.459529887530702341e+00
4.069290183929121341e+00 7.390935489772304523e-01
4.075579658711082409e+00 1.329800922853171086e+00
4.081869133493044366e+00 -3.399667926099403381e-02
4.088158608275005435e+00 5.468208907896154880e-01
4.094448083056967391e+00 3.799338567120633670e-01
4.100737557838928460e+00 1.454035139485193584e-01
4.107027032620890417e+00 2.684498501614189236e-01
4.113316507402852373e+00 1.115501939201022807e+00
4.119605982184813442e+00 1.133429012079168796e+00
4.125895456966775399e+00 5.158703188302502518e-01
4.132184931748736467e+00 1.327054567702521171e+00
4.138474406530698424e+00 4.768290323805160491e-01
4.144763881312659493e+00 2.680866042946593586e-01
4.151053356094621449e+00 3.651524909836533217e-01
4.157342830876582518e+00 4.058301778697765427e-01
4.163632305658544475e+00 1.174580136558593058e+00
4.169921780440505543e+00 9.002443075551564977e-01
4.176211255222467500e+00 5.440032926339548602e-01
4.182500730004428569e+00 1.100448828111630917e+00
4.188790204786390525e+00 -3.911602506898457232e-01
4.195079679568352482e+00 1.231713063120622786e+00
4.201369154350313551e+00 -4.063576588308814852e-02
4.207658629132275507e+00 1.232799086417339485e+00
4.213948103914236576e+00 1.474163696954621239e+00
4.220237578696198533e+00 1.051276698466150794e+00
4.226527053478159601e+00 -4.211511941973593576e-01
4.232816528260121558e+00 1.336959357758192191e+00
4.239106003042082627e+00 2.259030062799545213e-01
4.245395477824044583e+00 9.193735593192586819e-01
4.251684952606005652e+00 6.106398369884973309e-01
4.257974427387967609e+00 1.006084225054200365e+00
4.264263902169928677e+00 -4.520485439209491751e-01
4.270553376951890634e+00 4.754407112931986479e-01
4.276842851733852591e+00 -1.075848862298839359e-01
4.283132326515813659e+00 -2.267918193281048822e-01
4.289421801297775616e+00 6.346694034632096582e-01
4.295711276079736685e+00 5.002571286435142373e-01
4.302000750861698641e+00 2.335903766723859132e-01
4.308290225643659710e+00 4.560822838369988919e-01
4.314579700425621667e+00 -1.332116034405558258e-01
4.320869175207582735e+00 1.334101909822387189e+00
4.327158649989544692e+00 -5.274237251141163929e-01
4.333448124771505761e+00 4.843576373597719975e-01
4.339737599553467717e+00 2.803464542857769803e-02
4.346027074335428786e+00 1.046260073723741968e+00
4.352316549117390743e+00 -2.566091045535403570e-01
4.358606023899352699e+00 2.887981402418194898e-01
4.364895498681313768e+00 9.055435919007542855e-01
4.371184973463275725e+00 6.073718445446798508e-01
4.377474448245236793e+00 3.116190439798828260e-01
4.383763923027198750e+00 -5.116635696981508552e-02
4.390053397809159819e+00 -3.223446787143890990e-02
4.396342872591121775e+00 1.357320360118856151e+00
4.402632347373082844e+00 2.587531322749361262e-01
4.408921822155044801e+00 -4.395816082466341701e-01
4.415211296937005869e+00 1.182646427422965996e+00
4.421500771718967826e+00 7.132504639494409160e-01
4.427790246500929783e+00 -1.217011028266090644e-01
4.434079721282890851e+00 1.112201891846932078e+00
4.440369196064852808e+00 9.531832400336819333e-01
4.446658670846813877e+00 1.025780999733534316e-01
4.452948145628775833e+00 6.443098615337774504e-01
4.459237620410736902e+00 1.297311614706196048e+00
4.465527095192698859e+00 1.109251354334709561e+00
4.471816569974659927e+00 3.898966046157384957e-01
4.478106044756621884e+00 3.392636956897798761e-02
4.484395519538582953e+00 7.876142216686252695e-01
4.490684994320544909e+00 6.878386430533467433e-01
4.496974469102505978e+00 8.793814845053233853e-01
4.503263943884467935e+00 1.086226610204178433e+00
4.509553418666429891e+00 8.452061192833342229e-01
4.515842893448390960e+00 1.325551145614891180e+00
4.522132368230352917e+00 -1.253835998441060751e-02
4.528421843012313985e+00 1.151613376652623311e+00
4.534711317794275942e+00 7.532068900127307787e-01
4.541000792576237011e+00 4.335277040781596591e-01
4.547290267358198967e+00 6.664672144101817519e-01
4.553579742140160036e+00 4.551852839635167625e-02
4.559869216922121993e+00 1.361652383472125027e+00
4.566158691704083061e+00 1.530844966528205120e+00
4.572448166486045018e+00 -1.692397064563355702e-01
4.578737641268006087e+00 6.713505513937211289e-01
4.585027116049968043e+00 -1.850077397779769095e-01
4.591316590831930000e+00 5.457863897635879535e-01
4.597606065613891069e+00 -2.809269797486589892e-01
4.603895540395853025e+00 2.430939438790630236e-01
4.610185015177814094e+00 7.846762562299598454e-01
4.616474489959776051e+00 1.285298899706591058e+00
4.622763964741737119e+00 6.934104396797813319e-01
4.629053439523699076e+00 3.246419589978861708e-01
4.635342914305660145e+00 8.791179598545306728e-02
4.641632389087622101e+00 8.463018356726771385e-01
4.647921863869583170e+00 7.887019660479107630e-01
4.654211338651545127e+00 -2.307645929031920673e-02
4.660500813433506195e+00 1.597175953549164751e+00
4.666790288215468152e+00 1.364105972760263130e+00
4.673079762997430109e+00 1.618535008444089485e+00
4.679369237779391177e+00 1.578034156767639695e+00
4.685658712561353134e+00 1.141461247834141268e+00
4.691948187343314203e+00 -2.447949780465399627e-01
4.698237662125276159e+00 7.968203418503502222e-01
4.704527136907237228e+00 8.964193579250452348e-01
4.710816611689199185e+00 3.050951923490100581e-01
4.717106086471160253e+00 6.557864915094684388e-01
4.723395561253122210e+00 4.355155676427078792e-01
4.729685036035083279e+00 1.291556563663045276e+00
4.735974510817045235e+00 -1.842464035800036593e-01
4.742263985599006304e+00 1.653010650719642038e+00
4.748553460380968261e+00 4.728091370359429058e-01
4.754842935162930218e+00 5.780021549031764128e-01
4.761132409944891286e+00 9.427441614920866186e-01
4.767421884726853243e+00 1.664240700376514059e+00
4.773711359508814311e+00 1.589092317930563270e-01
4.780000834290776268e+00 1.352509759583252924e+00
4.786290309072737337e+00 8.257372923735748493e-01
4.792579783854699293e+00 2.553171850375654528e-01
4.798869258636660362e+00 1.210208276407181538e+00
4.805158733418622319e+00 1.402449569170392429e+00
4.811448208200583387e+00 1.201859976715806022e+00
4.817737682982545344e+00 1.513932558965387587e+00
4.824027157764506413e+00 6.334862134095720076e-01
4.830316632546468369e+00 1.386979479634185553e-01
4.836606107328430326e+00 1.051576243466029847e+00
4.842895582110391395e+00 1.000654027812269309e+00
4.849185056892353352e+00 -1.866292018760967730e-01
4.855474531674314420e+00 6.844815018988438249e-01
4.861764006456276377e+00 8.130884642642357552e-01
4.868053481238237445e+00 1.419758302165310626e+00
4.874342956020199402e+00 1.017449670170420539e+00
4.880632430802160471e+00 8.043701350876764078e-01
4.886921905584122428e+00 -3.929273102488856084e-01
4.893211380366083496e+00 -2.431215556031425251e-01
4.899500855148045453e+00 1.471425121159864791e+00
4.905790329930006521e+00 -1.736458810321842572e-01
4.912079804711968478e+00 -1.709604603874599338e-01
4.918369279493930435e+00 2.333734442181707447e-01
4.924658754275891503e+00 1.158397383142853343e+00
4.930948229057853460e+00 -3.997842963939952643e-01
4.937237703839814529e+00 3.573392112702904466e-01
4.943527178621776486e+00 7.576072137527556372e-02
4.949816653403737554e+00 1.117163459915315737e+00
4.956106128185699511e+00 9.782570760819824240e-01
4.962395602967660579e+00 -5.125691621343559934e-01
4.968685077749622536e+00 4.250019094022449151e-01
4.974974552531583605e+00 9.094211051586076344e-01
4.981264027313545562e+00 -6.228894214971338883e-01
4.987553502095506630e+00 7.735832480622032437e-01
4.993842976877468587e+00 1.035707397236051541e+00
5.000132451659430544e+00 6.237351136780988625e-02
5.006421926441391612e+00 7.824956240478049274e-01
5.012711401223353569e+00 -2.561744202783095004e-01
5.019000876005314637e+00 2.935776793110411731e-01
5.025290350787276594e+00 2.733987177687349224e-01
5.031579825569237663e+00 1.202518201082718674e+00
5.037869300351199620e+00 8.487535172927707094e-01
5.044158775133160688e+00 -5.570724118927216084e-01
5.050448249915122645e+00 8.378122721226486380e-01
5.056737724697083713e+00 -1.137290620716501222e-01
5.063027199479045670e+00 -3.298752873845323119e-01
5.069316674261006739e+00 8.942470831147810717e-01
5.075606149042968696e+00 3.471387414526321269e-01
5.081895623824930652e+00 -6.305125760046657035e-01
5.088185098606891721e+00 -2.080950504980153548e-01
5.094474573388853678e+00 2.426728929186305894e-02
5.100764048170814746e+00 1.320690941560354048e-01
5.107053522952776703e+00 1.395454973592600290e-01
5.113342997734737772e+00 -3.654338485493102695e-02
5.119632472516699728e+00 4.201997653397677723e-01
5.125921947298660797e+00 2.508748692563643745e-01
5.132211422080622754e+00 6.571609797322406354e-01
5.138500896862583822e+00 2.048076883088825184e-01
5.144790371644545779e+00 -8.039107763940757101e-01
5.151079846426506847e+00 -4.816365362250962789e-01
5.157369321208468804e+00 2.465439790215340210e-01
5.163658795990430761e+00 -4.536201445525991360e-01
5.169948270772391830e+00 -6.048041392916262415e-01
5.176237745554353786e+00 5.807981724494960529e-01
5.182527220336314855e+00 9.494601309369312681e-01
5.188816695118276812e+00 5.659845164378674021e-03
5.195106169900237880e+00 7.202675223791178416e-01
5.201395644682199837e+00 -7.585003564221153294e-01
5.207685119464160906e+00 5.945546605564492326e-01
5.213974594246122862e+00 9.274970967684068590e-01
5.220264069028083931e+00 5.638162872002405734e-01
5.226553543810045888e+00 2.732419829235372966e-01
5.232843018592006956e+00 1.197348527579196187e-01
5.239132493373968913e+00 4.587555968926286809e-01
5.245421968155930870e+00 6.828485286063257220e-01
5.251711442937891938e+00 -4.014026954486888954e-01
5.258000917719853895e+00 3.987497029772084645e-01
5.264290392501814964e+00 1.262722966635770216e+00
5.270579867283776920e+00 4.746508380898948332e-01
5.276869342065737989e+00 6.842805833926377534e-01
5.283158816847699946e+00 -5.800992812890272132e-01
5.289448291629661014e+00 2.831687711199835089e-01
5.295737766411622971e+00 3.998710259781186327e-01
5.302027241193584040e+00 1.023476950543277475e+00
5.308316715975545996e+00 -1.302543270063749592e-02
5.314606190757507953e+00 1.765232915675464809e-01
5.320895665539469022e+00 1.198193397531698956e+00
5.327185140321430978e+00 1.490577082754095173e+00
5.333474615103392047e+00 9.250925828017004804e-01
5.339764089885354004e+00 1.405094475029515788e+00
5.346053564667315072e+00 7.523394054990899527e-01
5.352343039449277029e+00 1.020707632531252962e+00
5.358632514231238098e+00 5.431915103290222424e-01
5.364921989013200054e+00 1.204316570565392985e-01
5.371211463795161123e+00 2.443319513198094484e-02
5.377500938577123080e+00 8.235417543136537288e-01
5.383790413359084148e+00 2.433737896675369772e-01
5.390079888141046105e+00 4.263389273538525925e-02
5.396369362923008062e+00 1.296774372297664790e+00
5.402658837704969130e+00 8.457078667019539697e-01
5.408948312486931087e+00 1.285109089916209868e-01
5.415237787268892156e+00 5.572215899333127220e-02
5.421527262050854112e+00 1.438601356697512434e+00
5.427816736832815181e+00 1.010250626771436622e+00
5.434106211614777138e+00 1.268091048455644465e+00
5.440395686396738206e+00 1.802433431557836085e+00
5.446685161178700163e+00 3.768851232678778751e-01
5.452974635960661232e+00 1.015845897384936025e+00
5.459264110742623188e+00 1.524461535364452835e+00
5.465553585524584257e+00 9.284347212045163111e-01
5.471843060306546214e+00 3.235046460752840081e-01
5.478132535088508170e+00 1.625208212458348234e+00
5.484422009870469239e+00 9.404089888645190687e-01
5.490711484652431196e+00 1.731327299026562461e+00
5.497000959434392264e+00 2.025942664766700485e+00
5.503290434216354221e+00 3.466375320171145025e-01
5.509579908998315290e+00 4.937113914214769084e-01
5.515869383780277246e+00 1.010223165920903998e+00
5.522158858562238315e+00 8.666755491473898676e-01
5.528448333344200272e+00 1.191860496679517434e+00
5.534737808126161340e+00 7.765372632585613166e-01
5.541027282908123297e+00 5.322843972226483089e-01
5.547316757690084366e+00 2.016576290627805523e+00
5.553606232472046322e+00 1.087003299390751021e+00
5.559895707254008279e+00 1.180251209517392041e+00
5.566185182035969348e+00 1.801712533487893175e+00
5.572474656817931304e+00 1.571316358896752252e+00
5.578764131599892373e+00 1.023973359010259099e+00
5.585053606381854330e+00 1.326539731202901695e+00
5.591343081163815398e+00 1.307320215093070281e+00
5.597632555945777355e+00 1.396574193879910553e+00
5.603922030727738424e+00 1.283436756095766240e+00
5.610211505509700380e+00 2.191123727268893262e+00
5.616500980291661449e+00 2.344400211519193533e+00
5.622790455073623406e+00 1.480053192170167176e+00
5.629079929855584474e+00 1.554630685551575020e+00
5.635369404637546431e+00 1.870050567494834448e+00
5.641658879419508388e+00 1.678643820075886639e+00
5.647948354201469456e+00 2.397548264644358440e+00
5.654237828983431413e+00 2.465638362602592615e+00
5.660527303765392482e+00 2.257185092658566816e+00
5.666816778547354438e+00 8.351874522527744649e-01
5.673106253329315507e+00 2.291737454285106779e+00
5.679395728111277464e+00 2.542175519140961182e+00
5.685685202893238532e+00 1.984181877845649700e+00
5.691974677675200489e+00 1.500253309676171654e+00
5.698264152457161558e+00 2.093656329451918818e+00
5.704553627239123514e+00 1.885265663715726570e+00
5.710843102021084583e+00 2.405839968126333606e+00
5.717132576803046540e+00 2.011049185625606306e+00
5.723422051585008496e+00 9.561000571260653835e-01
5.729711526366969565e+00 1.371113987181915794e+00
5.736001001148931522e+00 8.326028951492822072e-01
5.742290475930892590e+00 1.508124438218832575e+00
5.748579950712854547e+00 2.595437409558670083e+00
5.754869425494815616e+00 1.934166659903346019e+00
5.761158900276777572e+00 2.618207169516597155e+00
5.767448375058738641e+00 2.318998228164416808e+00
5.773737849840700598e+00 8.542735309731878113e-01
5.780027324622661666e+00 1.572143578324669999e+00
5.786316799404623623e+00 6.663877652010006258e-01
5.792606274186584692e+00 5.741693112192414183e-01
5.798895748968546648e+00 1.612086131586181192e+00
5.805185223750508605e+00 1.799174806709584518e+00
5.811474698532469674e+00 6.066230180346789957e-01
5.817764173314431631e+00 2.390233852044930885e+00
5.824053648096392699e+00 1.863539523456983149e+00
5.830343122878354656e+00 1.023881475879435232e+00
5.836632597660315724e+00 1.315668715717528414e+00
5.842922072442277681e+00 1.733876165000827418e+00
5.849211547224238750e+00 8.949891054768787102e-01
5.855501022006200706e+00 7.286666629421598707e-01
5.861790496788161775e+00 9.333628862107958835e-01
5.868079971570123732e+00 1.440074154011326879e+00
5.874369446352084800e+00 5.747678771312847434e-01
5.880658921134046757e+00 4.182612431681069221e-01
5.886948395916008714e+00 2.854920643421085535e-01
5.893237870697969782e+00 3.731069612397870383e-01
5.899527345479931739e+00 1.041020867324046417e+00
5.905816820261892808e+00 6.423997969732213598e-01
5.912106295043854765e+00 1.788529989146796062e+00
5.918395769825815833e+00 5.042932611107131535e-02
5.924685244607777790e+00 1.412724934911031127e+00
5.930974719389738858e+00 7.187314652418259620e-01
5.937264194171700815e+00 6.272448284095798465e-01
5.943553668953661884e+00 4.431720330342633352e-01
5.949843143735623840e+00 9.497316966098032776e-01
5.956132618517584909e+00 2.883904263124308920e-01
5.962422093299546866e+00 2.270036157777416408e-02
5.968711568081508823e+00 7.049334636408381982e-01
5.975001042863469891e+00 2.417432875267597758e-01
5.981290517645431848e+00 -4.148426202469224222e-02
5.987579992427392916e+00 3.004461313631077157e-01
5.993869467209354873e+00 1.218659872410351008e+00
6.000158941991315942e+00 8.162784434995657978e-01
6.006448416773277899e+00 1.177241195756536740e+00
6.012737891555238967e+00 1.119199007763334697e+00
6.019027366337200924e+00 -1.085862760955507156e-01
6.025316841119161992e+00 4.644914653794076642e-01
6.031606315901123949e+00 -3.344024694774490047e-01
6.037895790683085906e+00 4.051634219372308721e-01
6.044185265465046974e+00 -6.823169534561723815e-01
6.050474740247008931e+00 6.489999955883842819e-01
6.056764215028970000e+00 7.089053312404927087e-01
6.063053689810931957e+00 -7.386901452724008443e-01
6.069343164592893025e+00 1.993243885596882592e-01
6.075632639374854982e+00 -1.278392569203332441e+00
6.081922114156816050e+00 -6.700315963234795280e-01
6.088211588938778007e+00 -7.922102090136806662e-01
6.094501063720739076e+00 -1.115099872763769540e+00
6.100790538502701033e+00 -1.184977070702710744e-01
6.107080013284662101e+00 -1.066751393624369992e-01
6.113369488066624058e+00 -1.069484332235514312e+00
6.119658962848586015e+00 -6.394314698365339833e-01
6.125948437630547083e+00 1.034654358548368069e-01
6.132237912412509040e+00 -1.586540732840460155e+00
6.138527387194470109e+00 -7.133511791690565484e-01
6.144816861976432065e+00 -1.321750320218172847e+00
6.151106336758393134e+00 -5.144313874695733979e-01
6.157395811540355091e+00 -7.658867469121430904e-01
6.163685286322316159e+00 -1.086334245382441388e+00
6.169974761104278116e+00 -1.440335007953752688e+00
6.176264235886239184e+00 -6.278382990458046820e-01
6.182553710668201141e+00 -2.374021696862853581e-01
6.188843185450162210e+00 -1.938826821100382514e+00
6.195132660232124167e+00 -1.670112521160300512e+00
6.201422135014086123e+00 -1.530575902725491932e+00
6.207711609796047192e+00 -1.070473038062690785e+00
6.214001084578009149e+00 -2.722270928480168273e-01
6.220290559359970217e+00 -1.523924841331570246e+00
6.226580034141932174e+00 -2.233364172826222127e-01
6.232869508923893243e+00 -1.006055831000607359e+00
6.239158983705855199e+00 -3.147216325598694020e-01
6.245448458487816268e+00 -1.130682516898556145e+00
6.251737933269778225e+00 -6.888759033889606531e-01
6.258027408051739293e+00 -1.677580343517567130e+00
6.264316882833701250e+00 -3.488885204356062530e-01
6.270606357615662318e+00 -2.136530344853634578e+00
6.276895832397624275e+00 -1.677385255564366018e+00
6.283185307179586232e+00 -8.668511504418845437e-01
