0.000000000000000000e+00 1.661510697295787153e-02
6.289474781961547356e-03 -1.261765732478910551e-01
1.257894956392309471e-02 -2.948419899090846119e-01
1.886842434588464207e-02 -6.972237709704065534e-02
2.515789912784618942e-02 1.407381476021654310e+00
3.144737390980773678e-02 7.709195552794532169e-01
3.773684869176928414e-02 -2.662938928604776656e-01
4.402632347373083149e-02 -3.642837633170532552e-01
5.031579825569237885e-02 1.711170030283648558e-03
5.660527303765392620e-02 1.569705893616917702e+00
6.289474781961547356e-02 2.382346357854066010e-01
6.918422260157702786e-02 7.229877720405091246e-01
7.547369738353856827e-02 -2.929347054530752614e-01
8.176317216550010869e-02 1.200381461431279106e+00
8.805264694746166299e-02 -2.728413951589011011e-01
9.434212172942321728e-02 3.311000999043811621e-01
1.006315965113847577e-01 5.808181262711469284e-01
1.069210712933462981e-01 -2.202193242180000565e-01
1.132105460753078524e-01 -3.119134144565686162e-01
1.195000208572694067e-01 9.821859749108108328e-01
1.257894956392309471e-01 1.144884614096523867e+00
1.320789704211924875e-01 1.165145550136166275e+00
1.383684452031540557e-01 7.386648899215881858e-01
1.446579199851155961e-01 -1.271204885284826780e-01
1.509473947670771365e-01 1.391068878502900730e-01
1.572368695490386770e-01 -1.913761521171746249e-01
1.635263443310002174e-01 4.670451948694606115e-01
1.698158191129617856e-01 1.627708662973440745e+00
1.761052938949233260e-01 1.260714731368073105e+00
1.823947686768848664e-01 4.104687037700793795e-01
1.886842434588464346e-01 1.133921109320635168e+00
1.949737182408079750e-01 5.266911479670892682e-01
2.012631930227695154e-01 2.820009254105138585e-01
2.075526678047310558e-01 3.867601597496369559e-01
2.138421425866925962e-01 9.868595133878943493e-01
2.201316173686541644e-01 5.865312231470083404e-01
2.264210921506157048e-01 1.530551474245488652e+00
2.327105669325772452e-01 1.482759543736548169e+00
2.390000417145388134e-01 3.413356311604818227e-01
2.452895164965003538e-01 6.525889012064853834e-01
2.515789912784618942e-01 4.754681373562119617e-01
2.578684660604234624e-01 1.280951188106768335e+00
2.641579408423849751e-01 -1.765359196179999701e-01
2.704474156243465433e-01 8.775910223772438457e-01
2.767368904063081114e-01 1.395786033890111799e+00
2.830263651882696241e-01 -2.464454986011056503e-01
2.893158399702311923e-01 -1.961700487942765192e-01
2.956053147521927049e-01 -4.175073628156241723e-01
3.018947895341542731e-01 6.420057926432571893e-01
3.081842643161158413e-01 8.722164283715638788e-03
3.144737390980773539e-01 7.809610793043917365e-01
3.207632138800389221e-01 8.278941112118213264e-01
3.270526886620004348e-01 -2.465769817685465881e-01
3.333421634439620029e-01 1.588536776571497500e-01
3.396316382259235711e-01 5.767445450782944238e-01
3.459211130078850838e-01 5.744437152353207843e-01
3.522105877898466519e-01 2.868342094117892760e-01
3.585000625718082201e-01 -1.976120348184339237e-01
3.647895373537697328e-01 6.585459202535710599e-01
3.710790121357313009e-01 1.888779022390654205e-01
3.773684869176928691e-01 2.993317122558749599e-01
3.836579616996543818e-01 1.244452919328817853e+00
3.899474364816159500e-01 -5.892348441851029683e-01
3.962369112635774626e-01 -2.806199602218903966e-01
4.025263860455390308e-01 5.556596587234073903e-01
4.088158608275005990e-01 -5.484367333073224549e-01
4.151053356094621116e-01 7.116926094360038757e-01
4.213948103914236798e-01 8.631555443588248000e-01
4.276842851733851925e-01 -2.049516778987080512e-01
4.339737599553467606e-01 3.217003393178325954e-01
4.402632347373083288e-01 -2.335787275654883643e-01
4.465527095192698415e-01 6.006289396322419538e-01
4.528421843012314096e-01 8.467321882820866286e-02
4.591316590831929778e-01 1.737532328441204754e-01
4.654211338651544905e-01 -3.649421097294600624e-01
4.717106086471160586e-01 -9.294390412172448546e-02
4.780000834290776268e-01 4.341680019676774638e-01
4.842895582110391395e-01 -1.895304708874456789e-02
4.905790329930007077e-01 1.007727061559032800e+00
4.968685077749622203e-01 6.803509729853600696e-01
5.031579825569237885e-01 -5.480762105137850781e-01
5.094474573388853011e-01 1.332878294106620842e-02
5.157369321208469248e-01 -5.427949255557493746e-01
5.220264069028084375e-01 -3.959337175943307141e-01
5.283158816847699502e-01 3.166706120930284918e-01
5.346053564667315738e-01 -9.567241391162597530e-01
5.408948312486930865e-01 8.038016594529435732e-01
5.471843060306545992e-01 3.348323010948093259e-01
5.534737808126162228e-01 2.691474874753887470e-01
5.597632555945777355e-01 -6.998624517553067026e-01
5.660527303765392482e-01 -1.152028144167872359e+00
5.723422051585007608e-01 7.300631407452846666e-01
5.786316799404623845e-01 -7.745857495028658501e-01
5.849211547224238972e-01 3.817142852593955471e-01
5.912106295043854098e-01 -1.137159095173626788e+00
5.975001042863470335e-01 -6.554793832938690112e-01
6.037895790683085462e-01 5.998713394888426365e-01
6.100790538502700588e-01 1.465120541965145851e-01
6.163685286322316825e-01 -3.719377215363366407e-01
6.226580034141931952e-01 4.611967911061056746e-01
6.289474781961547079e-01 -5.640588274546640690e-01
6.352369529781163315e-01 4.551730881601574463e-01
6.415264277600778442e-01 3.337030374357912166e-01
6.478159025420393569e-01 -3.774600822006186629e-01
6.541053773240008695e-01 -1.083012836648868493e+00
6.603948521059624932e-01 -1.234039425000934331e+00
6.666843268879240059e-01 1.644010150861536790e-01
6.729738016698855185e-01 -9.284391008332706363e-01
6.792632764518471422e-01 -8.033745282928128617e-02
6.855527512338086549e-01 -8.981261458217213445e-01
6.918422260157701675e-01 6.437735316762420723e-01
6.981317007977317912e-01 -1.568258113656486596e-01
7.044211755796933039e-01 -1.265159750825470830e-01
7.107106503616548165e-01 -6.348444052537784987e-01
7.170001251436164402e-01 -4.713240898226562781e-01
7.232895999255779529e-01 2.795489032352636016e-01
7.295790747075394655e-01 -9.323177013816474901e-01
7.358685494895010892e-01 1.704941974694615947e-01
7.421580242714626019e-01 5.892417557846330034e-02
7.484474990534241146e-01 3.539720452215338042e-01
7.547369738353857382e-01 -1.810955659863677791e-01
7.610264486173472509e-01 4.279081606149590655e-01
7.673159233993087636e-01 2.455170910905442039e-01
7.736053981812702762e-01 -7.792736781543463387e-02
7.798948729632318999e-01 -4.088996105671194314e-02
7.861843477451934126e-01 8.672466755942014327e-01
7.924738225271549252e-01 2.119622313452766971e-01
7.987632973091165489e-01 -1.013626772535083820e+00
8.050527720910780616e-01 -1.859067918598984459e-01
8.113422468730395742e-01 6.104097694285908204e-01
8.176317216550011979e-01 2.635268795761080973e-02
8.239211964369627106e-01 -3.667656141665598390e-02
8.302106712189242232e-01 6.830625203702789250e-02
8.365001460008858469e-01 1.005116017688805208e+00
8.427896207828473596e-01 -2.521503097019189843e-01
8.490790955648088723e-01 3.092232203000726543e-01
8.553685703467703849e-01 -4.660037669267387272e-01
8.616580451287320086e-01 5.702543465417830859e-02
8.679475199106935213e-01 6.676838337605681684e-01
8.742369946926550339e-01 5.035488080649574982e-03
8.805264694746166576e-01 2.510485537218190011e-01
8.868159442565781703e-01 3.158288671458537866e-01
8.931054190385396829e-01 9.231187511960612380e-01
8.993948938205013066e-01 1.057741155477942563e+00
9.056843686024628193e-01 -5.402813982291987394e-02
9.119738433844243319e-01 4.201998664227872826e-01
9.182633181663859556e-01 2.978788956682987266e-01
9.245527929483474683e-01 9.250533653605086393e-02
9.308422677303089809e-01 1.226195284226908599e-01
9.371317425122706046e-01 7.784109957541534008e-01
9.434212172942321173e-01 -3.272305608299428403e-01
9.497106920761936300e-01 -2.705141095177818200e-01
9.560001668581552536e-01 9.393752041007232823e-01
9.622896416401167663e-01 1.199626740676974501e+00
9.685791164220782790e-01 1.583106105833994581e+00
9.748685912040397916e-01 4.890502511895647997e-01
9.811580659860014153e-01 1.397598475518496697e+00
9.874475407679629280e-01 9.767999294217273309e-01
9.937370155499244406e-01 2.645744692125353570e-01
1.000026490331886064e+00 1.684431533717685836e+00
1.006315965113847577e+00 1.879974028258596164e+00
1.012605439895809090e+00 2.772775339412628104e-01
1.018894914677770602e+00 1.102310384186044434e+00
1.025184389459732115e+00 6.774048524773226276e-01
1.031473864241693850e+00 8.863394953348615601e-01
1.037763339023655362e+00 1.865938570025159393e+00
1.044052813805616875e+00 4.208712746584797881e-01
1.050342288587578388e+00 1.894569994595418860e+00
1.056631763369539900e+00 1.958805594977710562e+00
1.062921238151501413e+00 1.626621153699334021e+00
1.069210712933463148e+00 7.263422044219933760e-01
1.075500187715424660e+00 2.267953674151015342e+00
1.081789662497386173e+00 6.753498252235767829e-01
1.088079137279347686e+00 1.672858554907825646e+00
1.094368612061309198e+00 5.730895299931650921e-01
1.100658086843270711e+00 1.611410784170974608e+00
1.106947561625232446e+00 1.988204306563476242e+00
1.113237036407193958e+00 1.333522748535358016e+00
1.119526511189155471e+00 2.055778913673498298e+00
1.125815985971116984e+00 1.716082299169942260e+00
1.132105460753078496e+00 2.160776598616206190e+00
1.138394935535040009e+00 2.458669507643292285e+00
1.144684410317001522e+00 1.484521616143184675e+00
1.150973885098963256e+00 1.114882912094595557e+00
1.157263359880924769e+00 1.546177294513616296e+00
1.163552834662886282e+00 2.406892785953998359e+00
1.169842309444847794e+00 1.784715628304674784e+00
1.176131784226809307e+00 2.783767034166777510e+00
1.182421259008770820e+00 2.081427399819866686e+00
1.188710733790732554e+00 1.428856872049147242e+00
1.195000208572694067e+00 2.038389987873229003e+00
1.201289683354655580e+00 1.236725952254828176e+00
1.207579158136617092e+00 1.956973934930145154e+00
1.213868632918578605e+00 3.024714269612331474e+00
1.220158107700540118e+00 2.352712095680013160e+00
1.226447582482501630e+00 2.001331850644579191e+00
1.232737057264463365e+00 1.715121778779263639e+00
1.239026532046424878e+00 2.777956067403923868e+00
1.245316006828386390e+00 2.946765003197873156e+00
1.251605481610347903e+00 1.385176003212421181e+00
1.257894956392309416e+00 1.869420108369083566e+00
1.264184431174270928e+00 2.076214906343789135e+00
1.270473905956232663e+00 3.074646757715427725e+00
1.276763380738194176e+00 2.432788075277149353e+00
1.283052855520155688e+00 1.600979414621626962e+00
1.289342330302117201e+00 1.641763774502825957e+00
1.295631805084078714e+00 2.893011649132699148e+00
1.301921279866040226e+00 2.865590905536972155e+00
1.308210754648001739e+00 1.430575479604978995e+00
1.314500229429963474e+00 1.690156424293958182e+00
1.320789704211924986e+00 1.503110458372388214e+00
1.327079178993886499e+00 1.997354606371995356e+00
1.333368653775848012e+00 2.330727543385847866e+00
1.339658128557809524e+00 3.063351614995278638e+00
1.345947603339771037e+00 1.481739228663278674e+00
1.352237078121732772e+00 1.634810396565198110e+00
1.358526552903694284e+00 1.252472633976690730e+00
1.364816027685655797e+00 1.191495904472952727e+00
1.371105502467617310e+00 1.306030758736481223e+00
1.377394977249578822e+00 2.832187679790654666e+00
1.383684452031540335e+00 1.188559422372096330e+00
1.389973926813502070e+00 1.311784964356861760e+00
1.396263401595463582e+00 2.338988415732493831e+00
1.402552876377425095e+00 9.331317546359008119e-01
1.408842351159386608e+00 2.110862110450102858e+00
1.415131825941348120e+00 1.487056082933870593e+00
1.421421300723309633e+00 1.912550822742693279e+00
1.427710775505271146e+00 2.076250743222967987e+00
1.434000250287232880e+00 1.023404858179133736e+00
1.440289725069194393e+00 2.087270483485053951e+00
1.446579199851155906e+00 2.564224429065130373e+00
1.452868674633117418e+00 1.951755221865444145e+00
1.459158149415078931e+00 1.870949489216779060e+00
1.465447624197040444e+00 2.040309689721214959e+00
1.471737098979002178e+00 1.880283479005473435e+00
1.478026573760963691e+00 1.071836174815717690e+00
1.484316048542925204e+00 1.233908957439612930e+00
1.490605523324886716e+00 1.984795807717981031e+00
1.496894998106848229e+00 2.323596364637179335e+00
1.503184472888809742e+00 8.559430414069739701e-01
1.509473947670771476e+00 2.217588738973867990e+00
1.515763422452732989e+00 7.705685928048148225e-01
1.522052897234694502e+00 1.483551943757707714e-01
1.528342372016656014e+00 7.302952939070790350e-01
1.534631846798617527e+00 3.303882363741078576e-01
1.540921321580579040e+00 5.889440527132310255e-01
1.547210796362540552e+00 1.031439383414813671e+00
1.553500271144502287e+00 2.186172550031876827e-01
1.559789745926463800e+00 1.677134432917664952e+00
1.566079220708425312e+00 1.047974125861780292e+00
1.572368695490386825e+00 -1.543446877165328135e-01
1.578658170272348338e+00 -3.552464648621367349e-02
1.584947645054309850e+00 5.603068601433450757e-01
1.591237119836271585e+00 1.002783076178970778e-01
1.597526594618233098e+00 8.485087137477096420e-01
1.603816069400194610e+00 6.164857850336502576e-01
1.610105544182156123e+00 5.954373093832685537e-01
1.616395018964117636e+00 -3.965724036592286339e-01
1.622684493746079148e+00 -6.051303804962742117e-01
1.628973968528040661e+00 -4.586744866818037725e-02
1.635263443310002396e+00 -2.505660364663215844e-01
1.641552918091963909e+00 -6.247842426605509925e-02
1.647842392873925421e+00 -6.854958165632432099e-01
1.654131867655886934e+00 7.726094797415508086e-01
1.660421342437848446e+00 -9.252066702201295900e-01
1.666710817219809959e+00 2.077365622876103934e-01
1.673000292001771694e+00 6.857859160812194155e-01
1.679289766783733207e+00 -1.024337136511332069e+00
1.685579241565694719e+00 -2.761198086933045470e-01
1.691868716347656232e+00 -1.275637068194719337e-01
1.698158191129617745e+00 6.145335731655676703e-02
1.704447665911579257e+00 -7.653738025906775544e-01
1.710737140693540770e+00 -3.750659232395574527e-01
1.717026615475502505e+00 -1.279737589770431949e+00
1.723316090257464017e+00 -4.246425839908491984e-01
1.729605565039425530e+00 -3.675857160918774014e-01
1.735895039821387043e+00 -1.351130279362143582e+00
1.742184514603348555e+00 -1.226749861616574622e+00
1.748473989385310068e+00 2.451431352147370735e-01
1.754763464167271803e+00 -1.542933188788160326e+00
1.761052938949233315e+00 -2.634336077025785094e-01
1.767342413731194828e+00 1.948267582880474080e-01
1.773631888513156341e+00 -3.230096993575521935e-01
1.779921363295117853e+00 -1.536039293172362097e-01
1.786210838077079366e+00 9.747751860527054113e-02
1.792500312859041101e+00 4.043967558635230830e-03
1.798789787641002613e+00 -6.436567709797615944e-01
1.805079262422964126e+00 -1.314759617568349803e+00
1.811368737204925639e+00 -1.887761475406944944e+00
1.817658211986887151e+00 -1.424793111565453518e+00
1.823947686768848664e+00 -1.280864712463484878e+00
1.830237161550810177e+00 -8.429851989042560501e-01
1.836526636332771911e+00 -5.599545035369613011e-01
1.842816111114733424e+00 -8.080984810331619528e-01
1.849105585896694937e+00 -1.438103381538283543e+00
1.855395060678656449e+00 -1.751448352716451051e+00
1.861684535460617962e+00 -3.154788999332172050e-01
1.867974010242579475e+00 -1.694335054875268254e+00
1.874263485024541209e+00 -8.570715354671976094e-01
1.880552959806502722e+00 -1.859268223054604707e+00
1.886842434588464235e+00 -1.111908942305823933e+00
1.893131909370425747e+00 -1.320151192184690014e+00
1.899421384152387260e+00 -1.876799086855052145e+00
1.905710858934348773e+00 -1.215023733406759288e-01
1.912000333716310507e+00 -1.397342034567103042e+00
1.918289808498272020e+00 -3.635524321614138632e-01
1.924579283280233533e+00 -9.743199831468629668e-02
1.930868758062195045e+00 -1.627203902832687454e+00
1.937158232844156558e+00 -7.608387861927723428e-02
1.943447707626118071e+00 -1.439437511843504769e+00
1.949737182408079583e+00 -1.645442563682910420e+00
1.956026657190041318e+00 2.148657615107141261e-02
1.962316131972002831e+00 -1.570320711660364132e+00
1.968605606753964343e+00 -1.418471928939615045e+00
1.974895081535925856e+00 -2.025489572137983973e-01
1.981184556317887369e+00 -6.035335594947872639e-01
1.987474031099848881e+00 -3.786714537760293986e-02
1.993763505881810616e+00 -1.096643427188787712e+00
2.000052980663772129e+00 -1.649614732185446631e+00
2.006342455445733641e+00 -1.562744625360526829e+00
2.012631930227695154e+00 -1.278713970377165943e+00
2.018921405009656667e+00 2.984978989300390850e-01
2.025210879791618179e+00 4.416775561655916782e-02
2.031500354573579692e+00 -1.075632175165629478e+00
2.037789829355541205e+00 -2.231387521112988548e-01
2.044079304137502717e+00 -4.331678960545399804e-01
2.050368778919464230e+00 -1.441300390331778480e+00
2.056658253701426187e+00 -1.226078177169640959e+00
2.062947728483387699e+00 -7.359080806463873525e-01
2.069237203265349212e+00 -8.952016467727139659e-01
2.075526678047310725e+00 4.845556369534502750e-01
2.081816152829272237e+00 -3.302963274711587793e-01
2.088105627611233750e+00 -1.081545480138013771e+00
2.094395102393195263e+00 -9.922164322364619427e-01
2.100684577175156775e+00 6.495751728562415561e-01
2.106974051957118288e+00 -1.059961044652343309e-01
2.113263526739079801e+00 -4.717687529502431198e-01
2.119553001521041313e+00 1.930748445974710403e-01
2.125842476303002826e+00 -9.606442126676328908e-02
2.132131951084964339e+00 8.459825675538823475e-03
2.138421425866926295e+00 3.957566107061372129e-01
2.144710900648887808e+00 -2.375704000200922206e-01
2.151000375430849321e+00 4.678429308166922596e-01
2.157289850212810833e+00 1.139601861764338864e+00
2.163579324994772346e+00 4.552928871459484550e-01
2.169868799776733859e+00 1.411607542172465868e+00
2.176158274558695371e+00 8.285554381296986737e-01
2.182447749340656884e+00 3.742865363790733868e-01
2.188737224122618397e+00 1.718689687645579722e+00
2.195026698904579909e+00 9.890533305330515557e-01
2.201316173686541422e+00 8.360756133190658801e-01
2.207605648468502935e+00 1.776534888231798170e+00
2.213895123250464891e+00 4.588407516469696912e-01
2.220184598032426404e+00 9.145120069598414725e-01
2.226474072814387917e+00 7.939182310383461338e-01
2.232763547596349429e+00 1.102699690236245589e+00
2.239053022378310942e+00 2.092501617663263147e+00
2.245342497160272455e+00 4.989738630059896707e-01
2.251631971942233967e+00 1.149733456748029958e+00
2.257921446724195480e+00 1.344347006622795382e+00
2.264210921506156993e+00 1.279253229374686329e+00
2.270500396288118505e+00 2.286450067246581952e+00
2.276789871070080018e+00 1.717416178122601611e+00
2.283079345852041531e+00 2.270241568204861338e+00
2.289368820634003043e+00 1.276213647209704760e+00
2.295658295415965000e+00 1.376910302010512677e+00
2.301947770197926513e+00 2.654016482481491135e+00
2.308237244979888025e+00 1.447540585456324580e+00
2.314526719761849538e+00 1.279121848789068761e+00
2.320816194543811051e+00 1.765108104452860704e+00
2.327105669325772563e+00 2.214297225434177285e+00
2.333395144107734076e+00 1.199118952678355221e+00
2.339684618889695589e+00 2.058167423816000596e+00
2.345974093671657101e+00 3.242662525590144895e+00
2.352263568453618614e+00 3.229610588995328158e+00
2.358553043235580127e+00 1.476373059762192019e+00
2.364842518017541639e+00 2.114136899019922744e+00
2.371131992799503152e+00 2.655365964292210279e+00
2.377421467581465109e+00 3.035536472765570259e+00
2.383710942363426621e+00 3.291630537243277033e+00
2.390000417145388134e+00 3.453678405452505373e+00
2.396289891927349647e+00 3.120032560607724825e+00
2.402579366709311159e+00 3.230487447803963796e+00
2.408868841491272672e+00 2.184799301518226766e+00
2.415158316273234185e+00 2.170736373518176165e+00
2.421447791055195697e+00 2.323558575761409895e+00
2.427737265837157210e+00 1.790334481155755997e+00
2.434026740619118723e+00 2.376308615193167384e+00
2.440316215401080235e+00 2.173046895050513960e+00
2.446605690183041748e+00 3.314877709375383841e+00
2.452895164965003261e+00 2.157960964180841934e+00
2.459184639746965217e+00 2.417156545516481181e+00
2.465474114528926730e+00 3.307246776474241479e+00
2.471763589310888243e+00 1.908109578640093895e+00
2.478053064092849755e+00 3.599280073443227757e+00
2.484342538874811268e+00 3.749931175485749613e+00
2.490632013656772781e+00 2.989918949358982836e+00
2.496921488438734293e+00 2.526371270027028437e+00
2.503210963220695806e+00 2.888521986483926440e+00
2.509500438002657319e+00 2.320332787315497747e+00
2.515789912784618831e+00 2.923929058414289628e+00
2.522079387566580344e+00 2.430076228966555618e+00
2.528368862348541857e+00 3.474011553210273107e+00
2.534658337130503369e+00 2.530884240256948470e+00
2.540947811912465326e+00 2.702590770483027427e+00
2.547237286694426839e+00 2.394662190860513462e+00
2.553526761476388351e+00 2.790128247956833007e+00
2.559816236258349864e+00 2.223038013436561933e+00
2.566105711040311377e+00 2.373396726539634294e+00
2.572395185822272889e+00 3.533052757442678882e+00
2.578684660604234402e+00 2.350572077447058206e+00
2.584974135386195915e+00 2.055042651577141832e+00
2.591263610168157427e+00 2.221757946026614139e+00
2.597553084950118940e+00 3.316016664483387721e+00
2.603842559732080453e+00 2.761986746069542420e+00
2.610132034514041965e+00 2.803177965061028676e+00
2.616421509296003478e+00 3.403046788789519717e+00
2.622710984077965435e+00 2.743378486986227216e+00
2.629000458859926947e+00 1.674976776865248596e+00
2.635289933641888460e+00 3.347596130082316712e+00
2.641579408423849973e+00 2.680040493682975367e+00
2.647868883205811485e+00 2.816165834727341277e+00
2.654158357987772998e+00 2.334395247912098181e+00
2.660447832769734511e+00 2.491458671553423265e+00
2.666737307551696023e+00 2.248294622307490886e+00
2.673026782333657536e+00 3.267951376040743039e+00
2.679316257115619049e+00 2.456215944544773766e+00
2.685605731897580561e+00 3.208340041376296803e+00
2.691895206679542074e+00 1.548923852504542342e+00
2.698184681461504031e+00 1.378556761642230510e+00
2.704474156243465544e+00 1.176068789987265717e+00
2.710763631025427056e+00 2.166830312568313488e+00
2.717053105807388569e+00 1.613407918941702324e+00
2.723342580589350082e+00 1.838733472900963228e+00
2.729632055371311594e+00 2.161919245032548620e+00
2.735921530153273107e+00 2.301875776879289681e+00
2.742211004935234619e+00 7.924533367336580314e-01
2.748500479717196132e+00 1.829931783333165196e+00
2.754789954499157645e+00 1.052880938352114271e+00
2.761079429281119157e+00 8.046008567228276620e-01
2.767368904063080670e+00 1.875164592190378787e+00
2.773658378845042183e+00 2.214988516077469605e+00
2.779947853627004140e+00 1.249332963256165385e+00
2.786237328408965652e+00 1.441990913899410476e+00
2.792526803190927165e+00 8.523442984712901183e-01
2.798816277972888678e+00 7.197858797108831475e-01
2.805105752754850190e+00 8.024848379085735006e-01
2.811395227536811703e+00 1.200647359360373922e+00
2.817684702318773216e+00 1.883057684629926509e+00
2.823974177100734728e+00 4.908480782366935191e-01
2.830263651882696241e+00 4.030201516314022014e-01
2.836553126664657754e+00 1.468897992780631601e+00
2.842842601446619266e+00 1.376486272506842079e+00
2.849132076228580779e+00 6.375397957426680584e-01
2.855421551010542291e+00 1.667319636680277828e+00
2.861711025792504248e+00 9.211301249432367610e-01
2.868000500574465761e+00 -1.444893831967846709e-01
2.874289975356427274e+00 2.553714667329201049e-01
2.880579450138388786e+00 5.310701856360565687e-01
2.886868924920350299e+00 1.352412145302085200e+00
2.893158399702311812e+00 -2.587717331281041977e-01
2.899447874484273324e+00 1.126516411265480411e+00
2.905737349266234837e+00 2.527525203017927380e-01
2.912026824048196350e+00 -1.195636997982640892e-03
2.918316298830157862e+00 3.117152250834185345e-01
2.924605773612119375e+00 -4.068696547133832109e-02
2.930895248394080888e+00 3.904190212620803901e-01
2.937184723176042400e+00 -9.424287916301086199e-01
2.943474197958004357e+00 9.812648915922121962e-01
2.949763672739965870e+00 8.816276223916343913e-01
2.956053147521927382e+00 -5.357182718071709093e-01
2.962342622303888895e+00 5.680553463253663615e-01
2.968632097085850408e+00 -8.531189347924541533e-01
2.974921571867811920e+00 -6.560593211926621926e-01
2.981211046649773433e+00 -5.811883084646243258e-01
2.987500521431734946e+00 -5.720315557873114631e-01
2.993789996213696458e+00 1.783628335991707115e-01
3.000079470995657971e+00 -8.158137223669081894e-01
3.006368945777619484e+00 -5.306457227174368185e-01
3.012658420559580996e+00 9.076611051957517162e-02
3.018947895341542953e+00 4.346795687276194808e-01
3.025237370123504466e+00 -1.591163958816250723e-01
3.031526844905465978e+00 -2.691948158193442353e-01
3.037816319687427491e+00 -1.109013672880115875e+00
3.044105794469389004e+00 -9.823494795396474633e-01
3.050395269251350516e+00 -7.295316474339719193e-02
3.056684744033312029e+00 -6.147160691730841897e-01
3.062974218815273542e+00 -1.191812392311137891e-01
3.069263693597235054e+00 -6.396169727549956274e-01
3.075553168379196567e+00 -1.062355488696161032e+00
3.081842643161158080e+00 -2.504402050807372770e-01
3.088132117943119592e+00 -1.136249042502957662e+00
3.094421592725081105e+00 -8.035842180386429945e-01
3.100711067507043062e+00 -5.463771268352324295e-01
3.107000542289004574e+00 -9.072691058565724997e-01
3.113290017070966087e+00 -1.702263472895840346e+00
3.119579491852927600e+00 -7.318295199929478745e-01
3.125868966634889112e+00 -5.369012061089843968e-01
3.132158441416850625e+00 -3.065844810216422633e-01
3.138447916198812138e+00 -8.922927632390695862e-01
3.144737390980773650e+00 -1.595117841934056813e+00
3.151026865762735163e+00 -7.843002234799540950e-01
3.157316340544696676e+00 -1.669542629429967784e+00
3.163605815326658188e+00 -1.137989783763643903e+00
3.169895290108619701e+00 -6.642715534407510614e-01
3.176184764890581214e+00 -1.536727017132852202e+00
3.182474239672543170e+00 -2.115856341811073182e-01
3.188763714454504683e+00 -1.524834975945078108e+00
3.195053189236466196e+00 -1.000326637912458683e+00
3.201342664018427708e+00 -4.125910848003733200e-02
3.207632138800389221e+00 6.137791014776050602e-02
3.213921613582350734e+00 -3.487165254081747712e-01
3.220211088364312246e+00 3.239871359219870239e-01
3.226500563146273759e+00 -6.502786452944742113e-01
3.232790037928235272e+00 -1.384448340282214751e+00
3.239079512710196784e+00 5.316383928179124752e-03
3.245368987492158297e+00 -2.659453166626262188e-01
3.251658462274119810e+00 3.343891171334356649e-01
3.257947937056081322e+00 -1.039829617657785032e+00
3.264237411838043279e+00 -1.093998940662835651e+00
3.270526886620004792e+00 -7.094061233327664251e-01
3.276816361401966304e+00 -7.588982934739778585e-01
3.283105836183927817e+00 -4.876922983267724110e-01
3.289395310965889330e+00 2.190515164083333133e-01
3.295684785747850842e+00 -1.156276179039694041e+00
3.301974260529812355e+00 -1.043405211556127643e-01
3.308263735311773868e+00 -9.876624118460402002e-01
3.314553210093735380e+00 8.468433414491263189e-01
3.320842684875696893e+00 8.886039324582979404e-01
3.327132159657658406e+00 -4.746333890399486721e-01
3.333421634439619918e+00 5.283526645189562387e-01
3.339711109221581431e+00 9.820866457966043184e-01
3.346000584003543388e+00 -1.245405614700876296e-01
3.352290058785504900e+00 -1.040083141052703386e-01
3.358579533567466413e+00 8.904822578269415700e-01
3.364869008349427926e+00 1.017673680255662294e+00
3.371158483131389438e+00 4.214213569960375549e-01
3.377447957913350951e+00 -7.380130328991985067e-03
3.383737432695312464e+00 -3.771632626392008580e-01
3.390026907477273976e+00 4.686845170833600083e-01
3.396316382259235489e+00 9.170947863555628521e-02
3.402605857041197002e+00 1.669772658908572627e-01
3.408895331823158514e+00 -3.305043709204980029e-02
3.415184806605120027e+00 1.462596426696682883e+00
3.421474281387081540e+00 1.005578483316825533e+00
3.427763756169043496e+00 1.096637150894404833e+00
3.434053230951005009e+00 1.216820540313804155e+00
3.440342705732966522e+00 6.750883908901259556e-01
3.446632180514928034e+00 -7.846460361194571020e-02
3.452921655296889547e+00 4.509601216125871948e-02
3.459211130078851060e+00 1.683800827544402301e+00
3.465500604860812572e+00 3.633959477634525759e-01
3.471790079642774085e+00 1.990738188732751102e+00
3.478079554424735598e+00 1.635750244839090817e+00
3.484369029206697110e+00 1.721601893524011828e+00
3.490658503988658623e+00 3.694349191357720885e-01
3.496947978770620136e+00 6.601380413299560157e-01
3.503237453552582092e+00 1.429458776008118992e+00
3.509526928334543605e+00 2.054570164609940797e+00
3.515816403116505118e+00 5.761047825841842940e-01
3.522105877898466630e+00 2.156240213554939888e+00
3.528395352680428143e+00 8.316065527381761857e-01
3.534684827462389656e+00 2.434573394505211041e+00
3.540974302244351168e+00 1.378341167276429191e+00
3.547263777026312681e+00 2.281539777434168137e+00
3.553553251808274194e+00 2.195097810649774495e+00
3.559842726590235706e+00 1.956274997477822630e+00
3.566132201372197219e+00 7.227554492616165005e-01
3.572421676154158732e+00 9.384086957389095041e-01
3.578711150936120244e+00 2.766842949066482760e+00
3.585000625718082201e+00 1.240301838075533070e+00
3.591290100500043714e+00 1.732256647002155425e+00
3.597579575282005226e+00 2.281676498648818718e+00
3.603869050063966739e+00 2.096300890087741564e+00
3.610158524845928252e+00 2.224581895695103562e+00
3.616447999627889764e+00 1.010490839487856451e+00
3.622737474409851277e+00 1.973532371919870743e+00
3.629026949191812790e+00 2.363614014057324297e+00
3.635316423973774302e+00 1.569798742965093918e+00
3.641605898755735815e+00 2.983871344235544676e+00
3.647895373537697328e+00 2.011956638418251231e+00
3.654184848319658840e+00 1.701114448703792359e+00
3.660474323101620353e+00 2.251305506565504544e+00
3.666763797883582310e+00 2.012101118664678445e+00
3.673053272665543822e+00 2.075058118387582695e+00
3.679342747447505335e+00 3.005622876591553361e+00
3.685632222229466848e+00 1.643705767531740580e+00
3.691921697011428360e+00 3.063874115542208010e+00
3.698211171793389873e+00 1.539583722782798425e+00
3.704500646575351386e+00 2.099876537094295337e+00
3.710790121357312898e+00 1.475776284059904908e+00
3.717079596139274411e+00 2.623163542471830034e+00
3.723369070921235924e+00 2.577713858839479677e+00
3.729658545703197436e+00 2.359285968004928957e+00
3.735948020485158949e+00 1.441824277703966484e+00
3.742237495267120462e+00 1.695290452161108297e+00
3.748526970049082419e+00 2.513079320143441375e+00
3.754816444831043931e+00 2.303325668804693471e+00
3.761105919613005444e+00 2.001867228775041418e+00
3.767395394394966956e+00 2.683028662120240604e+00
3.773684869176928469e+00 1.883066181749498469e+00
3.779974343958889982e+00 2.935431919531200862e+00
3.786263818740851494e+00 1.738492691584726968e+00
3.792553293522813007e+00 1.597945807105747518e+00
3.798842768304774520e+00 1.275342493295916313e+00
3.805132243086736032e+00 2.213324821440672441e+00
3.811421717868697545e+00 2.350950644840080095e+00
3.817711192650659058e+00 2.432945224985593846e+00
3.824000667432621015e+00 1.073623074001956113e+00
3.830290142214582527e+00 1.407925242073508887e+00
3.836579616996544040e+00 2.720175564958739578e+00
3.842869091778505553e+00 1.725489549641510134e+00
3.849158566560467065e+00 2.054499404079605185e+00
3.855448041342428578e+00 1.362312331361150264e+00
3.861737516124390091e+00 2.162054346767603441e+00
3.868026990906351603e+00 1.062169146463520564e+00
3.874316465688313116e+00 1.503790911165129085e+00
3.880605940470274628e+00 2.756580169879585096e+00
3.886895415252236141e+00 2.370342241124538507e+00
3.893184890034197654e+00 1.748280507165437925e+00
3.899474364816159166e+00 9.842335159575011927e-01
3.905763839598121123e+00 1.499036095594642237e+00
3.912053314380082636e+00 2.675545754574822244e+00
3.918342789162044149e+00 1.192376215403376793e+00
3.924632263944005661e+00 2.598339291170162380e+00
3.930921738725967174e+00 1.776505695344073654e+00
3.937211213507928687e+00 2.382114602103786893e+00
3.943500688289890199e+00 1.565010443198069146e+00
3.949790163071851712e+00 1.017866841319071014e+00
3.956079637853813225e+00 1.832156922608859873e+00
3.962369112635774737e+00 2.467818390128102557e+00
3.968658587417736250e+00 2.392954238079434415e+00
3.974948062199697763e+00 1.641897138811930112e+00
3.981237536981659275e+00 1.229232372158286291e+00
3.987527011763621232e+00 1.989620323184277062e+00
3.993816486545582745e+00 2.133079756172189256e+00
4.000105961327544257e+00 1.070763319204082631e+00
4.006395436109505326e+00 1.149529171254031645e+00
4.012684910891467283e+00 8.448083402142151366e-01
4.018974385673428351e+00 1.208053346255976601e+00
4.025263860455390308e+00 1.061362705837357812e+00
4.031553335237352265e+00 4.248665472449220659e-01
4.037842810019313333e+00 8.565301667597173818e-01
4.044132284801275290e+00 5.982556220619195120e-01
4.050421759583236359e+00 1.014528054720212902e+00
4.056711234365198315e+00 8.300620539681031751e-01
4.063000709147159384e+00 1.782830977504716863e+00
4.069290183929121341e+00 9.331461494894125464e-01
4.075579658711082409e+00 6.287345166089662873e-01
4.081869133493044366e+00 8.045617039942865034e-02
4.088158608275005435e+00 8.442903924237157298e-01
4.094448083056967391e+00 3.111023275191258097e-01
4.100737557838928460e+00 7.923823552959660121e-01
4.107027032620890417e+00 3.646587495663135559e-01
4.113316507402852373e+00 2.729076976039492841e-01
4.119605982184813442e+00 8.426509241616236823e-01
4.125895456966775399e+00 3.764553745686787245e-01
4.132184931748736467e+00 8.604117992951982874e-01
4.138474406530698424e+00 6.897360745299434548e-01
4.144763881312659493e+00 -2.514321798765596361e-01
4.151053356094621449e+00 -1.926966956349068782e-01
4.157342830876582518e+00 8.623911654311509078e-01
4.163632305658544475e+00 1.147122927689961491e+00
4.169921780440505543e+00 1.167164653417703146e+00
4.176211255222467500e+00 4.860048653333170487e-01
4.182500730004428569e+00 1.162927098865485842e+00
4.188790204786390525e+00 1.399835854382693423e+00
4.195079679568352482e+00 2.857228942424749896e-02
4.201369154350313551e+00 1.111168818665723812e+00
4.207658629132275507e+00 -2.539694140200197126e-01
4.213948103914236576e+00 1.037002746436993084e+00
4.220237578696198533e+00 4.605362293838792809e-01
4.226527053478159601e+00 6.669813817212963958e-01
4.232816528260121558e+00 -4.241376926901828659e-01
4.239106003042082627e+00 2.632126785895796406e-01
4.245395477824044583e+00 6.353744955321067867e-01
4.251684952606005652e+00 6.527591859409325181e-01
4.257974427387967609e+00 -1.127422542599954003e-01
4.264263902169928677e+00 -2.094229823186430917e-01
4.270553376951890634e+00 -1.454255754168924941e-01
4.276842851733852591e+00 -1.438632377005325536e-01
4.283132326515813659e+00 -2.289645483356506084e-02
4.289421801297775616e+00 -1.656363289364655156e-01
4.295711276079736685e+00 -4.869588066601584497e-01
4.302000750861698641e+00 3.731915576193056694e-01
4.308290225643659710e+00 -3.206752563425820934e-01
4.314579700425621667e+00 1.005939247998088426e+00
4.320869175207582735e+00 -6.318426344982751575e-01
4.327158649989544692e+00 1.359931599592865137e+00
4.333448124771505761e+00 1.095226120857232921e+00
4.339737599553467717e+00 1.087010392955412019e-02
4.346027074335428786e+00 8.104097868137848382e-01
4.352316549117390743e+00 1.108071933773994822e+00
4.358606023899352699e+00 4.237661575282870574e-01
4.364895498681313768e+00 2.824375490236589181e-01
4.371184973463275725e+00 6.745944678179680576e-01
4.377474448245236793e+00 3.502640804311195621e-01
4.383763923027198750e+00 5.029125419041400313e-01
4.390053397809159819e+00 -2.342992568226921479e-01
4.396342872591121775e+00 -1.188370937518774539e-01
4.402632347373082844e+00 3.440720169797009120e-01
4.408921822155044801e+00 8.999496023051460902e-01
4.415211296937005869e+00 5.196945807923607497e-01
4.421500771718967826e+00 9.602359516736852507e-01
4.427790246500929783e+00 1.389687946717431455e+00
4.434079721282890851e+00 9.136177001607482806e-01
4.440369196064852808e+00 -2.108878859678611217e-01
4.446658670846813877e+00 1.340945626860944095e+00
4.452948145628775833e+00 1.331757004628126628e+00
4.459237620410736902e+00 1.297996683240532301e+00
4.465527095192698859e+00 5.872041939755051621e-01
4.471816569974659927e+00 1.394003862773794733e+00
4.478106044756621884e+00 1.216710447635213965e+00
4.484395519538582953e+00 2.398462012734232651e-01
4.490684994320544909e+00 -2.019060662733431211e-01
4.496974469102505978e+00 5.021198888665905358e-01
4.503263943884467935e+00 -2.929964352518259485e-01
4.509553418666429891e+00 1.933481286792846920e-01
4.515842893448390960e+00 1.518090611901434350e+00
4.522132368230352917e+00 9.024180672752863952e-01
4.528421843012313985e+00 5.417983527281475808e-01
4.534711317794275942e+00 -1.242295236939251479e-01
4.541000792576237011e+00 5.446762062862723353e-01
4.547290267358198967e+00 4.621937790283987546e-01
4.553579742140160036e+00 5.316835649440376788e-01
4.559869216922121993e+00 5.485800592412313215e-01
4.566158691704083061e+00 -2.922291992733673793e-01
4.572448166486045018e+00 8.414999234997766475e-01
4.578737641268006087e+00 9.845059705601518774e-01
4.585027116049968043e+00 1.429489699578671225e+00
4.591316590831930000e+00 4.780255878276892800e-01
4.597606065613891069e+00 1.562439054443734321e+00
4.603895540395853025e+00 6.739929137245338486e-01
4.610185015177814094e+00 -2.035823948513995063e-01
4.616474489959776051e+00 1.673554751186322687e+00
4.622763964741737119e+00 1.180179162121551162e+00
4.629053439523699076e+00 8.201673999440273199e-01
4.635342914305660145e+00 1.071180722111651828e+00
4.641632389087622101e+00 7.159574995831424760e-01
4.647921863869583170e+00 1.609951341497846578e+00
4.654211338651545127e+00 -1.522306399088038109e-01
4.660500813433506195e+00 5.418552320305138892e-01
4.666790288215468152e+00 -5.161344486885033334e-02
4.673079762997430109e+00 1.186178455098539253e+00
4.679369237779391177e+00 1.173184306910328045e+00
4.685658712561353134e+00 1.719891423747564319e-01
4.691948187343314203e+00 1.621854230865653834e+00
4.698237662125276159e+00 1.340814158448996984e+00
4.704527136907237228e+00 9.638058871528172311e-01
4.710816611689199185e+00 9.009331119623805728e-01
4.717106086471160253e+00 1.083314788341321888e-02
4.723395561253122210e+00 1.402149242684684438e+00
4.729685036035083279e+00 4.355317098899136319e-04
4.735974510817045235e+00 8.072120570322846023e-01
4.742263985599006304e+00 1.393601499499985130e-01
4.748553460380968261e+00 2.583916513832503203e-01
4.754842935162930218e+00 9.914238709993572485e-01
4.761132409944891286e+00 6.226828458334581207e-01
4.767421884726853243e+00 1.275139952007097399e+00
4.773711359508814311e+00 3.778454009250680756e-01
4.780000834290776268e+00 9.642949198217245499e-01
4.786290309072737337e+00 1.163568384003361711e-01
4.792579783854699293e+00 -2.168914496728447383e-01
4.798869258636660362e+00 1.183682278367141683e+00
4.805158733418622319e+00 2.323278651457241772e-01
4.811448208200583387e+00 7.345699121601552140e-01
4.817737682982545344e+00 -3.122776373948966122e-01
4.824027157764506413e+00 1.214446291577842896e+00
4.830316632546468369e+00 1.173157754480734560e+00
4.836606107328430326e+00 1.995103748471692695e-01
4.842895582110391395e+00 1.457640197602252830e+00
4.849185056892353352e+00 -1.576439000408130786e-01
4.855474531674314420e+00 1.083024946721696136e+00
4.861764006456276377e+00 1.219112159503111581e+00
4.868053481238237445e+00 1.588749613815880757e-01
4.874342956020199402e+00 6.183191939362983058e-01
4.880632430802160471e+00 2.749156362141563781e-02
4.886921905584122428e+00 1.406718227921225361e-01
4.893211380366083496e+00 1.034489665110774892e+00
4.899500855148045453e+00 -3.563877089315431457e-01
4.905790329930006521e+00 5.292689838954102166e-01
4.912079804711968478e+00 7.676941982912588447e-01
4.918369279493930435e+00 -4.964891733321703526e-01
4.924658754275891503e+00 6.647741837488263528e-01
4.930948229057853460e+00 -2.212931609057877669e-01
4.937237703839814529e+00 7.512931001877778403e-01
4.943527178621776486e+00 7.441310321822263152e-01
4.949816653403737554e+00 5.844396895210719478e-01
4.956106128185699511e+00 3.399527490332168167e-01
4.962395602967660579e+00 1.181661551459196158e+00
4.968685077749622536e+00 1.286672205211621289e+00
4.974974552531583605e+00 -3.678477597578750924e-01
4.981264027313545562e+00 -6.176984228272224264e-01
4.987553502095506630e+00 1.052573791217401133e+00
4.993842976877468587e+00 6.267421563651462968e-01
5.000132451659430544e+00 6.972704821319832824e-01
5.006421926441391612e+00 5.336003444136150353e-01
5.012711401223353569e+00 6.297791571827063839e-01
5.019000876005314637e+00 -1.704189203572317179e-01
5.025290350787276594e+00 1.149416297107592966e+00
5.031579825569237663e+00 1.079292222548449365e+00
5.037869300351199620e+00 5.497172388354374384e-01
5.044158775133160688e+00 -4.543124298295081465e-01
5.050448249915122645e+00 3.485280462445716765e-01
5.056737724697083713e+00 -1.134436194066236192e-01
5.063027199479045670e+00 -6.304830645439067904e-01
5.069316674261006739e+00 9.017434034403346566e-01
5.075606149042968696e+00 3.479298765190286247e-02
5.081895623824930652e+00 9.052397021246481046e-01
5.088185098606891721e+00 5.409160129828670671e-01
5.094474573388853678e+00 -5.303661409634105040e-01
5.100764048170814746e+00 6.707200385865770276e-01
5.107053522952776703e+00 -8.109721696106797495e-01
5.113342997734737772e+00 8.982462792209979785e-01
5.119632472516699728e+00 8.122839425539221114e-01
5.125921947298660797e+00 -3.236221727165414785e-01
5.132211422080622754e+00 1.055922734265637208e+00
5.138500896862583822e+00 -8.105099130250763562e-01
5.144790371644545779e+00 2.332630775246301580e-01
5.151079846426506847e+00 -4.264544565306092050e-01
5.157369321208468804e+00 -5.018089380205497108e-01
5.163658795990430761e+00 6.868866704772929044e-01
5.169948270772391830e+00 5.925201155032721045e-01
5.176237745554353786e+00 7.933847961063290599e-01
5.182527220336314855e+00 -3.352309714461210177e-02
5.188816695118276812e+00 3.058166140421746393e-01
5.195106169900237880e+00 7.633704696484314711e-01
5.201395644682199837e+00 1.078187938151700331e+00
5.207685119464160906e+00 -6.579157386516235606e-01
5.213974594246122862e+00 1.391773675276430922e-01
5.220264069028083931e+00 -1.296586826218120159e-01
5.226553543810045888e+00 -4.879200503231373443e-01
5.232843018592006956e+00 3.504512874602971895e-01
5.239132493373968913e+00 -1.124574789547223563e-01
5.245421968155930870e+00 -1.279978438683400110e-01
5.251711442937891938e+00 -3.620899302989193380e-01
5.258000917719853895e+00 -6.052001109618436736e-01
5.264290392501814964e+00 1.066216867407027591e+00
5.270579867283776920e+00 8.965982771933647122e-01
5.276869342065737989e+00 6.516898207118670960e-02
5.283158816847699946e+00 5.960659342130848470e-01
5.289448291629661014e+00 -2.481418563979937986e-01
5.295737766411622971e+00 1.376734817413429068e+00
5.302027241193584040e+00 1.253763450121329059e-01
5.308316715975545996e+00 2.739566232611657659e-01
5.314606190757507953e+00 9.998184909848617519e-01
5.320895665539469022e+00 -9.864044306329311507e-02
5.327185140321430978e+00 1.391416150373262717e+00
5.333474615103392047e+00 1.141505527928088792e+00
5.339764089885354004e+00 -8.902528170911455652e-02
5.346053564667315072e+00 -2.565935946843190263e-01
5.352343039449277029e+00 1.337509054303549494e+00
5.358632514231238098e+00 7.304370042929718698e-01
5.364921989013200054e+00 4.554273145801638889e-01
5.371211463795161123e+00 -2.153958757280711733e-01
5.377500938577123080e+00 8.165842666325395793e-02
5.383790413359084148e+00 1.531241333368218882e+00
5.390079888141046105e+00 3.547996764438287598e-01
5.396369362923008062e+00 1.230968227369000800e+00
5.402658837704969130e+00 2.051187196066131535e-01
5.408948312486931087e+00 9.929959810336157489e-01
5.415237787268892156e+00 1.337396360724846467e+00
5.421527262050854112e+00 6.816686930773747655e-01
5.427816736832815181e+00 1.899660556813460577e+00
5.434106211614777138e+00 1.343239488989521391e+00
5.440395686396738206e+00 1.627491944773415966e+00
5.446685161178700163e+00 5.660802778313365202e-01
5.452974635960661232e+00 2.158268345887490725e-01
5.459264110742623188e+00 1.217516028127497485e+00
5.465553585524584257e+00 6.171010090586079855e-01
5.471843060306546214e+00 1.705768938574458771e+00
5.478132535088508170e+00 1.149580360158603654e+00
5.484422009870469239e+00 9.197110712857285986e-01
5.490711484652431196e+00 2.087223073590075195e+00
5.497000959434392264e+00 1.840144087421809127e+00
5.503290434216354221e+00 4.886030570352182800e-01
5.509579908998315290e+00 1.462145053495665703e+00
5.515869383780277246e+00 1.269764939043573015e+00
5.522158858562238315e+00 2.178970878425528390e+00
5.528448333344200272e+00 2.112104122227058234e+00
5.534737808126161340e+00 1.852395349251265255e+00
5.541027282908123297e+00 2.007238125004303431e+00
5.547316757690084366e+00 7.737296711368557567e-01
5.553606232472046322e+00 1.870590417391157612e+00
5.559895707254008279e+00 1.347538162386243021e+00
5.566185182035969348e+00 6.448863264803316175e-01
5.572474656817931304e+00 1.058566040057832058e+00
5.578764131599892373e+00 1.793626340432511013e+00
5.585053606381854330e+00 1.534573816551750403e+00
5.591343081163815398e+00 2.516443338198936175e+00
5.597632555945777355e+00 2.621119365380300881e+00
5.603922030727738424e+00 8.671302541423802079e-01
5.610211505509700380e+00 1.007120632059195664e+00
5.616500980291661449e+00 1.778044125771823580e+00
5.622790455073623406e+00 1.988896600612926946e+00
5.629079929855584474e+00 1.650852421476634024e+00
5.635369404637546431e+00 1.258065019627430114e+00
5.641658879419508388e+00 1.105315220296287704e+00
5.647948354201469456e+00 1.433019428802270179e+00
5.654237828983431413e+00 1.994165674564141622e+00
5.660527303765392482e+00 2.226274015965014286e+00
5.666816778547354438e+00 1.943712241715910727e+00
5.673106253329315507e+00 1.030044864006095517e+00
5.679395728111277464e+00 1.928579680339935543e+00
5.685685202893238532e+00 2.290227016188702613e+00
5.691974677675200489e+00 2.023682280363017227e+00
5.698264152457161558e+00 2.662336381404140973e+00
5.704553627239123514e+00 1.154776642959809863e+00
5.710843102021084583e+00 2.634460271741632997e+00
5.717132576803046540e+00 1.063624874705558110e+00
5.723422051585008496e+00 1.704708977121906166e+00
5.729711526366969565e+00 9.589041711176085059e-01
5.736001001148931522e+00 1.039257770397532976e+00
5.742290475930892590e+00 2.336684306611199524e+00
5.748579950712854547e+00 2.289316699727574012e+00
5.754869425494815616e+00 1.829032841079983651e+00
5.761158900276777572e+00 1.157527631630010490e+00
5.767448375058738641e+00 1.062537983420417609e+00
5.773737849840700598e+00 1.631861787990374069e+00
5.780027324622661666e+00 1.825058325180638708e+00
5.786316799404623623e+00 2.027716958798590596e+00
5.792606274186584692e+00 1.763969560255837399e+00
5.798895748968546648e+00 1.277617867869462742e+00
5.805185223750508605e+00 9.882147484994316944e-01
5.811474698532469674e+00 1.065093360960072566e+00
5.817764173314431631e+00 1.694513157188485497e+00
5.824053648096392699e+00 6.142053670444380664e-01
5.830343122878354656e+00 1.645413482639376923e+00
5.836632597660315724e+00 1.154237801870206415e+00
5.842922072442277681e+00 5.891163593518657926e-01
5.849211547224238750e+00 1.056545277866823618e+00
5.855501022006200706e+00 1.121122188169947798e+00
5.861790496788161775e+00 9.026159629653245364e-01
5.868079971570123732e+00 9.813316237730540514e-01
5.874369446352084800e+00 2.081165694412268952e+00
5.880658921134046757e+00 1.250618241139045406e+00
5.886948395916008714e+00 4.464882323807907727e-01
5.893237870697969782e+00 1.366221865827317306e+00
5.899527345479931739e+00 1.700972126777485771e-01
5.905816820261892808e+00 8.183208237444412614e-01
5.912106295043854765e+00 1.446869555754582315e+00
5.918395769825815833e+00 9.436229484399105694e-01
5.924685244607777790e+00 8.306576480740823776e-01
5.930974719389738858e+00 1.591232593104453308e+00
5.937264194171700815e+00 -1.132470479369851457e-02
5.943553668953661884e+00 1.558346482900320407e+00
5.949843143735623840e+00 6.205801731396887178e-01
5.956132618517584909e+00 6.318685850008411986e-01
5.962422093299546866e+00 5.368061658134917202e-01
5.968711568081508823e+00 3.227586211670321337e-01
5.975001042863469891e+00 2.713170402634170753e-01
5.981290517645431848e+00 2.768124481925693381e-01
5.987579992427392916e+00 1.019737878371717477e+00
5.993869467209354873e+00 -5.977139240666013986e-01
6.000158941991315942e+00 -6.057019856060905649e-01
6.006448416773277899e+00 9.794070038041118309e-01
6.012737891555238967e+00 -1.628272766577656405e-01
6.019027366337200924e+00 1.032216140428473539e+00
6.025316841119161992e+00 -7.766844615794867845e-01
6.031606315901123949e+00 3.253340730139231418e-01
6.037895790683085906e+00 -5.483446749578324564e-02
6.044185265465046974e+00 -7.709979335077468132e-01
6.050474740247008931e+00 -4.190717821604155180e-01
6.056764215028970000e+00 -3.581502707161881016e-01
6.063053689810931957e+00 -4.397482324397854470e-01
6.069343164592893025e+00 3.070850562738045575e-01
6.075632639374854982e+00 3.090788128526422707e-01
6.081922114156816050e+00 5.016802212151847407e-01
6.088211588938778007e+00 1.458504313890567339e-01
6.094501063720739076e+00 1.392185234477181233e-01
6.100790538502701033e+00 -9.897470825333944955e-01
6.107080013284662101e+00 -3.775599909459639303e-01
6.113369488066624058e+00 -4.080738579180847037e-01
6.119658962848586015e+00 -1.397945000345071076e+00
6.125948437630547083e+00 -1.241999205219656677e+00
6.132237912412509040e+00 1.485041541542324595e-01
6.138527387194470109e+00 -3.853966006994056226e-01
6.144816861976432065e+00 -3.452487100567052103e-01
6.151106336758393134e+00 -1.481864707044347362e+00
6.157395811540355091e+00 9.335971911631157916e-02
6.163685286322316159e+00 -4.076647337520651337e-01
6.169974761104278116e+00 -9.403999757515830726e-01
6.176264235886239184e+00 -1.059855400956021931e+00
6.182553710668201141e+00 -1.133103919053987108e+00
6.188843185450162210e+00 -9.551657769482162497e-01
6.195132660232124167e+00 -8.326093614185214875e-02
6.201422135014086123e+00 -1.217651031303204512e+00
6.207711609796047192e+00 -1.012266419427325870e+00
6.214001084578009149e+00 -1.352461068065743177e+00
6.220290559359970217e+00 -1.322780350056651066e+00
6.226580034141932174e+00 -1.842789990424775093e+00
6.232869508923893243e+00 -1.042114935323525060e+00
6.239158983705855199e+00 -1.438350929866908823e+00
6.245448458487816268e+00 -1.176961978551669175e+00
6.251737933269778225e+00 -8.606696989331374947e-01
6.258027408051739293e+00 -1.347164524967533472e+00
6.264316882833701250e+00 -2.754279947098530190e-01
6.270606357615662318e+00 -1.832873137465672375e+00
6.276895832397624275e+00 -1.030634983078493327e+00
6.283185307179586232e+00 -6.457780828851946708e-01
