0.000000000000000000e+00 -7.874501968694835874e-02
6.289474781961547356e-03 9.898732937375174235e-01
1.257894956392309471e-02 3.995999249582462554e-01
1.886842434588464207e-02 1.327112472613692917e-01
2.515789912784618942e-02 9.317221377491635703e-03
3.144737390980773678e-02 -4.435403569695497983e-01
3.773684869176928414e-02 1.034010120722430148e+00
4.402632347373083149e-02 1.458024941538063057e+00
5.031579825569237885e-02 1.219636856146715242e-01
5.660527303765392620e-02 8.379953193755581564e-01
6.289474781961547356e-02 2.064767590533100883e-01
6.918422260157702786e-02 -1.305867254162795810e-02
7.547369738353856827e-02 1.303468389826853535e+00
8.176317216550010869e-02 -7.753413822528437693e-02
8.805264694746166299e-02 -1.483116772121620408e-01
9.434212172942321728e-02 1.285400632057093651e+00
1.006315965113847577e-01 5.853471307704589677e-01
1.069210712933462981e-01 -6.621737840423358445e-02
1.132105460753078524e-01 1.481922490329604436e+00
1.195000208572694067e-01 4.464917299401500173e-01
1.257894956392309471e-01 1.134244442837943678e+00
1.320789704211924875e-01 1.249948719624118354e+00
1.383684452031540557e-01 8.578547868922627995e-01
1.446579199851155961e-01 7.236976767592540050e-01
1.509473947670771365e-01 1.133070976869184676e+00
1.572368695490386770e-01 -2.381655904505535215e-01
1.635263443310002174e-01 1.348961762277144150e+00
1.698158191129617856e-01 1.090367713683833450e+00
1.761052938949233260e-01 1.578325654564033176e+00
1.823947686768848664e-01 1.652050933580085257e+00
1.886842434588464346e-01 8.321741243837214030e-01
1.949737182408079750e-01 1.213994494829765847e+00
2.012631930227695154e-01 6.999415799903354607e-01
2.075526678047310558e-01 7.763337687338914828e-01
2.138421425866925962e-01 9.493791075376560862e-01
2.201316173686541644e-01 6.775497214666910128e-01
2.264210921506157048e-01 1.327565930657537585e+00
2.327105669325772452e-01 -1.639827936507247674e-01
2.390000417145388134e-01 4.695654566101332694e-01
2.452895164965003538e-01 9.530816216964841381e-01
2.515789912784618942e-01 -3.505587434474084496e-01
2.578684660604234624e-01 9.696334536276624005e-02
2.641579408423849751e-01 2.028221806571640640e-01
2.704474156243465433e-01 -2.362517866770148522e-01
2.767368904063081114e-01 1.159761273693276973e+00
2.830263651882696241e-01 1.460755347369958823e+00
2.893158399702311923e-01 1.096767840182889087e+00
2.956053147521927049e-01 4.610323824209209276e-01
3.018947895341542731e-01 6.946782719496631398e-01
3.081842643161158413e-01 6.539042941902017958e-01
3.144737390980773539e-01 1.212477891264993612e+00
3.207632138800389221e-01 5.680635052779227090e-01
3.270526886620004348e-01 1.326030626256165190e+00
3.333421634439620029e-01 5.026131631561737700e-01
3.396316382259235711e-01 4.170076759768239771e-01
3.459211130078850838e-01 -1.543214740931466711e-01
3.522105877898466519e-01 8.051139293704114852e-01
3.585000625718082201e-01 8.761979645611427392e-01
3.647895373537697328e-01 3.831362087571448249e-01
3.710790121357313009e-01 -5.732353525868021382e-01
3.773684869176928691e-01 4.504914653984044559e-01
3.836579616996543818e-01 8.235679863460373396e-01
3.899474364816159500e-01 -1.444735927943221476e-01
3.962369112635774626e-01 2.901403112112177496e-02
4.025263860455390308e-01 4.632386910806208791e-01
4.088158608275005990e-01 6.055997684478372500e-01
4.151053356094621116e-01 -7.859435660699731763e-02
4.213948103914236798e-01 -4.041730901387439179e-01
4.276842851733851925e-01 -1.224288086809398601e-01
4.339737599553467606e-01 2.212428249401967584e-01
4.402632347373083288e-01 -3.694948672684050806e-01
4.465527095192698415e-01 2.778788358026385019e-02
4.528421843012314096e-01 2.304983314971698061e-01
4.591316590831929778e-01 -2.893702073800399344e-01
4.654211338651544905e-01 -6.325546990761181654e-01
4.717106086471160586e-01 1.230857350243789172e-01
4.780000834290776268e-01 -3.419269985450030802e-01
4.842895582110391395e-01 -1.558468778153657697e-01
4.905790329930007077e-01 -8.223550439341724694e-01
4.968685077749622203e-01 6.289412465254407003e-01
5.031579825569237885e-01 -1.793311146303162573e-01
5.094474573388853011e-01 7.847557259207205149e-01
5.157369321208469248e-01 -9.541181946873198427e-01
5.220264069028084375e-01 -3.734225311413397197e-01
5.283158816847699502e-01 -8.622709839571542911e-01
5.346053564667315738e-01 8.874265426589067474e-02
5.408948312486930865e-01 -3.092380760346624680e-01
5.471843060306545992e-01 2.678738548306003331e-02
5.534737808126162228e-01 7.708997121795357899e-01
5.597632555945777355e-01 -6.424604360879029308e-01
5.660527303765392482e-01 -1.467265890355369251e-01
5.723422051585007608e-01 -3.528460833325481882e-01
5.786316799404623845e-01 -8.687840446880310541e-01
5.849211547224238972e-01 6.491355503947602301e-01
5.912106295043854098e-01 -1.200901061763918420e+00
5.975001042863470335e-01 5.639242301867923857e-01
6.037895790683085462e-01 -2.869763527134228109e-01
6.100790538502700588e-01 -7.329993131008256668e-01
6.163685286322316825e-01 1.682104144221365782e-01
6.226580034141931952e-01 6.392802276680775719e-02
6.289474781961547079e-01 4.906530423694412946e-01
6.352369529781163315e-01 1.776554033246924291e-02
6.415264277600778442e-01 -1.212914707080320786e+00
6.478159025420393569e-01 5.520607541314452860e-01
6.541053773240008695e-01 3.394759653183330173e-01
6.603948521059624932e-01 5.857832106615414869e-01
6.666843268879240059e-01 -8.458490539966350141e-01
6.729738016698855185e-01 -7.861864505947369075e-01
6.792632764518471422e-01 -1.146523320772621535e+00
6.855527512338086549e-01 -8.725272954146068294e-01
6.918422260157701675e-01 2.213875277466890168e-01
6.981317007977317912e-01 -7.477074882823031565e-01
7.044211755796933039e-01 -7.641697474548219127e-01
7.107106503616548165e-01 -7.946887503970014865e-01
7.170001251436164402e-01 -7.187853021205368176e-01
7.232895999255779529e-01 -9.516618257100544209e-01
7.295790747075394655e-01 3.366808654961417346e-02
7.358685494895010892e-01 1.583343664233800574e-01
7.421580242714626019e-01 -6.432998260862394790e-01
7.484474990534241146e-01 6.557228134554700105e-01
7.547369738353857382e-01 -2.854621921642079840e-01
7.610264486173472509e-01 5.068528324835193111e-01
7.673159233993087636e-01 2.341199262142956705e-02
7.736053981812702762e-01 2.913576059594562562e-01
7.798948729632318999e-01 -1.086016524823469886e+00
7.861843477451934126e-01 6.684808756543425545e-02
7.924738225271549252e-01 -5.765974561533839804e-01
7.987632973091165489e-01 2.926521720008148364e-01
8.050527720910780616e-01 3.141189513073145978e-01
8.113422468730395742e-01 7.229910440219262657e-01
8.176317216550011979e-01 8.977013938515614466e-01
8.239211964369627106e-01 -9.775215339233906953e-01
8.302106712189242232e-01 -4.592500556382164145e-01
8.365001460008858469e-01 -3.682048730601243935e-01
8.427896207828473596e-01 -8.012458455286941561e-02
8.490790955648088723e-01 -2.107667369374870425e-01
8.553685703467703849e-01 3.458172230287150928e-01
8.616580451287320086e-01 1.816088648536693384e-01
8.679475199106935213e-01 7.401677764330361065e-01
8.742369946926550339e-01 1.731790567328737040e-01
8.805264694746166576e-01 2.455936294411238396e-01
8.868159442565781703e-01 5.291939188500303093e-01
8.931054190385396829e-01 3.937148997442423415e-01
8.993948938205013066e-01 8.793026729457308344e-01
9.056843686024628193e-01 4.043127442487537415e-02
9.119738433844243319e-01 -3.342430641984868167e-01
9.182633181663859556e-01 8.498152949314554672e-01
9.245527929483474683e-01 -5.862435703955126698e-02
9.308422677303089809e-01 6.434573152409978070e-01
9.371317425122706046e-01 2.955893623499176726e-01
9.434212172942321173e-01 1.548622728964176964e+00
9.497106920761936300e-01 -3.054236320314930864e-01
9.560001668581552536e-01 1.013731719534358255e+00
9.622896416401167663e-01 -2.497263174592432300e-01
9.685791164220782790e-01 8.757997936677661688e-01
9.748685912040397916e-01 9.642766719068530668e-01
9.811580659860014153e-01 8.711013905594071627e-01
9.874475407679629280e-01 1.164430616565600429e+00
9.937370155499244406e-01 1.252406049392426057e+00
1.000026490331886064e+00 3.881650211611769596e-01
1.006315965113847577e+00 1.252435225477307679e+00
1.012605439895809090e+00 7.633799642083796133e-01
1.018894914677770602e+00 2.008169597768106662e+00
1.025184389459732115e+00 3.821386390163641900e-01
1.031473864241693850e+00 2.150990595660537075e+00
1.037763339023655362e+00 7.753836915245443384e-01
1.044052813805616875e+00 1.187866549305917729e+00
1.050342288587578388e+00 3.874905313223833137e-01
1.056631763369539900e+00 1.433549810272067404e+00
1.062921238151501413e+00 2.347167505965368051e+00
1.069210712933463148e+00 1.778145402744787607e+00
1.075500187715424660e+00 2.076411679153133072e+00
1.081789662497386173e+00 1.994801497325240369e+00
1.088079137279347686e+00 6.963306482446252055e-01
1.094368612061309198e+00 2.347343078841603869e+00
1.100658086843270711e+00 1.205022818182647448e+00
1.106947561625232446e+00 2.568379011579444260e+00
1.113237036407193958e+00 9.178821827863377081e-01
1.119526511189155471e+00 1.628916179144608734e+00
1.125815985971116984e+00 1.186788033241943152e+00
1.132105460753078496e+00 9.705643429797579103e-01
1.138394935535040009e+00 2.787054121203483170e+00
1.144684410317001522e+00 1.520349293582222705e+00
1.150973885098963256e+00 2.406515236369069832e+00
1.157263359880924769e+00 2.723375858360185475e+00
1.163552834662886282e+00 1.398844884883836404e+00
1.169842309444847794e+00 1.922436947226131565e+00
1.176131784226809307e+00 1.563329924230543178e+00
1.182421259008770820e+00 2.198331407887358147e+00
1.188710733790732554e+00 1.872951379498015712e+00
1.195000208572694067e+00 2.185901433469378041e+00
1.201289683354655580e+00 2.392638854302811868e+00
1.207579158136617092e+00 2.490055536533344327e+00
1.213868632918578605e+00 2.472141981413198408e+00
1.220158107700540118e+00 1.944897971886803800e+00
1.226447582482501630e+00 1.308145148598925722e+00
1.232737057264463365e+00 1.388664109250701273e+00
1.239026532046424878e+00 2.783009410628679348e+00
1.245316006828386390e+00 1.544848838636404542e+00
1.251605481610347903e+00 1.934834933811040880e+00
1.257894956392309416e+00 2.890083736244251078e+00
1.264184431174270928e+00 2.595162342592904459e+00
1.270473905956232663e+00 1.575219964312253307e+00
1.276763380738194176e+00 2.845907710522428857e+00
1.283052855520155688e+00 2.524546141447267189e+00
1.289342330302117201e+00 2.461982713175669524e+00
1.295631805084078714e+00 2.573907563853670588e+00
1.301921279866040226e+00 2.069212444656338690e+00
1.308210754648001739e+00 1.652180177082625434e+00
1.314500229429963474e+00 2.750521204860149727e+00
1.320789704211924986e+00 2.529706139593693948e+00
1.327079178993886499e+00 2.520298852313858085e+00
1.333368653775848012e+00 2.894576353842746030e+00
1.339658128557809524e+00 2.821024902429731807e+00
1.345947603339771037e+00 2.967593357655192499e+00
1.352237078121732772e+00 1.346919301176623840e+00
1.358526552903694284e+00 1.413550654277383467e+00
1.364816027685655797e+00 2.771264100558615162e+00
1.371105502467617310e+00 1.569115548668801763e+00
1.377394977249578822e+00 1.974028502887777758e+00
1.383684452031540335e+00 1.580368292770985006e+00
1.389973926813502070e+00 2.667597231956473358e+00
1.396263401595463582e+00 1.081866441047480309e+00
1.402552876377425095e+00 1.970760884854827921e+00
1.408842351159386608e+00 9.647433939830611926e-01
1.415131825941348120e+00 2.532846371804240437e+00
1.421421300723309633e+00 2.623500858944619374e+00
1.427710775505271146e+00 1.286633170647105473e+00
1.434000250287232880e+00 2.147749913276070011e+00
1.440289725069194393e+00 1.082446682181184006e+00
1.446579199851155906e+00 7.983523644852976719e-01
1.452868674633117418e+00 1.358493042068264600e+00
1.459158149415078931e+00 1.080559624012900066e+00
1.465447624197040444e+00 6.626963296664377667e-01
1.471737098979002178e+00 1.586023625291425487e+00
1.478026573760963691e+00 2.224675230047259866e+00
1.484316048542925204e+00 1.656923795627107676e+00
1.490605523324886716e+00 4.454822923439310522e-01
1.496894998106848229e+00 1.114492746524956557e+00
1.503184472888809742e+00 3.560397016304970297e-01
1.509473947670771476e+00 1.293615650447529131e+00
1.515763422452732989e+00 8.056098537581292129e-01
1.522052897234694502e+00 1.975041205595308713e-01
1.528342372016656014e+00 4.100953173499272686e-01
1.534631846798617527e+00 8.088861340556517954e-01
1.540921321580579040e+00 2.590213643315102954e-01
1.547210796362540552e+00 3.215036516972985536e-01
1.553500271144502287e+00 3.222174344227481391e-01
1.559789745926463800e+00 1.450099788900371278e+00
1.566079220708425312e+00 1.120728101645768859e+00
1.572368695490386825e+00 3.923805636679139619e-02
1.578658170272348338e+00 1.147012811220573525e+00
1.584947645054309850e+00 1.438956161308084347e+00
1.591237119836271585e+00 -2.674989673369551624e-01
1.597526594618233098e+00 5.948149739550649961e-01
1.603816069400194610e+00 -3.510816389675872617e-01
1.610105544182156123e+00 1.021283593505210696e+00
1.616395018964117636e+00 5.038919921180999850e-01
1.622684493746079148e+00 -1.405981386565857694e-01
1.628973968528040661e+00 1.141806624006652449e+00
1.635263443310002396e+00 8.266462926798736621e-01
1.641552918091963909e+00 -3.320440140117774108e-01
1.647842392873925421e+00 -7.705022841030513270e-01
1.654131867655886934e+00 7.763689151665855714e-01
1.660421342437848446e+00 -2.345916172314521653e-02
1.666710817219809959e+00 -3.675418792496845111e-01
1.673000292001771694e+00 2.166051362611092213e-01
1.679289766783733207e+00 -6.594805780358645730e-01
1.685579241565694719e+00 -1.117201677191107523e+00
1.691868716347656232e+00 -1.128492438308128287e+00
1.698158191129617745e+00 -9.179368696429688335e-01
1.704447665911579257e+00 2.432936171873611997e-02
1.710737140693540770e+00 -5.176511091483935179e-01
1.717026615475502505e+00 -1.310589057998392537e-01
1.723316090257464017e+00 4.661904214147527536e-01
1.729605565039425530e+00 -1.459202742842624412e+00
1.735895039821387043e+00 -1.275914766862955796e+00
1.742184514603348555e+00 4.029189752507351674e-01
1.748473989385310068e+00 -4.985385178483225932e-01
1.754763464167271803e+00 2.522351863336846911e-02
1.761052938949233315e+00 -1.446714223542747924e+00
1.767342413731194828e+00 -5.686318900316948977e-01
1.773631888513156341e+00 -1.689860684559854276e+00
1.779921363295117853e+00 -4.083038556616842563e-01
1.786210838077079366e+00 -1.554224051913987603e+00
1.792500312859041101e+00 -1.035049119764070769e+00
1.798789787641002613e+00 2.882374351793570710e-02
1.805079262422964126e+00 -1.712310713894855008e+00
1.811368737204925639e+00 -1.861714255089548908e+00
1.817658211986887151e+00 -1.270211966199210174e+00
1.823947686768848664e+00 -2.645961061300567962e-01
1.830237161550810177e+00 -6.769214359473820775e-01
1.836526636332771911e+00 -1.325643369582374609e+00
1.842816111114733424e+00 -1.955079516484563129e+00
1.849105585896694937e+00 -1.778970863159750504e+00
1.855395060678656449e+00 -1.309210750009924373e+00
1.861684535460617962e+00 -1.968925963387338385e+00
1.867974010242579475e+00 -1.645465063546227569e+00
1.874263485024541209e+00 -1.708432088250703362e+00
1.880552959806502722e+00 -3.029579086760381124e-01
1.886842434588464235e+00 -6.924400815847144841e-01
1.893131909370425747e+00 -1.314531597195933488e+00
1.899421384152387260e+00 -6.242791343541391758e-01
1.905710858934348773e+00 -1.384642513555176091e+00
1.912000333716310507e+00 -7.982031646341709585e-01
1.918289808498272020e+00 -1.739072808278007143e+00
1.924579283280233533e+00 -2.011369925709751705e+00
1.930868758062195045e+00 -9.414944426896609819e-01
1.937158232844156558e+00 -3.298814486269481261e-01
1.943447707626118071e+00 -1.585060310569837760e+00
1.949737182408079583e+00 -8.333668846559798560e-01
1.956026657190041318e+00 -1.261362255103276597e+00
1.962316131972002831e+00 -7.280011675568272000e-01
1.968605606753964343e+00 -7.110915690506374176e-01
1.974895081535925856e+00 -1.058100436492742880e+00
1.981184556317887369e+00 -3.708283902885425309e-01
1.987474031099848881e+00 -1.782938629886746895e+00
1.993763505881810616e+00 -8.658230640775579356e-01
2.000052980663772129e+00 -1.265963525934348466e+00
2.006342455445733641e+00 1.893034793210355282e-01
2.012631930227695154e+00 -2.964192193808983244e-01
2.018921405009656667e+00 -4.489688309633546037e-01
2.025210879791618179e+00 3.091458496562491387e-01
2.031500354573579692e+00 8.940179494133304594e-02
2.037789829355541205e+00 -1.506473240870149333e+00
2.044079304137502717e+00 -1.201900563402742206e+00
2.050368778919464230e+00 2.082096147260441565e-01
2.056658253701426187e+00 -1.011522335160843555e+00
2.062947728483387699e+00 -8.132956841405265536e-01
2.069237203265349212e+00 -4.333171719250998866e-01
2.075526678047310725e+00 1.401218139289441833e-01
2.081816152829272237e+00 5.900096975155062484e-01
2.088105627611233750e+00 -9.360090620790362248e-01
2.094395102393195263e+00 -3.350134380237590470e-02
2.100684577175156775e+00 6.428640285238538254e-01
2.106974051957118288e+00 -1.431049739961599565e-01
2.113263526739079801e+00 8.402928998749369383e-01
2.119553001521041313e+00 -4.978595405982488842e-02
2.125842476303002826e+00 3.715129599806968885e-01
2.132131951084964339e+00 8.383481814304716284e-01
2.138421425866926295e+00 6.807642037260785983e-01
2.144710900648887808e+00 9.254891262172959543e-01
2.151000375430849321e+00 9.806621897700593671e-01
2.157289850212810833e+00 5.196372088342324780e-01
2.163579324994772346e+00 1.421107348047479180e+00
2.169868799776733859e+00 1.206594916867240741e-01
2.176158274558695371e+00 1.380804781548307769e+00
2.182447749340656884e+00 8.684719968980226801e-01
2.188737224122618397e+00 4.109428251892030537e-01
2.195026698904579909e+00 1.515049848268355870e+00
2.201316173686541422e+00 4.914192323549962382e-01
2.207605648468502935e+00 4.669675361645693190e-01
2.213895123250464891e+00 8.650761830891500193e-01
2.220184598032426404e+00 1.564709291244433809e-01
2.226474072814387917e+00 1.175285244054505629e+00
2.232763547596349429e+00 1.921143421479204916e+00
2.239053022378310942e+00 5.791095855033516759e-01
2.245342497160272455e+00 1.630527687484773613e+00
2.251631971942233967e+00 1.077920566110328826e+00
2.257921446724195480e+00 8.504025168903814880e-01
2.264210921506156993e+00 1.668901290895141498e+00
2.270500396288118505e+00 2.182653063522796977e+00
2.276789871070080018e+00 7.366865849276352796e-01
2.283079345852041531e+00 2.571130764342669295e+00
2.289368820634003043e+00 1.662151200075124624e+00
2.295658295415965000e+00 1.014527930040427295e+00
2.301947770197926513e+00 2.029228371939971964e+00
2.308237244979888025e+00 2.319410536879331630e+00
2.314526719761849538e+00 1.631254162698706045e+00
2.320816194543811051e+00 1.798986443859034168e+00
2.327105669325772563e+00 1.738404014622956684e+00
2.333395144107734076e+00 2.689533663305265776e+00
2.339684618889695589e+00 1.707809684720805521e+00
2.345974093671657101e+00 1.495659275636375130e+00
2.352263568453618614e+00 3.308912157616244798e+00
2.358553043235580127e+00 2.591651341185809088e+00
2.364842518017541639e+00 1.770875951118323632e+00
2.371131992799503152e+00 2.054365452712196394e+00
2.377421467581465109e+00 2.602626071981651634e+00
2.383710942363426621e+00 3.181304495088287609e+00
2.390000417145388134e+00 3.309748510922752907e+00
2.396289891927349647e+00 3.456592131582473471e+00
2.402579366709311159e+00 2.194634921830552088e+00
2.408868841491272672e+00 3.371475761192201048e+00
2.415158316273234185e+00 3.225339958977712307e+00
2.421447791055195697e+00 2.837026821517552477e+00
2.427737265837157210e+00 3.240291518441791752e+00
2.434026740619118723e+00 1.912348358572675044e+00
2.440316215401080235e+00 3.485266541659557404e+00
2.446605690183041748e+00 1.920149090542656145e+00
2.452895164965003261e+00 2.033551072552015171e+00
2.459184639746965217e+00 2.030983969279741785e+00
2.465474114528926730e+00 2.895456828661098658e+00
2.471763589310888243e+00 3.492834380902918312e+00
2.478053064092849755e+00 3.029865154105913838e+00
2.484342538874811268e+00 3.643148526381775554e+00
2.490632013656772781e+00 3.754105748822051503e+00
2.496921488438734293e+00 3.629394215890787034e+00
2.503210963220695806e+00 2.084249026163198515e+00
2.509500438002657319e+00 2.100481621684402000e+00
2.515789912784618831e+00 3.667150973122391022e+00
2.522079387566580344e+00 3.724138474363638096e+00
2.528368862348541857e+00 1.985447945354683386e+00
2.534658337130503369e+00 2.433152140465800528e+00
2.540947811912465326e+00 2.650256877244451470e+00
2.547237286694426839e+00 3.372072798538656269e+00
2.553526761476388351e+00 3.481750312652708068e+00
2.559816236258349864e+00 3.243329354131483377e+00
2.566105711040311377e+00 2.600359179484011740e+00
2.572395185822272889e+00 3.425906460066570958e+00
2.578684660604234402e+00 3.489398327535213173e+00
2.584974135386195915e+00 1.815313708357936484e+00
2.591263610168157427e+00 3.516962044484344574e+00
2.597553084950118940e+00 2.683210364217997856e+00
2.603842559732080453e+00 2.830617829649984429e+00
2.610132034514041965e+00 2.355594277846746465e+00
2.616421509296003478e+00 2.068128829409592306e+00
2.622710984077965435e+00 1.769167552645128927e+00
2.629000458859926947e+00 3.452166362379846642e+00
2.635289933641888460e+00 2.768100248852748635e+00
2.641579408423849973e+00 3.471187058013117444e+00
2.647868883205811485e+00 1.682694074731457157e+00
2.654158357987772998e+00 2.960459372106993392e+00
2.660447832769734511e+00 2.032748361671823822e+00
2.666737307551696023e+00 2.881175931052870176e+00
2.673026782333657536e+00 2.036318712272857656e+00
2.679316257115619049e+00 2.693537803885032389e+00
2.685605731897580561e+00 1.529716361622062815e+00
2.691895206679542074e+00 2.220389915085339450e+00
2.698184681461504031e+00 2.977152376391300592e+00
2.704474156243465544e+00 2.410649000032258016e+00
2.710763631025427056e+00 2.510270758316882400e+00
2.717053105807388569e+00 2.149406420508991999e+00
2.723342580589350082e+00 1.428380936854927175e+00
2.729632055371311594e+00 2.231867440726935214e+00
2.735921530153273107e+00 2.746795358471120441e+00
2.742211004935234619e+00 1.407477443989467059e+00
2.748500479717196132e+00 1.783164809176696508e+00
2.754789954499157645e+00 2.536859498837533700e+00
2.761079429281119157e+00 1.293304810885206546e+00
2.767368904063080670e+00 7.229842876609118285e-01
2.773658378845042183e+00 8.632824712478266438e-01
2.779947853627004140e+00 4.965775735384986289e-01
2.786237328408965652e+00 1.588328693402045966e+00
2.792526803190927165e+00 2.035750876352813155e+00
2.798816277972888678e+00 1.175443121936757596e+00
2.805105752754850190e+00 1.206761014059658521e+00
2.811395227536811703e+00 1.070911081636922946e+00
2.817684702318773216e+00 1.649822779499022563e+00
2.823974177100734728e+00 1.392204789643114227e+00
2.830263651882696241e+00 5.710888335208410549e-01
2.836553126664657754e+00 8.904692586349668426e-01
2.842842601446619266e+00 9.778894044009756037e-02
2.849132076228580779e+00 8.590098094732880885e-01
2.855421551010542291e+00 7.395405714046616730e-01
2.861711025792504248e+00 -2.293931765363214081e-01
2.868000500574465761e+00 1.147226679879425948e+00
2.874289975356427274e+00 -3.986912052224289571e-01
2.880579450138388786e+00 7.626658913925913330e-01
2.886868924920350299e+00 9.449242291432302654e-02
2.893158399702311812e+00 -1.650253114710501512e-01
2.899447874484273324e+00 -1.177749275923662964e-01
2.905737349266234837e+00 -6.020430652785232484e-01
2.912026824048196350e+00 7.982861024266634242e-01
2.918316298830157862e+00 -7.827257117269370568e-02
2.924605773612119375e+00 3.676125672787265986e-01
2.930895248394080888e+00 -5.777774389396466148e-01
2.937184723176042400e+00 9.688535223783576456e-01
2.943474197958004357e+00 -5.960568806771271433e-02
2.949763672739965870e+00 8.572530623812613104e-01
2.956053147521927382e+00 -2.551455343996291703e-01
2.962342622303888895e+00 -3.767839737494687036e-01
2.968632097085850408e+00 7.447940697881634264e-01
2.974921571867811920e+00 -7.479669642673887342e-01
2.981211046649773433e+00 3.261895580319351673e-02
2.987500521431734946e+00 -1.078927845674422903e+00
2.993789996213696458e+00 9.897591406702677119e-02
3.000079470995657971e+00 -1.151023196333051946e+00
3.006368945777619484e+00 -1.883108484675679595e-01
3.012658420559580996e+00 -2.320601636140531276e-01
3.018947895341542953e+00 3.233022527019655534e-01
3.025237370123504466e+00 4.022813169750274476e-01
3.031526844905465978e+00 -1.288398351259533170e+00
3.037816319687427491e+00 -3.225863231781482821e-01
3.044105794469389004e+00 -1.058066771174690279e+00
3.050395269251350516e+00 1.615937041588173528e-01
3.056684744033312029e+00 -3.496953427687512495e-01
3.062974218815273542e+00 2.655189096542636129e-01
3.069263693597235054e+00 -3.600004675343719818e-01
3.075553168379196567e+00 -4.133319819382117455e-01
3.081842643161158080e+00 -1.244584677972899733e-01
3.088132117943119592e+00 -1.283081059870958773e+00
3.094421592725081105e+00 -3.405419944705863067e-01
3.100711067507043062e+00 -1.062247971474780117e+00
3.107000542289004574e+00 -1.530911262800598971e+00
3.113290017070966087e+00 -1.178925243960488256e+00
3.119579491852927600e+00 -5.579240241151024460e-01
3.125868966634889112e+00 -3.979927873313169329e-01
3.132158441416850625e+00 -5.072788098859815076e-01
3.138447916198812138e+00 1.142142079915771102e-01
3.144737390980773650e+00 -8.118930476952856967e-01
3.151026865762735163e+00 -2.915700855987568563e-01
3.157316340544696676e+00 -1.691597753580381891e+00
3.163605815326658188e+00 -1.677888436884149570e-01
3.169895290108619701e+00 -1.691885542293222855e+00
3.176184764890581214e+00 -9.313698637165308547e-01
3.182474239672543170e+00 -2.986864493593432979e-01
3.188763714454504683e+00 -6.676418908528760632e-01
3.195053189236466196e+00 -1.471199641014743431e+00
3.201342664018427708e+00 -8.964444646286000573e-01
3.207632138800389221e+00 -1.098938484417392170e+00
3.213921613582350734e+00 -9.933262753917000421e-01
3.220211088364312246e+00 -7.409835291685440417e-02
3.226500563146273759e+00 -1.120146798335844185e+00
3.232790037928235272e+00 -1.236941589892233795e+00
3.239079512710196784e+00 -1.345141952430626509e+00
3.245368987492158297e+00 -1.083425381382548958e+00
3.251658462274119810e+00 5.784310555546119392e-01
3.257947937056081322e+00 -6.848167108458753649e-01
3.264237411838043279e+00 -1.230164281127595904e+00
3.270526886620004792e+00 6.685052284622328145e-02
3.276816361401966304e+00 5.521241497171045509e-01
3.283105836183927817e+00 1.002447568214817064e-01
3.289395310965889330e+00 -7.130255491969392789e-01
3.295684785747850842e+00 -3.740057649971200160e-01
3.301974260529812355e+00 -5.163920744222345593e-01
3.308263735311773868e+00 6.385060600030063593e-01
3.314553210093735380e+00 9.539237968776179688e-01
3.320842684875696893e+00 -7.870668988157614177e-01
3.327132159657658406e+00 -8.033150044391327294e-01
3.333421634439619918e+00 -6.139470914393445611e-01
3.339711109221581431e+00 6.018442762237118382e-01
3.346000584003543388e+00 1.129456330904270667e+00
3.352290058785504900e+00 1.025271307670688525e+00
3.358579533567466413e+00 1.848388318778715345e-02
3.364869008349427926e+00 1.035092766105687012e+00
3.371158483131389438e+00 -5.551136085023645750e-01
3.377447957913350951e+00 4.480703485082098148e-01
3.383737432695312464e+00 2.174187693499115559e-01
3.390026907477273976e+00 1.128212775877417196e+00
3.396316382259235489e+00 4.415428752094536224e-01
3.402605857041197002e+00 3.129440601672504041e-01
3.408895331823158514e+00 -9.192508280058253600e-02
3.415184806605120027e+00 8.293788344604646756e-02
3.421474281387081540e+00 6.275421877592696207e-01
3.427763756169043496e+00 1.263451633653014161e+00
3.434053230951005009e+00 -6.323911918950431144e-03
3.440342705732966522e+00 4.892310668792672623e-01
3.446632180514928034e+00 4.234930467635776852e-01
3.452921655296889547e+00 1.630556021408774869e+00
3.459211130078851060e+00 1.053121450124721470e+00
3.465500604860812572e+00 1.607526108703910994e+00
3.471790079642774085e+00 1.985972089615197778e+00
3.478079554424735598e+00 1.885622182467875163e+00
3.484369029206697110e+00 2.989994105192316787e-01
3.490658503988658623e+00 6.592777155057710781e-01
3.496947978770620136e+00 2.200558207768513519e+00
3.503237453552582092e+00 9.096143385051027597e-01
3.509526928334543605e+00 2.219350865334661638e+00
3.515816403116505118e+00 8.864661140405498685e-01
3.522105877898466630e+00 1.030089126239031039e+00
3.528395352680428143e+00 9.871318822390455772e-01
3.534684827462389656e+00 1.759651045641643652e+00
3.540974302244351168e+00 1.934020975642664508e+00
3.547263777026312681e+00 1.048712730854219899e+00
3.553553251808274194e+00 1.760463917507816056e+00
3.559842726590235706e+00 1.834913833782988224e+00
3.566132201372197219e+00 2.637054099739869262e+00
3.572421676154158732e+00 2.376955535172448730e+00
3.578711150936120244e+00 2.625769363528043243e+00
3.585000625718082201e+00 1.993932782916334023e+00
3.591290100500043714e+00 2.237563900796398109e+00
3.597579575282005226e+00 1.239287553354244675e+00
3.603869050063966739e+00 2.173660917884607358e+00
3.610158524845928252e+00 2.268831108945512653e+00
3.616447999627889764e+00 2.920806514916288510e+00
3.622737474409851277e+00 1.259145904225466017e+00
3.629026949191812790e+00 2.875766979783046740e+00
3.635316423973774302e+00 1.881269273277729415e+00
3.641605898755735815e+00 2.993402449764686502e+00
3.647895373537697328e+00 1.294154586237114879e+00
3.654184848319658840e+00 1.280045561339810956e+00
3.660474323101620353e+00 2.088437215421550253e+00
3.666763797883582310e+00 2.607263644879652453e+00
3.673053272665543822e+00 3.021963880168840433e+00
3.679342747447505335e+00 1.827650727510553352e+00
3.685632222229466848e+00 2.329627374829853714e+00
3.691921697011428360e+00 1.723993969858663045e+00
3.698211171793389873e+00 3.004426294298299105e+00
3.704500646575351386e+00 1.296163007155627822e+00
3.710790121357312898e+00 1.656549088372042844e+00
3.717079596139274411e+00 2.825676570202629634e+00
3.723369070921235924e+00 2.181307432939227908e+00
3.729658545703197436e+00 2.095675157682261425e+00
3.735948020485158949e+00 1.161291870048260177e+00
3.742237495267120462e+00 1.554271327356921750e+00
3.748526970049082419e+00 1.576995310425556074e+00
3.754816444831043931e+00 1.672795298649065954e+00
3.761105919613005444e+00 2.879556533582575462e+00
3.767395394394966956e+00 2.179376156258791664e+00
3.773684869176928469e+00 2.236430178886338549e+00
3.779974343958889982e+00 2.566449426783615539e+00
3.786263818740851494e+00 2.168716407114327005e+00
3.792553293522813007e+00 2.116110360147425595e+00
3.798842768304774520e+00 1.500487766017925662e+00
3.805132243086736032e+00 2.290312681931361283e+00
3.811421717868697545e+00 2.113053765616991875e+00
3.817711192650659058e+00 2.070908889058171276e+00
3.824000667432621015e+00 1.831665661502697606e+00
3.830290142214582527e+00 1.453753358065650314e+00
3.836579616996544040e+00 2.871383655079406960e+00
3.842869091778505553e+00 1.628606375849412702e+00
3.849158566560467065e+00 1.821654567686468607e+00
3.855448041342428578e+00 1.404830188508940481e+00
3.861737516124390091e+00 2.145675991219233580e+00
3.868026990906351603e+00 1.438749823728653787e+00
3.874316465688313116e+00 1.113706444385489824e+00
3.880605940470274628e+00 2.483622744748435363e+00
3.886895415252236141e+00 1.359134722089050840e+00
3.893184890034197654e+00 2.126267641682327181e+00
3.899474364816159166e+00 1.308890042284807098e+00
3.905763839598121123e+00 2.000025029529330922e+00
3.912053314380082636e+00 1.813501976951006345e+00
3.918342789162044149e+00 1.290872332625738750e+00
3.924632263944005661e+00 2.308365968126848244e+00
3.930921738725967174e+00 1.641924797007408454e+00
3.937211213507928687e+00 2.147931466914604570e+00
3.943500688289890199e+00 1.911920569864105746e+00
3.949790163071851712e+00 1.146678334103824692e+00
3.956079637853813225e+00 8.454533096716105867e-01
3.962369112635774737e+00 2.168093777796607391e+00
3.968658587417736250e+00 2.061133822378236502e+00
3.974948062199697763e+00 4.331411346696035780e-01
3.981237536981659275e+00 1.205594991115610304e+00
3.987527011763621232e+00 4.872758784382505981e-01
3.993816486545582745e+00 1.928241523456925011e+00
4.000105961327544257e+00 1.572792797709987145e+00
4.006395436109505326e+00 2.629218443607697075e-01
4.012684910891467283e+00 1.959982244518543748e+00
4.018974385673428351e+00 7.932092159705221857e-01
4.025263860455390308e+00 1.853008476427947082e+00
4.031553335237352265e+00 1.082987604903290269e+00
4.037842810019313333e+00 1.535178262547175931e+00
4.044132284801275290e+00 1.920043992815811507e+00
4.050421759583236359e+00 3.647766122400561972e-01
4.056711234365198315e+00 3.514242143835146770e-01
4.063000709147159384e+00 3.294731300192039192e-01
4.069290183929121341e+00 8.689581572771239992e-01
4.075579658711082409e+00 1.878590990631190838e+00
4.081869133493044366e+00 8.035018441275898482e-01
4.088158608275005435e+00 -2.721428641334000531e-02
4.094448083056967391e+00 -2.350818116503727850e-02
4.100737557838928460e+00 4.097677015720097016e-01
4.107027032620890417e+00 1.702986118467598509e+00
4.113316507402852373e+00 4.682376454013925660e-01
4.119605982184813442e+00 2.063348677769573092e-01
4.125895456966775399e+00 1.110390834662674298e+00
4.132184931748736467e+00 7.917626971995170848e-01
4.138474406530698424e+00 1.098591881900739531e-01
4.144763881312659493e+00 1.187845007778974615e+00
4.151053356094621449e+00 1.475397462542059834e+00
4.157342830876582518e+00 1.241542801009200003e+00
4.163632305658544475e+00 3.422179593847114454e-01
4.169921780440505543e+00 -3.048770255531306206e-01
4.176211255222467500e+00 1.304883875379117431e+00
4.182500730004428569e+00 1.404874392474129596e+00
4.188790204786390525e+00 1.389729242782579588e+00
4.195079679568352482e+00 -4.384994190952240523e-02
4.201369154350313551e+00 6.143222174049348672e-01
4.207658629132275507e+00 3.432781897789505265e-03
4.213948103914236576e+00 7.698668591381014892e-01
4.220237578696198533e+00 -4.543116217946987501e-01
4.226527053478159601e+00 7.478227355892652639e-03
4.232816528260121558e+00 1.195719170790476404e+00
4.239106003042082627e+00 5.807589675847553146e-01
4.245395477824044583e+00 1.349611704922075939e+00
4.251684952606005652e+00 -1.972880902013143256e-01
4.257974427387967609e+00 -3.102544221840590755e-01
4.264263902169928677e+00 3.359835011691869600e-01
4.270553376951890634e+00 6.655603017506250829e-02
4.276842851733852591e+00 -3.108842864891775415e-01
4.283132326515813659e+00 3.123574214936633009e-01
4.289421801297775616e+00 6.687361707484729134e-01
4.295711276079736685e+00 1.605715209188525172e-01
4.302000750861698641e+00 8.078237802821306435e-01
4.308290225643659710e+00 1.275893594261757080e+00
4.314579700425621667e+00 2.980401215999143316e-01
4.320869175207582735e+00 1.230595513825503140e+00
4.327158649989544692e+00 1.261333179622662115e+00
4.333448124771505761e+00 1.089409445552008249e+00
4.339737599553467717e+00 6.645860831694158088e-01
4.346027074335428786e+00 2.267466415368727395e-01
4.352316549117390743e+00 7.993169302430636058e-01
4.358606023899352699e+00 4.845918698378340883e-01
4.364895498681313768e+00 -1.018384006895189930e-02
4.371184973463275725e+00 3.978733031046983726e-01
4.377474448245236793e+00 -2.882854497158116036e-02
4.383763923027198750e+00 3.133039183021404384e-01
4.390053397809159819e+00 7.327758509053808877e-01
4.396342872591121775e+00 3.565653451576982214e-01
4.402632347373082844e+00 4.400696922826445867e-01
4.408921822155044801e+00 -1.889807641811160899e-01
4.415211296937005869e+00 -5.100943942541398268e-01
4.421500771718967826e+00 5.855294693402665063e-01
4.427790246500929783e+00 8.771107639642827802e-01
4.434079721282890851e+00 -2.338300564968182060e-01
4.440369196064852808e+00 1.381188944905861860e+00
4.446658670846813877e+00 8.468674196037082602e-01
4.452948145628775833e+00 8.019294294222767405e-02
4.459237620410736902e+00 -4.283981263076026558e-01
4.465527095192698859e+00 3.793069295840997279e-01
4.471816569974659927e+00 -2.637437995165059501e-02
4.478106044756621884e+00 -4.710032089262885524e-01
4.484395519538582953e+00 5.300249332860502705e-01
4.490684994320544909e+00 2.739692289878648546e-01
4.496974469102505978e+00 -1.124603707528344376e-01
4.503263943884467935e+00 2.368347459726027893e-02
4.509553418666429891e+00 2.112383709725638714e-01
4.515842893448390960e+00 2.629015953261076843e-01
4.522132368230352917e+00 1.065183848215610185e+00
4.528421843012313985e+00 1.077758796194077107e+00
4.534711317794275942e+00 4.828132965326134007e-01
4.541000792576237011e+00 -3.404132853583320406e-01
4.547290267358198967e+00 1.628059975102909007e+00
4.553579742140160036e+00 4.019679287000793577e-02
4.559869216922121993e+00 1.345750901566871827e+00
4.566158691704083061e+00 1.555673796675207665e+00
4.572448166486045018e+00 9.776142222200683296e-01
4.578737641268006087e+00 -2.008276443161739477e-01
4.585027116049968043e+00 1.941063730421320743e-01
4.591316590831930000e+00 1.410779455050505060e+00
4.597606065613891069e+00 1.451590477324880446e+00
4.603895540395853025e+00 2.416652956447112865e-01
4.610185015177814094e+00 1.859321444072150609e-01
4.616474489959776051e+00 1.326126724326594619e+00
4.622763964741737119e+00 -7.560355364294690794e-02
4.629053439523699076e+00 1.437433106243301895e+00
4.635342914305660145e+00 1.351733839808598514e+00
4.641632389087622101e+00 8.577425877038843405e-01
4.647921863869583170e+00 2.558495860808585043e-03
4.654211338651545127e+00 6.084647601523318627e-01
4.660500813433506195e+00 2.374528121447622153e-02
4.666790288215468152e+00 7.898633449018117592e-01
4.673079762997430109e+00 1.634005678764566483e+00
4.679369237779391177e+00 -1.302274914941446704e-01
4.685658712561353134e+00 1.073023465156496714e+00
4.691948187343314203e+00 1.311210876288573246e+00
4.698237662125276159e+00 1.063403003692214188e+00
4.704527136907237228e+00 -8.703483374346610013e-02
4.710816611689199185e+00 -5.854303732830898332e-02
4.717106086471160253e+00 7.343692100863632444e-01
4.723395561253122210e+00 1.169559930289173266e+00
4.729685036035083279e+00 5.591451879771600630e-01
4.735974510817045235e+00 1.359369403060484593e+00
4.742263985599006304e+00 1.492195356116174376e-01
4.748553460380968261e+00 1.249181183093318825e+00
4.754842935162930218e+00 1.060578672079538265e+00
4.761132409944891286e+00 1.672361978843323937e+00
4.767421884726853243e+00 9.566066651650408925e-01
4.773711359508814311e+00 8.402080142642281979e-02
4.780000834290776268e+00 6.521776922646289609e-01
4.786290309072737337e+00 9.781892105357850031e-01
4.792579783854699293e+00 1.299994229879496865e+00
4.798869258636660362e+00 1.461408037184073749e-01
4.805158733418622319e+00 1.570094426464842208e+00
4.811448208200583387e+00 4.154595746712559379e-01
4.817737682982545344e+00 1.080922465821905432e+00
4.824027157764506413e+00 4.822981546231210337e-01
4.830316632546468369e+00 1.046240555669091465e+00
4.836606107328430326e+00 6.674785347573274352e-01
4.842895582110391395e+00 -1.001952248621641450e-01
4.849185056892353352e+00 1.560382040009944404e+00
4.855474531674314420e+00 1.370597768285738649e+00
4.861764006456276377e+00 6.774759422805729514e-01
4.868053481238237445e+00 1.467243832198068976e+00
4.874342956020199402e+00 5.353016329627765524e-01
4.880632430802160471e+00 5.879553664302494820e-01
4.886921905584122428e+00 -3.093998686725311087e-01
4.893211380366083496e+00 1.480044149916008855e+00
4.899500855148045453e+00 1.209586679875046311e+00
4.905790329930006521e+00 1.442602003957203838e+00
4.912079804711968478e+00 3.329514031189937384e-01
4.918369279493930435e+00 1.196516954083176820e+00
4.924658754275891503e+00 8.516100248385338745e-03
4.930948229057853460e+00 1.145318333169327518e+00
4.937237703839814529e+00 8.880659339517111839e-01
4.943527178621776486e+00 -2.923378969160845831e-01
4.949816653403737554e+00 9.878738375280717854e-01
4.956106128185699511e+00 9.244576022990225184e-01
4.962395602967660579e+00 -2.847893548842626021e-01
4.968685077749622536e+00 8.699355922816206510e-01
4.974974552531583605e+00 8.018342260669646393e-01
4.981264027313545562e+00 -3.313709643956881390e-01
4.987553502095506630e+00 -5.112163164855315634e-01
4.993842976877468587e+00 1.031194640720797695e+00
5.000132451659430544e+00 -2.479928385247087697e-01
5.006421926441391612e+00 1.098789104886639612e+00
5.012711401223353569e+00 7.816172429803559529e-01
5.019000876005314637e+00 -5.928151299057060619e-01
5.025290350787276594e+00 4.123360939904130440e-01
5.031579825569237663e+00 -3.755231223608925806e-01
5.037869300351199620e+00 1.475200277113932756e-01
5.044158775133160688e+00 5.085656933983501160e-01
5.050448249915122645e+00 1.046387008166607568e+00
5.056737724697083713e+00 -3.451165679202198300e-01
5.063027199479045670e+00 1.181983988662140606e+00
5.069316674261006739e+00 1.150522001081970780e+00
5.075606149042968696e+00 -7.359688196487099709e-01
5.081895623824930652e+00 -6.196302422626496220e-01
5.088185098606891721e+00 6.834912117884494043e-01
5.094474573388853678e+00 6.951005036816414462e-01
5.100764048170814746e+00 1.844241770053336449e-01
5.107053522952776703e+00 -6.288131951264375186e-01
5.113342997734737772e+00 -4.340790563539511648e-01
5.119632472516699728e+00 -6.461536280438500146e-01
5.125921947298660797e+00 6.406488462663834094e-01
5.132211422080622754e+00 -1.335294882054098853e-01
5.138500896862583822e+00 1.888786430963818042e-02
5.144790371644545779e+00 3.324004138942607822e-01
5.151079846426506847e+00 -6.553675451346956393e-01
5.157369321208468804e+00 5.007754824928116744e-01
5.163658795990430761e+00 -5.158698483303667537e-01
5.169948270772391830e+00 -7.722567960683518473e-01
5.176237745554353786e+00 6.268988295371996644e-01
5.182527220336314855e+00 -7.663969374086840869e-01
5.188816695118276812e+00 -1.783598667218792011e-01
5.195106169900237880e+00 1.174151018579103312e+00
5.201395644682199837e+00 3.509946210882151085e-01
5.207685119464160906e+00 8.905857190532876499e-01
5.213974594246122862e+00 7.841223321820947056e-01
5.220264069028083931e+00 9.021507051660699883e-01
5.226553543810045888e+00 8.297122970994903479e-01
5.232843018592006956e+00 -7.217972378369561515e-01
5.239132493373968913e+00 -3.149793964147611369e-01
5.245421968155930870e+00 9.046379946154299301e-01
5.251711442937891938e+00 3.577210266449073472e-01
5.258000917719853895e+00 6.310233275923238239e-01
5.264290392501814964e+00 -4.870840476596907109e-01
5.270579867283776920e+00 2.944946078991890204e-01
5.276869342065737989e+00 8.633031866707407964e-02
5.283158816847699946e+00 1.381104654480774574e+00
5.289448291629661014e+00 8.271386231020860791e-03
5.295737766411622971e+00 -2.260643261346444444e-01
5.302027241193584040e+00 7.094513935805547566e-01
5.308316715975545996e+00 9.438265415276847481e-02
5.314606190757507953e+00 1.080981652147976924e+00
5.320895665539469022e+00 3.858099783632672475e-01
5.327185140321430978e+00 9.139624551206211311e-01
5.333474615103392047e+00 1.338552555983818948e+00
5.339764089885354004e+00 1.388253328787806051e+00
5.346053564667315072e+00 1.267373684350311169e+00
5.352343039449277029e+00 8.653503715065031798e-01
5.358632514231238098e+00 2.970463340500039129e-01
5.364921989013200054e+00 6.017518719026400120e-01
5.371211463795161123e+00 7.139691605889313397e-01
5.377500938577123080e+00 2.599715217593553396e-01
5.383790413359084148e+00 1.150011560830011437e+00
5.390079888141046105e+00 2.679007103438195148e-01
5.396369362923008062e+00 -1.193001774644985025e-01
5.402658837704969130e+00 3.032197444681191123e-01
5.408948312486931087e+00 1.699219284789004414e+00
5.415237787268892156e+00 1.258718178103185314e+00
5.421527262050854112e+00 3.751944614865143635e-02
5.427816736832815181e+00 1.581043946122848043e+00
5.434106211614777138e+00 7.635625532609932042e-01
5.440395686396738206e+00 6.286308190915812499e-01
5.446685161178700163e+00 3.850654394996689267e-01
5.452974635960661232e+00 9.327422217737413312e-02
5.459264110742623188e+00 1.272764867043923998e-01
5.465553585524584257e+00 1.758840556275160116e+00
5.471843060306546214e+00 1.109302844146510258e+00
5.478132535088508170e+00 6.826309756973532039e-01
5.484422009870469239e+00 2.723046642588613508e-01
5.490711484652431196e+00 3.409120498037768732e-01
5.497000959434392264e+00 1.976562998623049516e+00
5.503290434216354221e+00 7.584800222577074980e-01
5.509579908998315290e+00 5.666094282214259037e-01
5.515869383780277246e+00 1.331957778080717247e+00
5.522158858562238315e+00 1.154959870354472118e+00
5.528448333344200272e+00 1.178340326425226570e+00
5.534737808126161340e+00 1.820416374746270272e+00
5.541027282908123297e+00 1.253133789221584804e+00
5.547316757690084366e+00 7.355774580116631878e-01
5.553606232472046322e+00 2.373129913675755098e+00
5.559895707254008279e+00 2.115785590728555654e+00
5.566185182035969348e+00 2.495663898758154975e+00
5.572474656817931304e+00 1.823942154203216592e+00
5.578764131599892373e+00 2.467506968020003022e+00
5.585053606381854330e+00 2.331363740612646396e+00
5.591343081163815398e+00 1.422131736130554103e+00
5.597632555945777355e+00 1.384357697582441649e+00
5.603922030727738424e+00 1.294955694304402716e+00
5.610211505509700380e+00 2.566930310595080478e+00
5.616500980291661449e+00 1.187108330901472053e+00
5.622790455073623406e+00 2.195383201005442153e+00
5.629079929855584474e+00 2.139126130986684249e+00
5.635369404637546431e+00 1.716842724257100938e+00
5.641658879419508388e+00 2.216408188262103174e+00
5.647948354201469456e+00 8.632633415942780886e-01
5.654237828983431413e+00 1.989305896093634063e+00
5.660527303765392482e+00 1.238756289815919232e+00
5.666816778547354438e+00 8.183413719201921843e-01
5.673106253329315507e+00 1.613121873895690284e+00
5.679395728111277464e+00 1.587907766623433137e+00
5.685685202893238532e+00 1.917797760901034154e+00
5.691974677675200489e+00 1.854551752139673493e+00
5.698264152457161558e+00 1.279624891477977755e+00
5.704553627239123514e+00 1.111337774194379069e+00
5.710843102021084583e+00 2.428371695983216227e+00
5.717132576803046540e+00 1.941960083714686647e+00
5.723422051585008496e+00 1.543733043835154195e+00
5.729711526366969565e+00 2.023843817138796908e+00
5.736001001148931522e+00 1.447133601369306799e+00
5.742290475930892590e+00 8.255067906568485103e-01
5.748579950712854547e+00 9.546221400735348528e-01
5.754869425494815616e+00 1.666172615955290093e+00
5.761158900276777572e+00 2.499400458845681960e+00
5.767448375058738641e+00 1.075718604153562685e+00
5.773737849840700598e+00 1.655698738331804698e+00
5.780027324622661666e+00 1.805572685029362079e+00
5.786316799404623623e+00 6.143229115496549042e-01
5.792606274186584692e+00 8.941892320318687304e-01
5.798895748968546648e+00 2.001784894176160901e+00
5.805185223750508605e+00 1.413316803218510609e+00
5.811474698532469674e+00 1.764124247825297198e+00
5.817764173314431631e+00 1.532919305562217227e+00
5.824053648096392699e+00 1.146558211572661579e+00
5.830343122878354656e+00 8.041735921478216920e-01
5.836632597660315724e+00 4.209307635780025758e-01
5.842922072442277681e+00 1.195914696391795706e+00
5.849211547224238750e+00 2.110335348834617708e+00
5.855501022006200706e+00 1.746208257460746260e+00
5.861790496788161775e+00 7.872856837174775357e-01
5.868079971570123732e+00 8.379581903275281629e-01
5.874369446352084800e+00 1.853899979075197546e+00
5.880658921134046757e+00 6.076625798305126391e-01
5.886948395916008714e+00 7.951607427446532039e-01
5.893237870697969782e+00 5.440591056162638051e-01
5.899527345479931739e+00 9.476589724705527518e-01
5.905816820261892808e+00 7.240340080394591649e-01
5.912106295043854765e+00 -6.364044986075878541e-02
5.918395769825815833e+00 1.328776497023776315e+00
5.924685244607777790e+00 2.936556913202942876e-01
5.930974719389738858e+00 1.473960720118238310e+00
5.937264194171700815e+00 1.718483896776778153e+00
5.943553668953661884e+00 5.720398026513277001e-01
5.949843143735623840e+00 2.457163815990430766e-01
5.956132618517584909e+00 1.294683014139648813e+00
5.962422093299546866e+00 -3.788667519919454718e-01
5.968711568081508823e+00 9.596749400950492781e-01
5.975001042863469891e+00 1.326219279429511344e+00
5.981290517645431848e+00 1.272733466573116479e+00
5.987579992427392916e+00 3.049160871060974110e-02
5.993869467209354873e+00 -9.957364354539532947e-02
6.000158941991315942e+00 9.013547841339579758e-01
6.006448416773277899e+00 4.192822413061005893e-01
6.012737891555238967e+00 -4.254961067584597245e-01
6.019027366337200924e+00 1.076126507817405598e+00
6.025316841119161992e+00 4.309662551615711656e-02
6.031606315901123949e+00 -2.898640116869799499e-01
6.037895790683085906e+00 1.924535025547906564e-01
6.044185265465046974e+00 2.578480184759843752e-01
6.050474740247008931e+00 -3.076191054674859426e-01
6.056764215028970000e+00 6.788996528604149816e-01
6.063053689810931957e+00 6.279118105225118818e-01
6.069343164592893025e+00 -1.164449113212784770e+00
6.075632639374854982e+00 -1.139788138814757490e+00
6.081922114156816050e+00 -1.191600937749309086e+00
6.088211588938778007e+00 -1.138469193189324269e-01
6.094501063720739076e+00 3.510980987223553118e-01
6.100790538502701033e+00 -5.375891156176844099e-01
6.107080013284662101e+00 -2.624421259571536602e-01
6.113369488066624058e+00 1.344516180888790657e-01
6.119658962848586015e+00 -1.112595903832165334e+00
6.125948437630547083e+00 6.196239934319769382e-02
6.132237912412509040e+00 -7.091483549145696230e-01
6.138527387194470109e+00 -1.092979985862386538e+00
6.144816861976432065e+00 -1.177560603975282616e+00
6.151106336758393134e+00 -2.672666973469204343e-01
6.157395811540355091e+00 -6.685978880758642884e-01
6.163685286322316159e+00 -1.781580694233416473e+00
6.169974761104278116e+00 -1.257737941915005431e+00
6.176264235886239184e+00 -1.612693876094497325e+00
6.182553710668201141e+00 -9.841907713383202250e-02
6.188843185450162210e+00 -6.043124726394930590e-01
6.195132660232124167e+00 -2.786773322627467131e-01
6.201422135014086123e+00 -1.858791218576516968e+00
6.207711609796047192e+00 -1.879478064917295965e+00
6.214001084578009149e+00 -1.707543872431451781e-01
6.220290559359970217e+00 -1.797981968807082831e+00
6.226580034141932174e+00 -1.770109945615726543e+00
6.232869508923893243e+00 -1.941642761571327869e+00
6.239158983705855199e+00 -2.087259150510151429e+00
6.245448458487816268e+00 -1.995848401777864822e+00
6.251737933269778225e+00 -5.422051745407470147e-01
6.258027408051739293e+00 -2.064347428794277572e-01
6.264316882833701250e+00 -9.464500286182131461e-01
6.270606357615662318e+00 -9.267216533733817485e-01
6.276895832397624275e+00 -5.155281009827281657e-01
6.283185307179586232e+00 -2.821171076677126965e-01
