0.000000000000000000e+00 -3.602349458814564365e-01
6.289474781961547356e-03 3.329091890019632571e-01
1.257894956392309471e-02 7.094833900878372290e-01
1.886842434588464207e-02 1.048986498099480524e+00
2.515789912784618942e-02 2.001939836823293795e-01
3.144737390980773678e-02 6.407603358432112373e-01
3.773684869176928414e-02 -3.206803319209028391e-01
4.402632347373083149e-02 4.162949684740346878e-01
5.031579825569237885e-02 3.982089140029592134e-01
5.660527303765392620e-02 1.282364542654202744e+00
6.289474781961547356e-02 1.832280782240731654e-01
6.918422260157702786e-02 1.144239559268127593e-01
7.547369738353856827e-02 1.083647375509414479e+00
8.176317216550010869e-02 -1.022194178425001043e-02
8.805264694746166299e-02 1.595030623973746176e+00
9.434212172942321728e-02 1.545581376192336709e+00
1.006315965113847577e-01 1.488565645102415846e+00
1.069210712933462981e-01 7.342648286379381828e-01
1.132105460753078524e-01 5.034116705414105608e-01
1.195000208572694067e-01 -3.376723121856451404e-01
1.257894956392309471e-01 -7.510542045640372644e-02
1.320789704211924875e-01 1.794241107811432867e-01
1.383684452031540557e-01 1.931217871718544643e-01
1.446579199851155961e-01 -1.493922098280588973e-01
1.509473947670771365e-01 1.496371546445766643e-01
1.572368695490386770e-01 1.350457934186237052e+00
1.635263443310002174e-01 -3.506541263864526581e-02
1.698158191129617856e-01 1.268565594628051407e+00
1.761052938949233260e-01 1.613411683087340176e+00
1.823947686768848664e-01 -2.739848466550154349e-01
1.886842434588464346e-01 4.089535066205162162e-01
1.949737182408079750e-01 6.720507353525508876e-01
2.012631930227695154e-01 1.630249311173251892e+00
2.075526678047310558e-01 -1.369520106841161100e-01
2.138421425866925962e-01 6.776725482032766035e-01
2.201316173686541644e-01 2.536893042027337231e-01
2.264210921506157048e-01 1.309760557291066441e+00
2.327105669325772452e-01 -1.453213843858998100e-01
2.390000417145388134e-01 1.159628532772927878e+00
2.452895164965003538e-01 1.140176501465512970e-01
2.515789912784618942e-01 4.087758779284158539e-01
2.578684660604234624e-01 1.214657641105687524e+00
2.641579408423849751e-01 1.331740029861741892e+00
2.704474156243465433e-01 1.159533747970008077e+00
2.767368904063081114e-01 1.012427893942555723e+00
2.830263651882696241e-01 -3.626161054634507996e-01
2.893158399702311923e-01 1.054288075373364664e-01
2.956053147521927049e-01 1.259734153804686230e+00
3.018947895341542731e-01 1.433288991241186805e+00
3.081842643161158413e-01 6.361969858673452993e-01
3.144737390980773539e-01 1.745797298212934390e-01
3.207632138800389221e-01 -2.190563177072867296e-01
3.270526886620004348e-01 9.670953897719836156e-01
3.333421634439620029e-01 -1.155022184047950207e-01
3.396316382259235711e-01 -3.145189781377073501e-01
3.459211130078850838e-01 -5.054945059193811652e-01
3.522105877898466519e-01 1.183422217317549485e+00
3.585000625718082201e-01 5.131168518789103183e-01
3.647895373537697328e-01 -4.311477656700462013e-01
3.710790121357313009e-01 -5.117844417980257354e-01
3.773684869176928691e-01 1.245299131099344869e+00
3.836579616996543818e-01 1.243327238777625077e+00
3.899474364816159500e-01 1.078767180837880701e-03
3.962369112635774626e-01 9.401717380319007944e-02
4.025263860455390308e-01 -1.300449627249308238e-01
4.088158608275005990e-01 3.924406867061319693e-01
4.151053356094621116e-01 -5.287485506329687723e-01
4.213948103914236798e-01 9.315576618303991197e-01
4.276842851733851925e-01 1.196247508905410317e+00
4.339737599553467606e-01 -7.242415849606225198e-01
4.402632347373083288e-01 6.098627332227100073e-01
4.465527095192698415e-01 8.660229030200472522e-03
4.528421843012314096e-01 -5.992059463522079188e-01
4.591316590831929778e-01 4.131405110703720851e-01
4.654211338651544905e-01 4.224920363268054313e-01
4.717106086471160586e-01 -5.422412086783171548e-01
4.780000834290776268e-01 -4.290640838887418429e-01
4.842895582110391395e-01 5.795750509557301422e-01
4.905790329930007077e-01 8.698814428359220585e-01
4.968685077749622203e-01 3.487173242087422409e-01
5.031579825569237885e-01 -9.004232327209917841e-01
5.094474573388853011e-01 -9.288738055924039561e-01
5.157369321208469248e-01 -7.941325224959026041e-01
5.220264069028084375e-01 1.075787097834834949e-01
5.283158816847699502e-01 -3.724260559922940583e-01
5.346053564667315738e-01 -3.776838864846638888e-01
5.408948312486930865e-01 7.947336841585126432e-01
5.471843060306545992e-01 -5.170514931499918809e-01
5.534737808126162228e-01 2.698396238529217062e-01
5.597632555945777355e-01 -8.286152391845869047e-01
5.660527303765392482e-01 2.240804118829655689e-01
5.723422051585007608e-01 -1.039142329147834110e+00
5.786316799404623845e-01 -3.738984758397390085e-01
5.849211547224238972e-01 -3.579775463582479667e-01
5.912106295043854098e-01 -5.096924034702945416e-01
5.975001042863470335e-01 3.195068827899434361e-01
6.037895790683085462e-01 -1.108096250942874450e+00
6.100790538502700588e-01 4.375273848583693947e-01
6.163685286322316825e-01 -8.049699649316175432e-01
6.226580034141931952e-01 6.064292517213325517e-01
6.289474781961547079e-01 -9.559401540070002756e-01
6.352369529781163315e-01 -8.009919612945066714e-01
6.415264277600778442e-01 -1.095601434471636049e+00
6.478159025420393569e-01 -3.208112945279184558e-01
6.541053773240008695e-01 -2.680244356922287796e-01
6.603948521059624932e-01 -1.107491773301878091e+00
6.666843268879240059e-01 -8.601011477437743302e-01
6.729738016698855185e-01 -1.284946468991587931e+00
6.792632764518471422e-01 -1.289772834984368455e-01
6.855527512338086549e-01 -5.058158658975917543e-01
6.918422260157701675e-01 -1.060692030536239505e+00
6.981317007977317912e-01 -1.743413497454171512e-01
7.044211755796933039e-01 6.311291305812760655e-03
7.107106503616548165e-01 -1.273806084764309121e+00
7.170001251436164402e-01 -6.124318564003570220e-01
7.232895999255779529e-01 -9.567638320898601556e-01
7.295790747075394655e-01 -5.276585675736253922e-01
7.358685494895010892e-01 2.178567158965245554e-01
7.421580242714626019e-01 -9.956274185394846654e-01
7.484474990534241146e-01 -1.117562578214687630e+00
7.547369738353857382e-01 7.248899550612986076e-01
7.610264486173472509e-01 -1.025847507021404592e-01
7.673159233993087636e-01 -1.067739225151785432e+00
7.736053981812702762e-01 -2.989003283924276388e-01
7.798948729632318999e-01 -3.027173653642667439e-02
7.861843477451934126e-01 -2.934844655482942155e-01
7.924738225271549252e-01 4.267545708503004409e-01
7.987632973091165489e-01 -8.832608343208256940e-01
8.050527720910780616e-01 -1.062830931101366616e+00
8.113422468730395742e-01 -4.905826236443533439e-01
8.176317216550011979e-01 5.725330950972045141e-01
8.239211964369627106e-01 4.590549492188547021e-01
8.302106712189242232e-01 -5.032545430832462419e-01
8.365001460008858469e-01 -6.169169952499489185e-01
8.427896207828473596e-01 5.337705344088036208e-01
8.490790955648088723e-01 9.681106560558050411e-01
8.553685703467703849e-01 -2.981370950896069516e-01
8.616580451287320086e-01 -2.848957150467803512e-01
8.679475199106935213e-01 -4.095906211358069093e-01
8.742369946926550339e-01 6.416935309489302242e-01
8.805264694746166576e-01 1.943985614741383650e-01
8.868159442565781703e-01 9.719670103830502228e-02
8.931054190385396829e-01 5.826030611537753590e-01
8.993948938205013066e-01 4.437451990784458955e-01
9.056843686024628193e-01 8.839698313121058248e-01
9.119738433844243319e-01 -4.645990332034266590e-01
9.182633181663859556e-01 1.179045668592612728e+00
9.245527929483474683e-01 -2.676362221594237312e-01
9.308422677303089809e-01 5.246155077202202532e-01
9.371317425122706046e-01 1.484608941407361993e+00
9.434212172942321173e-01 -3.848866945617919200e-01
9.497106920761936300e-01 1.054757795180696567e+00
9.560001668581552536e-01 1.476734233548906428e-01
9.622896416401167663e-01 1.285678121299103305e+00
9.685791164220782790e-01 2.457235010511646389e-02
9.748685912040397916e-01 3.598742785654619469e-01
9.811580659860014153e-01 1.070581745206247826e+00
9.874475407679629280e-01 1.251802437443202853e+00
9.937370155499244406e-01 2.000139609645070760e-01
1.000026490331886064e+00 1.630422864847367759e+00
1.006315965113847577e+00 1.704880149963910574e+00
1.012605439895809090e+00 1.070500206361969742e+00
1.018894914677770602e+00 1.168137521233395759e+00
1.025184389459732115e+00 8.966029669318940076e-01
1.031473864241693850e+00 8.105470623332866609e-01
1.037763339023655362e+00 1.259328319795209428e+00
1.044052813805616875e+00 2.817124659316412871e-01
1.050342288587578388e+00 2.095587289996598823e+00
1.056631763369539900e+00 1.530604979838054991e+00
1.062921238151501413e+00 3.932999959871842921e-01
1.069210712933463148e+00 7.936645730552405187e-01
1.075500187715424660e+00 1.435613102662469442e+00
1.081789662497386173e+00 9.251653380708155794e-01
1.088079137279347686e+00 1.679957781738257161e+00
1.094368612061309198e+00 1.277482959785063876e+00
1.100658086843270711e+00 2.356177472683069762e+00
1.106947561625232446e+00 2.097453079548752708e+00
1.113237036407193958e+00 8.092480686696303938e-01
1.119526511189155471e+00 2.616360315455394936e+00
1.125815985971116984e+00 1.828399580084893117e+00
1.132105460753078496e+00 1.835861338298017564e+00
1.138394935535040009e+00 1.736499291250178212e+00
1.144684410317001522e+00 2.385466046632578774e+00
1.150973885098963256e+00 1.791142992424023417e+00
1.157263359880924769e+00 1.280953815870023105e+00
1.163552834662886282e+00 2.805977115882425377e+00
1.169842309444847794e+00 1.390063811091311052e+00
1.176131784226809307e+00 1.593570141334580192e+00
1.182421259008770820e+00 2.509753332461842845e+00
1.188710733790732554e+00 1.060623920109090346e+00
1.195000208572694067e+00 2.592903410450176249e+00
1.201289683354655580e+00 1.416799234082786629e+00
1.207579158136617092e+00 1.333906764958557423e+00
1.213868632918578605e+00 2.062754676627200023e+00
1.220158107700540118e+00 2.841905644542361831e+00
1.226447582482501630e+00 1.982211609846695755e+00
1.232737057264463365e+00 1.806373745186841129e+00
1.239026532046424878e+00 1.885543530804959289e+00
1.245316006828386390e+00 2.693913236857222948e+00
1.251605481610347903e+00 2.728128630104408536e+00
1.257894956392309416e+00 2.991598066081324170e+00
1.264184431174270928e+00 1.587005798915423593e+00
1.270473905956232663e+00 2.106192631532199933e+00
1.276763380738194176e+00 2.999355135238815251e+00
1.283052855520155688e+00 1.964225023964227379e+00
1.289342330302117201e+00 1.707931422729936033e+00
1.295631805084078714e+00 2.388247705108964780e+00
1.301921279866040226e+00 2.594512850965061901e+00
1.308210754648001739e+00 1.289276897759121354e+00
1.314500229429963474e+00 1.469874067479993940e+00
1.320789704211924986e+00 2.521541434873873389e+00
1.327079178993886499e+00 3.046090678152361342e+00
1.333368653775848012e+00 1.695917657880398943e+00
1.339658128557809524e+00 2.733367011124014034e+00
1.345947603339771037e+00 1.845495123234997425e+00
1.352237078121732772e+00 2.795672201906921117e+00
1.358526552903694284e+00 2.965485773523930835e+00
1.364816027685655797e+00 1.340030716749900597e+00
1.371105502467617310e+00 3.019670120075185871e+00
1.377394977249578822e+00 1.490078933746517675e+00
1.383684452031540335e+00 2.189699352117459696e+00
1.389973926813502070e+00 2.493864675488214111e+00
1.396263401595463582e+00 1.509370911963993755e+00
1.402552876377425095e+00 2.667743036399162548e+00
1.408842351159386608e+00 1.087220158372794288e+00
1.415131825941348120e+00 8.841533121334688161e-01
1.421421300723309633e+00 1.101901708055291751e+00
1.427710775505271146e+00 2.630821067272116842e+00
1.434000250287232880e+00 1.322168262872226219e+00
1.440289725069194393e+00 2.141884968079804441e+00
1.446579199851155906e+00 2.051176328629429335e+00
1.452868674633117418e+00 2.416212961922257207e+00
1.459158149415078931e+00 1.300665161566812555e+00
1.465447624197040444e+00 1.610477948626536371e+00
1.471737098979002178e+00 1.854572218012482177e+00
1.478026573760963691e+00 1.652790669580848082e+00
1.484316048542925204e+00 1.657615116719661996e+00
1.490605523324886716e+00 6.983553189711857456e-01
1.496894998106848229e+00 1.537197098522629757e+00
1.503184472888809742e+00 2.061817204699057271e+00
1.509473947670771476e+00 8.767719070199164744e-01
1.515763422452732989e+00 1.594948971387702752e+00
1.522052897234694502e+00 5.780840850225734684e-01
1.528342372016656014e+00 1.894687743699642879e-01
1.534631846798617527e+00 1.727399051338288638e-01
1.540921321580579040e+00 2.777083432508727356e-01
1.547210796362540552e+00 8.055922086521999370e-01
1.553500271144502287e+00 4.931368695071402519e-01
1.559789745926463800e+00 4.395717002230942194e-01
1.566079220708425312e+00 5.908251636957215780e-01
1.572368695490386825e+00 2.481202395956863538e-01
1.578658170272348338e+00 5.653909701736392623e-02
1.584947645054309850e+00 -2.373296030844096460e-02
1.591237119836271585e+00 -2.227093979967825765e-02
1.597526594618233098e+00 1.279617677655095820e+00
1.603816069400194610e+00 2.345533601175009419e-01
1.610105544182156123e+00 8.249683687367528329e-01
1.616395018964117636e+00 -6.737902558401898112e-02
1.622684493746079148e+00 -1.207271211702130032e-01
1.628973968528040661e+00 -2.766095578753243744e-01
1.635263443310002396e+00 4.663644154190538238e-01
1.641552918091963909e+00 -1.033392438335544172e-01
1.647842392873925421e+00 8.713997855711683727e-01
1.654131867655886934e+00 7.753805047659443339e-01
1.660421342437848446e+00 5.689511123143295990e-01
1.666710817219809959e+00 -5.758944329034327847e-01
1.673000292001771694e+00 -1.132244195334157766e-01
1.679289766783733207e+00 2.676102598990215409e-01
1.685579241565694719e+00 -1.124871213546070781e+00
1.691868716347656232e+00 6.543397278400362449e-01
1.698158191129617745e+00 5.033428146456087049e-01
1.704447665911579257e+00 -3.466332075040767791e-02
1.710737140693540770e+00 -4.033035428832807412e-01
1.717026615475502505e+00 3.783650926299930717e-02
1.723316090257464017e+00 -3.773461012422725247e-01
1.729605565039425530e+00 -1.915996202901313339e-01
1.735895039821387043e+00 -3.550037921429611831e-01
1.742184514603348555e+00 -9.564434466737856688e-01
1.748473989385310068e+00 -6.704310244792999196e-01
1.754763464167271803e+00 -1.290907442399490179e+00
1.761052938949233315e+00 -1.186466735706988018e+00
1.767342413731194828e+00 -1.501165354469670588e+00
1.773631888513156341e+00 -1.353617426972864690e+00
1.779921363295117853e+00 -3.612853774396367346e-01
1.786210838077079366e+00 1.908904940558731056e-02
1.792500312859041101e+00 -1.777867875112197682e+00
1.798789787641002613e+00 -2.360836473790439705e-01
1.805079262422964126e+00 -1.667245277641036250e-01
1.811368737204925639e+00 -2.661928814869607418e-01
1.817658211986887151e+00 -1.539153445139716858e+00
1.823947686768848664e+00 -1.637270054923256168e+00
1.830237161550810177e+00 -5.289619590265826066e-01
1.836526636332771911e+00 -1.855901672716910422e+00
1.842816111114733424e+00 -7.437298055087597781e-01
1.849105585896694937e+00 -8.915352173555657345e-01
1.855395060678656449e+00 -1.418589194399412889e+00
1.861684535460617962e+00 -1.934306098801363394e+00
1.867974010242579475e+00 -4.744642304324679927e-01
1.874263485024541209e+00 -1.949446996365861384e+00
1.880552959806502722e+00 -2.068850914645623984e+00
1.886842434588464235e+00 -7.821386191354595674e-02
1.893131909370425747e+00 -1.497767468354504139e+00
1.899421384152387260e+00 -1.741738878073266550e+00
1.905710858934348773e+00 -5.611068142268293979e-01
1.912000333716310507e+00 -2.557172654645161192e-01
1.918289808498272020e+00 -1.903585877513040980e+00
1.924579283280233533e+00 -1.998269142107496510e+00
1.930868758062195045e+00 -7.766037118832334052e-01
1.937158232844156558e+00 -9.449965295583124814e-01
1.943447707626118071e+00 -1.856463852066768005e+00
1.949737182408079583e+00 7.392517328579373270e-03
1.956026657190041318e+00 -1.422759569807813484e+00
1.962316131972002831e+00 -1.049509482232411361e-01
1.968605606753964343e+00 -3.949183368794155768e-01
1.974895081535925856e+00 -1.803002470248745492e+00
1.981184556317887369e+00 -4.697767836560335919e-01
1.987474031099848881e+00 9.314123141607755230e-02
1.993763505881810616e+00 -1.539342865935207527e+00
2.000052980663772129e+00 -5.120819276727617275e-01
2.006342455445733641e+00 -3.446715189531295298e-01
2.012631930227695154e+00 -5.744086140934985263e-01
2.018921405009656667e+00 -1.228232104886195941e+00
2.025210879791618179e+00 1.061831906897690025e-01
2.031500354573579692e+00 1.354300071277758644e-01
2.037789829355541205e+00 3.337240332050535052e-01
2.044079304137502717e+00 -6.406393454856793568e-01
2.050368778919464230e+00 3.125877276568242991e-01
2.056658253701426187e+00 -1.209879011116268943e+00
2.062947728483387699e+00 5.484299458451411535e-01
2.069237203265349212e+00 -1.263768648872263034e+00
2.075526678047310725e+00 2.851119932066690232e-01
2.081816152829272237e+00 4.490965382945852902e-01
2.088105627611233750e+00 4.545021974514813490e-01
2.094395102393195263e+00 -4.409544604434196824e-01
2.100684577175156775e+00 -1.049207348711672871e+00
2.106974051957118288e+00 8.741846848060336184e-01
2.113263526739079801e+00 2.944501077400120126e-01
2.119553001521041313e+00 -6.864514244484971606e-01
2.125842476303002826e+00 -3.030386873057676622e-01
2.132131951084964339e+00 -2.673096737791667010e-01
2.138421425866926295e+00 3.895218032431089217e-01
2.144710900648887808e+00 6.846622894843945595e-02
2.151000375430849321e+00 1.230106594893719318e+00
2.157289850212810833e+00 5.558014245256892583e-01
2.163579324994772346e+00 -3.470163872296830321e-01
2.169868799776733859e+00 -1.820322665480276214e-01
2.176158274558695371e+00 1.314246635455976753e+00
2.182447749340656884e+00 3.296915821691431825e-01
2.188737224122618397e+00 1.780739856880359850e+00
2.195026698904579909e+00 -1.798649505266822213e-02
2.201316173686541422e+00 3.817266287639425326e-01
2.207605648468502935e+00 7.555461426384821877e-01
2.213895123250464891e+00 8.818536745897316287e-01
2.220184598032426404e+00 2.088704670545074027e+00
2.226474072814387917e+00 5.288456813391080313e-01
2.232763547596349429e+00 5.497311723579675347e-01
2.239053022378310942e+00 1.381035632457110696e+00
2.245342497160272455e+00 5.312809469945336538e-01
2.251631971942233967e+00 1.220953674465538041e+00
2.257921446724195480e+00 1.697189363497525694e+00
2.264210921506156993e+00 1.024196441305133209e+00
2.270500396288118505e+00 1.895376084554700524e+00
2.276789871070080018e+00 9.066520826968805791e-01
2.283079345852041531e+00 1.295326104002081591e+00
2.289368820634003043e+00 8.647539859732654710e-01
2.295658295415965000e+00 1.670044563232590651e+00
2.301947770197926513e+00 1.984211786977311931e+00
2.308237244979888025e+00 1.485492209804191610e+00
2.314526719761849538e+00 2.379194672739699534e+00
2.320816194543811051e+00 2.032527874374435939e+00
2.327105669325772563e+00 2.255153855324442347e+00
2.333395144107734076e+00 2.936256034858867547e+00
2.339684618889695589e+00 1.964023501680135730e+00
2.345974093671657101e+00 1.538269730447083594e+00
2.352263568453618614e+00 1.622446820420022862e+00
2.358553043235580127e+00 2.450535915973248713e+00
2.364842518017541639e+00 2.898285219547123592e+00
2.371131992799503152e+00 3.431698709823021609e+00
2.377421467581465109e+00 3.102200804744616569e+00
2.383710942363426621e+00 2.514237745190903262e+00
2.390000417145388134e+00 1.758540296812228787e+00
2.396289891927349647e+00 2.365768798509991111e+00
2.402579366709311159e+00 1.965519242387824495e+00
2.408868841491272672e+00 2.286476574169801879e+00
2.415158316273234185e+00 2.236962855726823740e+00
2.421447791055195697e+00 2.480909691308969656e+00
2.427737265837157210e+00 3.282076343800205187e+00
2.434026740619118723e+00 3.294742238834452941e+00
2.440316215401080235e+00 1.945080232208182824e+00
2.446605690183041748e+00 2.248274207267635383e+00
2.452895164965003261e+00 3.405160883578987718e+00
2.459184639746965217e+00 2.771234782312228973e+00
2.465474114528926730e+00 2.752318064863426450e+00
2.471763589310888243e+00 3.147974152420054850e+00
2.478053064092849755e+00 2.470611011531786083e+00
2.484342538874811268e+00 2.376231158686069378e+00
2.490632013656772781e+00 1.973992174443238934e+00
2.496921488438734293e+00 3.602394728080732023e+00
2.503210963220695806e+00 2.784803242079766150e+00
2.509500438002657319e+00 2.237942181876445780e+00
2.515789912784618831e+00 2.956342593155077303e+00
2.522079387566580344e+00 3.056530892090692397e+00
2.528368862348541857e+00 3.454330402977971559e+00
2.534658337130503369e+00 3.362990506059012397e+00
2.540947811912465326e+00 2.118371168360536405e+00
2.547237286694426839e+00 3.099162943174513352e+00
2.553526761476388351e+00 1.911708007743305959e+00
2.559816236258349864e+00 3.712354441841933195e+00
2.566105711040311377e+00 2.114462202003238644e+00
2.572395185822272889e+00 2.595828224235645187e+00
2.578684660604234402e+00 2.231985258372796377e+00
2.584974135386195915e+00 2.023980453402480784e+00
2.591263610168157427e+00 2.189012304554251109e+00
2.597553084950118940e+00 1.858095151702675141e+00
2.603842559732080453e+00 2.257392422368365903e+00
2.610132034514041965e+00 2.123860757432067370e+00
2.616421509296003478e+00 3.148811925586994853e+00
2.622710984077965435e+00 2.898621863774641483e+00
2.629000458859926947e+00 2.369231545829722840e+00
2.635289933641888460e+00 2.621168936118626114e+00
2.641579408423849973e+00 3.381367655556705820e+00
2.647868883205811485e+00 2.747207477848608637e+00
2.654158357987772998e+00 2.653784888150926058e+00
2.660447832769734511e+00 3.328587835877858225e+00
2.666737307551696023e+00 2.138002207712149438e+00
2.673026782333657536e+00 1.739285947952336153e+00
2.679316257115619049e+00 2.711560027828997299e+00
2.685605731897580561e+00 2.008252118226164562e+00
2.691895206679542074e+00 1.417639097353821098e+00
2.698184681461504031e+00 3.107844624012636281e+00
2.704474156243465544e+00 2.115572146896978367e+00
2.710763631025427056e+00 1.322823356022683416e+00
2.717053105807388569e+00 1.749702671502732843e+00
2.723342580589350082e+00 2.731511959797002120e+00
2.729632055371311594e+00 2.372020779667427082e+00
2.735921530153273107e+00 2.583543824562934077e+00
2.742211004935234619e+00 7.958917931897969700e-01
2.748500479717196132e+00 2.595082431835166847e+00
2.754789954499157645e+00 1.611497353585667813e+00
2.761079429281119157e+00 2.497066008649422297e+00
2.767368904063080670e+00 1.705377811821067402e+00
2.773658378845042183e+00 2.017477931371319144e+00
2.779947853627004140e+00 2.293707538487796072e+00
2.786237328408965652e+00 1.181822723104273276e+00
2.792526803190927165e+00 8.809881407201807235e-01
2.798816277972888678e+00 1.139011142263943288e+00
2.805105752754850190e+00 4.493284814564219021e-01
2.811395227536811703e+00 1.808885165901081171e+00
2.817684702318773216e+00 7.985943195260690741e-01
2.823974177100734728e+00 2.030272420722336879e-01
2.830263651882696241e+00 2.813209740020474192e-01
2.836553126664657754e+00 1.834879916801777755e+00
2.842842601446619266e+00 5.975501120679076461e-01
2.849132076228580779e+00 4.736189832688611490e-01
2.855421551010542291e+00 2.005763170986932242e-01
2.861711025792504248e+00 -1.597927151107710886e-01
2.868000500574465761e+00 -3.126975003104358053e-01
2.874289975356427274e+00 8.113116071459416379e-01
2.880579450138388786e+00 6.400591582093760890e-01
2.886868924920350299e+00 1.208977681695046602e+00
2.893158399702311812e+00 -5.980791622318989420e-01
2.899447874484273324e+00 -9.578027160054669586e-02
2.905737349266234837e+00 1.202179293042379804e+00
2.912026824048196350e+00 -1.504411632473310334e-01
2.918316298830157862e+00 -5.400088983625894734e-01
2.924605773612119375e+00 3.083582117747986073e-01
2.930895248394080888e+00 5.072480019603704537e-01
2.937184723176042400e+00 -3.358463780526659281e-01
2.943474197958004357e+00 3.982577225805903343e-01
2.949763672739965870e+00 4.933769871617756930e-01
2.956053147521927382e+00 -1.907600378200391411e-02
2.962342622303888895e+00 -9.475009034156212095e-03
2.968632097085850408e+00 -8.915650704944657612e-01
2.974921571867811920e+00 4.955816631993112953e-01
2.981211046649773433e+00 -2.060069611712331827e-01
2.987500521431734946e+00 -2.764779869031384063e-01
2.993789996213696458e+00 3.012833118015769696e-01
3.000079470995657971e+00 -2.693014453517676987e-01
3.006368945777619484e+00 -6.740142695288331431e-01
3.012658420559580996e+00 -3.071409603895369766e-01
3.018947895341542953e+00 -4.719787760603302296e-01
3.025237370123504466e+00 2.722214447409039284e-01
3.031526844905465978e+00 -8.084297139206522154e-01
3.037816319687427491e+00 -1.484864088290807516e+00
3.044105794469389004e+00 -7.283930872149320113e-01
3.050395269251350516e+00 -8.564654898350552159e-01
3.056684744033312029e+00 -3.397713065166867441e-01
3.062974218815273542e+00 -1.309025318659017056e+00
3.069263693597235054e+00 -1.560386924330511071e+00
3.075553168379196567e+00 -3.571161377566842710e-01
3.081842643161158080e+00 -1.343953081014832129e+00
3.088132117943119592e+00 -1.081807129052441363e+00
3.094421592725081105e+00 -5.531825367009703953e-01
3.100711067507043062e+00 1.911231462865519148e-01
3.107000542289004574e+00 -3.268616045880186061e-01
3.113290017070966087e+00 -1.372078760682920118e+00
3.119579491852927600e+00 -5.680686142686417472e-01
3.125868966634889112e+00 2.070436003360667243e-01
3.132158441416850625e+00 -1.048163221541319690e+00
3.138447916198812138e+00 -6.168754585406368562e-01
3.144737390980773650e+00 -4.029928902731767515e-01
3.151026865762735163e+00 -5.327783434025932241e-01
3.157316340544696676e+00 -1.693244938120181731e+00
3.163605815326658188e+00 2.812312872234532524e-01
3.169895290108619701e+00 -2.272199291525915932e-01
3.176184764890581214e+00 -1.621095128104190763e-01
3.182474239672543170e+00 -1.859236721610058041e-02
3.188763714454504683e+00 1.273207865671737160e-01
3.195053189236466196e+00 -1.409787844972461235e+00
3.201342664018427708e+00 -5.794165771865988912e-01
3.207632138800389221e+00 -9.754216900784808963e-01
3.213921613582350734e+00 -1.159472463374983775e+00
3.220211088364312246e+00 -1.511545038957498477e+00
3.226500563146273759e+00 -8.310188552934203443e-01
3.232790037928235272e+00 -5.153805615388693528e-01
3.239079512710196784e+00 -6.550472182675104449e-02
3.245368987492158297e+00 -6.783547652819565954e-01
3.251658462274119810e+00 -7.626254994938510556e-01
3.257947937056081322e+00 5.558634239664961285e-01
3.264237411838043279e+00 -8.111620376513715147e-01
3.270526886620004792e+00 1.017589287338425130e-01
3.276816361401966304e+00 -1.251932727612448781e+00
3.283105836183927817e+00 -9.492129798426285348e-01
3.289395310965889330e+00 -8.599289379087937668e-02
3.295684785747850842e+00 -5.878105762618486274e-01
3.301974260529812355e+00 5.039971137043350868e-01
3.308263735311773868e+00 8.931392285212957916e-01
3.314553210093735380e+00 6.519139015001977899e-01
3.320842684875696893e+00 -7.305187534747787925e-01
3.327132159657658406e+00 -8.882104482334728379e-01
3.333421634439619918e+00 6.910148146861656571e-01
3.339711109221581431e+00 9.402526728455617988e-02
3.346000584003543388e+00 1.636774264279488023e-01
3.352290058785504900e+00 9.106654219297400932e-01
3.358579533567466413e+00 4.206421511455438189e-01
3.364869008349427926e+00 -2.283744533243481367e-01
3.371158483131389438e+00 9.091580591611855278e-01
3.377447957913350951e+00 -5.432878941386485305e-01
3.383737432695312464e+00 4.016103304215986602e-01
3.390026907477273976e+00 3.533624579981229363e-01
3.396316382259235489e+00 9.474888343591068018e-01
3.402605857041197002e+00 -2.505342837238797582e-01
3.408895331823158514e+00 5.270454083019150415e-01
3.415184806605120027e+00 -2.369237958183504356e-01
3.421474281387081540e+00 5.054998667336544349e-01
3.427763756169043496e+00 2.378060486522828310e-01
3.434053230951005009e+00 6.690734231774131402e-01
3.440342705732966522e+00 1.722576044486062274e+00
3.446632180514928034e+00 1.058362943515759325e+00
3.452921655296889547e+00 3.152641544706014098e-01
3.459211130078851060e+00 9.037695626297339579e-01
3.465500604860812572e+00 1.950123820365552985e-01
3.471790079642774085e+00 1.572325699346316386e+00
3.478079554424735598e+00 1.696947321070279679e+00
3.484369029206697110e+00 6.807970184770224531e-01
3.490658503988658623e+00 1.262712826066619609e+00
3.496947978770620136e+00 6.171138779929215001e-01
3.503237453552582092e+00 5.592174802160383429e-01
3.509526928334543605e+00 1.574079271859548657e+00
3.515816403116505118e+00 7.059295739261675084e-01
3.522105877898466630e+00 1.438772970987600042e+00
3.528395352680428143e+00 2.444960113268831225e+00
3.534684827462389656e+00 2.490161872734967474e+00
3.540974302244351168e+00 1.749679585351256561e+00
3.547263777026312681e+00 2.197526890627295781e+00
3.553553251808274194e+00 1.262266766205580648e+00
3.559842726590235706e+00 2.307396725746716726e+00
3.566132201372197219e+00 2.116398889612305378e+00
3.572421676154158732e+00 1.695168342378482240e+00
3.578711150936120244e+00 1.262174955863932579e+00
3.585000625718082201e+00 2.039390525860926839e+00
3.591290100500043714e+00 2.553874839605931868e+00
3.597579575282005226e+00 2.094735397652006892e+00
3.603869050063966739e+00 2.675208719584182049e+00
3.610158524845928252e+00 1.011897583157440828e+00
3.616447999627889764e+00 1.374648392901237859e+00
3.622737474409851277e+00 1.227623085165139294e+00
3.629026949191812790e+00 2.200413947765961886e+00
3.635316423973774302e+00 1.425008408654539593e+00
3.641605898755735815e+00 2.769460959508668108e+00
3.647895373537697328e+00 2.691286480126200864e+00
3.654184848319658840e+00 1.613502222747693837e+00
3.660474323101620353e+00 1.236891273136730529e+00
3.666763797883582310e+00 1.321257360899996458e+00
3.673053272665543822e+00 3.015489009310154067e+00
3.679342747447505335e+00 2.926672160648122301e+00
3.685632222229466848e+00 1.844599804248147956e+00
3.691921697011428360e+00 1.562603838526857469e+00
3.698211171793389873e+00 1.792777213365811528e+00
3.704500646575351386e+00 1.371763223450383373e+00
3.710790121357312898e+00 3.042726599740236182e+00
3.717079596139274411e+00 2.657111558619309477e+00
3.723369070921235924e+00 1.638525480928605393e+00
3.729658545703197436e+00 2.940908673099275283e+00
3.735948020485158949e+00 1.885692084921634093e+00
3.742237495267120462e+00 1.618484337877662105e+00
3.748526970049082419e+00 2.109260166090483946e+00
3.754816444831043931e+00 1.915601835528553343e+00
3.761105919613005444e+00 2.793897186739241700e+00
3.767395394394966956e+00 1.741447478930692627e+00
3.773684869176928469e+00 1.392189063751232192e+00
3.779974343958889982e+00 2.592351524108706506e+00
3.786263818740851494e+00 1.476413611581093077e+00
3.792553293522813007e+00 1.751774795710141719e+00
3.798842768304774520e+00 2.258153480890160658e+00
3.805132243086736032e+00 1.545249100192350067e+00
3.811421717868697545e+00 2.164697278007797099e+00
3.817711192650659058e+00 1.056209970721543101e+00
3.824000667432621015e+00 1.627334145616926575e+00
3.830290142214582527e+00 2.473902891546932548e+00
3.836579616996544040e+00 2.932899399450290545e+00
3.842869091778505553e+00 1.392709776364129182e+00
3.849158566560467065e+00 2.798566546391814569e+00
3.855448041342428578e+00 1.480983178478244566e+00
3.861737516124390091e+00 2.854250139608811132e+00
3.868026990906351603e+00 1.007269589767423312e+00
3.874316465688313116e+00 2.142989359282061468e+00
3.880605940470274628e+00 2.240725979550293179e+00
3.886895415252236141e+00 2.752835525963350349e+00
3.893184890034197654e+00 2.207464422916691760e+00
3.899474364816159166e+00 2.659053887712691910e+00
3.905763839598121123e+00 2.353493581171778537e+00
3.912053314380082636e+00 2.065030899231703465e+00
3.918342789162044149e+00 1.776492326170270086e+00
3.924632263944005661e+00 1.069204521362181914e+00
3.930921738725967174e+00 1.550425471428912960e+00
3.937211213507928687e+00 1.994332281368836668e+00
3.943500688289890199e+00 1.681286337132616993e+00
3.949790163071851712e+00 2.106089372905935342e+00
3.956079637853813225e+00 1.103705514214260885e+00
3.962369112635774737e+00 1.874253714063656151e+00
3.968658587417736250e+00 2.192813474828590348e+00
3.974948062199697763e+00 1.258525886891969758e+00
3.981237536981659275e+00 1.470363899199135460e+00
3.987527011763621232e+00 1.353950920416611137e+00
3.993816486545582745e+00 1.512002361290496477e+00
4.000105961327544257e+00 1.121481421659261901e+00
4.006395436109505326e+00 1.591334300209633179e+00
4.012684910891467283e+00 8.144262447026130447e-01
4.018974385673428351e+00 1.498709860523488757e+00
4.025263860455390308e+00 1.984178713509341829e+00
4.031553335237352265e+00 1.299835981193895318e+00
4.037842810019313333e+00 1.742888539023050187e+00
4.044132284801275290e+00 1.522826116359881965e+00
4.050421759583236359e+00 1.350616631502497889e+00
4.056711234365198315e+00 9.642341081950995818e-01
4.063000709147159384e+00 9.592917448657414248e-01
4.069290183929121341e+00 4.321168136714754332e-02
4.075579658711082409e+00 1.543040376834756922e+00
4.081869133493044366e+00 4.764409579287141039e-01
4.088158608275005435e+00 -2.331361053693670193e-02
4.094448083056967391e+00 5.477283020841192673e-01
4.100737557838928460e+00 1.187916410145773760e+00
4.107027032620890417e+00 9.606364297797336249e-01
4.113316507402852373e+00 5.893250857592913228e-01
4.119605982184813442e+00 8.541239555387892812e-01
4.125895456966775399e+00 -1.627851242200284432e-01
4.132184931748736467e+00 2.236314528610849339e-01
4.138474406530698424e+00 6.101518298458652456e-01
4.144763881312659493e+00 7.614545087411012103e-01
4.151053356094621449e+00 4.786106171961320710e-01
4.157342830876582518e+00 -2.671773241237374585e-01
4.163632305658544475e+00 1.221348556600622803e+00
4.169921780440505543e+00 1.569430091746721212e+00
4.176211255222467500e+00 1.103341868830162165e+00
4.182500730004428569e+00 1.512339116584587195e+00
4.188790204786390525e+00 6.269700159796554040e-02
4.195079679568352482e+00 1.601066946228790755e-02
4.201369154350313551e+00 8.308141495892330530e-01
4.207658629132275507e+00 1.137980018234339807e+00
4.213948103914236576e+00 9.251298803178000796e-01
4.220237578696198533e+00 5.441853672208041282e-02
4.226527053478159601e+00 -1.628689193958754444e-02
4.232816528260121558e+00 3.268215163542292911e-01
4.239106003042082627e+00 9.254594192215541693e-01
4.245395477824044583e+00 3.084976644002790369e-01
4.251684952606005652e+00 9.567052516862764033e-01
4.257974427387967609e+00 1.386877481188187433e+00
4.264263902169928677e+00 3.612352294274159270e-01
4.270553376951890634e+00 -5.246155630201230213e-01
4.276842851733852591e+00 7.131821728854242926e-01
4.283132326515813659e+00 4.042793164736371292e-01
4.289421801297775616e+00 -2.658324159229508155e-02
4.295711276079736685e+00 -4.486982985562280035e-01
4.302000750861698641e+00 9.093247946300742068e-01
4.308290225643659710e+00 -4.283493263020501374e-01
4.314579700425621667e+00 -8.313470763627994753e-02
4.320869175207582735e+00 4.295785091208951245e-01
4.327158649989544692e+00 4.929252649347415360e-02
4.333448124771505761e+00 9.999355249958370440e-01
4.339737599553467717e+00 5.456698870782795696e-01
4.346027074335428786e+00 6.459815687646808247e-02
4.352316549117390743e+00 3.407438548360235409e-01
4.358606023899352699e+00 -2.709395172314349454e-01
4.364895498681313768e+00 -3.605917893924520667e-01
4.371184973463275725e+00 -5.443137546982406150e-01
4.377474448245236793e+00 9.819834776031924894e-01
4.383763923027198750e+00 5.342631476111712185e-01
4.390053397809159819e+00 5.795342083633016061e-01
4.396342872591121775e+00 3.170294259414303539e-01
4.402632347373082844e+00 5.007934541644676329e-01
4.408921822155044801e+00 -2.346553217599260943e-01
4.415211296937005869e+00 9.242985848958407136e-01
4.421500771718967826e+00 7.310636607071622217e-01
4.427790246500929783e+00 1.280653044844326960e+00
4.434079721282890851e+00 4.339479519120291728e-01
4.440369196064852808e+00 1.005909647759439363e+00
4.446658670846813877e+00 -3.800885481080824579e-01
4.452948145628775833e+00 1.165402842092819968e+00
4.459237620410736902e+00 9.347790780250520015e-02
4.465527095192698859e+00 1.481036770557177640e+00
4.471816569974659927e+00 -2.231104970755731776e-01
4.478106044756621884e+00 1.268851382087273105e+00
4.484395519538582953e+00 1.450821016118307494e+00
4.490684994320544909e+00 5.482983899931839211e-01
4.496974469102505978e+00 6.523005857649615269e-01
4.503263943884467935e+00 8.638325387677308065e-01
4.509553418666429891e+00 1.079347721597105236e+00
4.515842893448390960e+00 9.528279280653652039e-01
4.522132368230352917e+00 1.320076674567281616e+00
4.528421843012313985e+00 4.871326354535343572e-01
4.534711317794275942e+00 1.463753012131983056e+00
4.541000792576237011e+00 5.981665586618755137e-01
4.547290267358198967e+00 1.078421348646197986e+00
4.553579742140160036e+00 -1.065412948475673027e-01
4.559869216922121993e+00 8.003126950647889704e-01
4.566158691704083061e+00 1.575307282936848852e+00
4.572448166486045018e+00 -2.336056203491299055e-01
4.578737641268006087e+00 1.573879366473890595e+00
4.585027116049968043e+00 2.296873776061880701e-02
4.591316590831930000e+00 5.023972613882974336e-01
4.597606065613891069e+00 1.476874677654568480e+00
4.603895540395853025e+00 9.013844733206480830e-01
4.610185015177814094e+00 9.043350169237023284e-01
4.616474489959776051e+00 1.598901740089860191e+00
4.622763964741737119e+00 1.624325085289469950e+00
4.629053439523699076e+00 7.607528645008001522e-01
4.635342914305660145e+00 8.926704037722432705e-02
4.641632389087622101e+00 1.559612959941512944e+00
4.647921863869583170e+00 1.188835199783067065e-02
4.654211338651545127e+00 2.299485898338877732e-01
4.660500813433506195e+00 1.284569040192440115e+00
4.666790288215468152e+00 5.933497467730892705e-01
4.673079762997430109e+00 1.288100722120737451e+00
4.679369237779391177e+00 2.920863874173801333e-01
4.685658712561353134e+00 1.593617312963562682e+00
4.691948187343314203e+00 6.673300305795534793e-02
4.698237662125276159e+00 3.192516362280107822e-01
4.704527136907237228e+00 2.873394996552758318e-01
4.710816611689199185e+00 1.431083185418394077e+00
4.717106086471160253e+00 1.404409706235085764e+00
4.723395561253122210e+00 9.562228521910156598e-01
4.729685036035083279e+00 9.921869533211753467e-01
4.735974510817045235e+00 5.131390623189057143e-01
4.742263985599006304e+00 1.396089690322643850e+00
4.748553460380968261e+00 -8.081861393774486535e-02
4.754842935162930218e+00 1.356055291649364225e+00
4.761132409944891286e+00 1.639514379078548467e+00
4.767421884726853243e+00 1.128642941471770689e+00
4.773711359508814311e+00 -3.500496488002230455e-02
4.780000834290776268e+00 1.346778979965792100e+00
4.786290309072737337e+00 -3.003950794635643629e-01
4.792579783854699293e+00 9.909474872686643288e-01
4.798869258636660362e+00 5.279873824252339087e-01
4.805158733418622319e+00 7.930914015041063969e-01
4.811448208200583387e+00 1.223310976981983877e-02
4.817737682982545344e+00 -2.003321909015940983e-01
4.824027157764506413e+00 1.303669678152531985e-01
4.830316632546468369e+00 -2.110624149609738320e-01
4.836606107328430326e+00 1.150860847297133116e+00
4.842895582110391395e+00 -3.386424339197480204e-02
4.849185056892353352e+00 -2.330005759264974774e-02
4.855474531674314420e+00 3.269177295605977251e-01
4.861764006456276377e+00 6.229778142126316531e-01
4.868053481238237445e+00 7.242223603774708973e-01
4.874342956020199402e+00 7.318897158966476413e-01
4.880632430802160471e+00 2.064780919866341935e-01
4.886921905584122428e+00 2.571821010989744360e-01
4.893211380366083496e+00 8.623280613347068524e-01
4.899500855148045453e+00 8.622382844297804549e-02
4.905790329930006521e+00 5.797998325055732094e-01
4.912079804711968478e+00 -4.229997802665208528e-01
4.918369279493930435e+00 3.428721779094860977e-01
4.924658754275891503e+00 3.871319131200527952e-01
4.930948229057853460e+00 1.044383255968539093e+00
4.937237703839814529e+00 -2.307579343748313860e-01
4.943527178621776486e+00 3.645827724345243048e-01
4.949816653403737554e+00 6.702937605863530379e-01
4.956106128185699511e+00 6.707982728362464897e-01
4.962395602967660579e+00 -1.368666691508280131e-02
4.968685077749622536e+00 9.009023425993901713e-01
4.974974552531583605e+00 8.612496666166857828e-01
4.981264027313545562e+00 1.039646974046972927e+00
4.987553502095506630e+00 -3.722677794002727802e-01
4.993842976877468587e+00 -3.954019047722954205e-01
5.000132451659430544e+00 5.853645483539136052e-01
5.006421926441391612e+00 -3.511785888673295553e-01
5.012711401223353569e+00 -1.007819636788708229e-01
5.019000876005314637e+00 2.377696442679786415e-01
5.025290350787276594e+00 -6.067595934400094038e-01
5.031579825569237663e+00 1.211536011787976985e+00
5.037869300351199620e+00 1.161823867418424028e+00
5.044158775133160688e+00 6.630843469749666541e-01
5.050448249915122645e+00 9.491632334893493894e-01
5.056737724697083713e+00 6.720319325315815551e-02
5.063027199479045670e+00 3.984815752975350289e-01
5.069316674261006739e+00 2.761595030292911535e-01
5.075606149042968696e+00 3.743580151487089225e-01
5.081895623824930652e+00 1.134406287051191953e+00
5.088185098606891721e+00 -1.773453935297243378e-01
5.094474573388853678e+00 2.743698667154151893e-01
5.100764048170814746e+00 7.865933907552347115e-02
5.107053522952776703e+00 3.034538182158363906e-01
5.113342997734737772e+00 3.971386649274002423e-01
5.119632472516699728e+00 -5.321937030770862442e-02
5.125921947298660797e+00 -2.235586718011109975e-01
5.132211422080622754e+00 5.760703119820687057e-01
5.138500896862583822e+00 -7.062372969195340744e-02
5.144790371644545779e+00 7.847188679304687442e-01
5.151079846426506847e+00 -1.044369902238226899e-01
5.157369321208468804e+00 1.055820280441553738e+00
5.163658795990430761e+00 7.728094934964613305e-01
5.169948270772391830e+00 5.495927565000412462e-01
5.176237745554353786e+00 4.332995108245433213e-01
5.182527220336314855e+00 -7.367897386838497820e-01
5.188816695118276812e+00 -6.581696341510104853e-01
5.195106169900237880e+00 -6.306703724677168443e-01
5.201395644682199837e+00 -5.528267499991816880e-01
5.207685119464160906e+00 4.718036121846888031e-01
5.213974594246122862e+00 7.735939689433457556e-01
5.220264069028083931e+00 4.536273521041054302e-01
5.226553543810045888e+00 -3.176786950252021846e-01
5.232843018592006956e+00 7.232334073702157973e-01
5.239132493373968913e+00 -4.540771482807022252e-01
5.245421968155930870e+00 -4.093262749170352155e-01
5.251711442937891938e+00 1.152068935089027635e+00
5.258000917719853895e+00 1.054734376990412947e+00
5.264290392501814964e+00 1.269664185722096272e+00
5.270579867283776920e+00 -2.122983588312148395e-01
5.276869342065737989e+00 9.980976482532333272e-01
5.283158816847699946e+00 -1.340301341692795578e-02
5.289448291629661014e+00 1.166679983133320775e-01
5.295737766411622971e+00 -3.952504852945182279e-02
5.302027241193584040e+00 7.074898559164076728e-01
5.308316715975545996e+00 8.531398194875045027e-01
5.314606190757507953e+00 9.810238393565418047e-01
5.320895665539469022e+00 1.379938960761910582e+00
5.327185140321430978e+00 -2.269877614295945367e-01
5.333474615103392047e+00 -2.341768148143237860e-01
5.339764089885354004e+00 2.394459992214257871e-01
5.346053564667315072e+00 1.391479620357722879e+00
5.352343039449277029e+00 -2.826669018439320058e-01
5.358632514231238098e+00 -1.978434546046891063e-01
5.364921989013200054e+00 1.432763674960939371e+00
5.371211463795161123e+00 1.529337294760223287e+00
5.377500938577123080e+00 6.687312263609589413e-01
5.383790413359084148e+00 7.276882800269457441e-01
5.390079888141046105e+00 1.635827744701410902e+00
5.396369362923008062e+00 3.078071551728361888e-01
5.402658837704969130e+00 7.334202981295234736e-01
5.408948312486931087e+00 1.535559961027293419e+00
5.415237787268892156e+00 6.034448987191698421e-01
5.421527262050854112e+00 1.460114009680252289e+00
5.427816736832815181e+00 1.095613928810777571e+00
5.434106211614777138e+00 1.577759704360276682e+00
5.440395686396738206e+00 1.045666037264636694e+00
5.446685161178700163e+00 1.750544221964124292e+00
5.452974635960661232e+00 1.780080180831586034e+00
5.459264110742623188e+00 3.758095025145665735e-01
5.465553585524584257e+00 1.378787377823879501e+00
5.471843060306546214e+00 1.804171017801958543e+00
5.478132535088508170e+00 1.440452786898986481e+00
5.484422009870469239e+00 3.909316754356373380e-01
5.490711484652431196e+00 5.679800208314910170e-01
5.497000959434392264e+00 2.231632945896333542e+00
5.503290434216354221e+00 9.576446606106010506e-01
5.509579908998315290e+00 1.283206206586909648e+00
5.515869383780277246e+00 7.722896756274560959e-01
5.522158858562238315e+00 1.001558119652805390e+00
5.528448333344200272e+00 2.400138036288770760e+00
5.534737808126161340e+00 6.716402148984462750e-01
5.541027282908123297e+00 2.094751140450816784e+00
5.547316757690084366e+00 1.564172466156450891e+00
5.553606232472046322e+00 2.137017718877730399e+00
5.559895707254008279e+00 1.460394383725277523e+00
5.566185182035969348e+00 1.992311003608302489e+00
5.572474656817931304e+00 1.515896267676953624e+00
5.578764131599892373e+00 7.626884505174076345e-01
5.585053606381854330e+00 2.161765169296052669e+00
5.591343081163815398e+00 1.758131850225488346e+00
5.597632555945777355e+00 1.878940092790170713e+00
5.603922030727738424e+00 9.513745802304756083e-01
5.610211505509700380e+00 2.346555864352949605e+00
5.616500980291661449e+00 1.396442011007727801e+00
5.622790455073623406e+00 2.491542109592753018e+00
5.629079929855584474e+00 2.663281105349320832e+00
5.635369404637546431e+00 2.379803909520318950e+00
5.641658879419508388e+00 1.759419837236393391e+00
5.647948354201469456e+00 1.848026887049285305e+00
5.654237828983431413e+00 1.114889180309752037e+00
5.660527303765392482e+00 2.468041178970745264e+00
5.666816778547354438e+00 2.210130466178547692e+00
5.673106253329315507e+00 2.258753437452686974e+00
5.679395728111277464e+00 7.702902613594235781e-01
5.685685202893238532e+00 1.117567604847727880e+00
5.691974677675200489e+00 1.638937046662283681e+00
5.698264152457161558e+00 1.449798685954828414e+00
5.704553627239123514e+00 1.253707477414479854e+00
5.710843102021084583e+00 2.351610259497871169e+00
5.717132576803046540e+00 9.597010712989616499e-01
5.723422051585008496e+00 1.333916682801724374e+00
5.729711526366969565e+00 1.040296183259862062e+00
5.736001001148931522e+00 1.379869194344162775e+00
5.742290475930892590e+00 1.128112768837323809e+00
5.748579950712854547e+00 9.868484708970604036e-01
5.754869425494815616e+00 1.799478674538844913e+00
5.761158900276777572e+00 1.729648603392141659e+00
5.767448375058738641e+00 1.979346281731600765e+00
5.773737849840700598e+00 1.332089238681231524e+00
5.780027324622661666e+00 1.957592091629924758e+00
5.786316799404623623e+00 6.750704076188247527e-01
5.792606274186584692e+00 2.362189977022210563e+00
5.798895748968546648e+00 1.662900472740576951e+00
5.805185223750508605e+00 1.221348842077070840e+00
5.811474698532469674e+00 1.824750936999954609e+00
5.817764173314431631e+00 1.852454861587862656e+00
5.824053648096392699e+00 1.562917474324448053e+00
5.830343122878354656e+00 1.380448907278448045e+00
5.836632597660315724e+00 1.670595492408494698e+00
5.842922072442277681e+00 7.794508121930048272e-01
5.849211547224238750e+00 2.132693106722181930e+00
5.855501022006200706e+00 4.812593033572692414e-01
5.861790496788161775e+00 1.040277656509355664e+00
5.868079971570123732e+00 3.379846155833257648e-01
5.874369446352084800e+00 1.815273978219846374e+00
5.880658921134046757e+00 1.416613909438852348e+00
5.886948395916008714e+00 3.743217797358632803e-01
5.893237870697969782e+00 1.791802706746491225e+00
5.899527345479931739e+00 5.235119960742983247e-01
5.905816820261892808e+00 8.082334127477754926e-01
5.912106295043854765e+00 3.950741099727139716e-01
5.918395769825815833e+00 9.769067224965450880e-01
5.924685244607777790e+00 1.265628675363769329e+00
5.930974719389738858e+00 1.273074489288149036e-01
5.937264194171700815e+00 1.739887776374713813e+00
5.943553668953661884e+00 1.244914512276400487e+00
5.949843143735623840e+00 1.169762396814495231e+00
5.956132618517584909e+00 1.361160798951246642e+00
5.962422093299546866e+00 -2.615548976330747677e-01
5.968711568081508823e+00 9.464499856562365032e-01
5.975001042863469891e+00 -3.393893248225254844e-02
5.981290517645431848e+00 -1.343082251192462273e-01
5.987579992427392916e+00 8.797455156478422023e-01
5.993869467209354873e+00 -5.058176620671128720e-01
6.000158941991315942e+00 -3.486898602941224112e-01
6.006448416773277899e+00 3.359032271463424646e-01
6.012737891555238967e+00 -2.236879805443896529e-01
6.019027366337200924e+00 -2.063363085561453758e-01
6.025316841119161992e+00 -5.054378692096872516e-01
6.031606315901123949e+00 -2.024473195996143726e-01
6.037895790683085906e+00 3.176277262823437031e-01
6.044185265465046974e+00 -5.612740608295365696e-01
6.050474740247008931e+00 -6.901687869272514764e-01
6.056764215028970000e+00 -8.944853831289860668e-01
6.063053689810931957e+00 -6.567281610541764181e-03
6.069343164592893025e+00 -9.078567897604397086e-01
6.075632639374854982e+00 -4.899611320000503145e-01
6.081922114156816050e+00 -4.231963008536585580e-01
6.088211588938778007e+00 1.429624158836459991e-01
6.094501063720739076e+00 -4.826537788431914944e-01
6.100790538502701033e+00 -4.355439165325687423e-01
6.107080013284662101e+00 3.599181522694940849e-01
6.113369488066624058e+00 -9.681672944510828493e-01
6.119658962848586015e+00 -1.518313562739196376e+00
6.125948437630547083e+00 -1.050880617832375741e+00
6.132237912412509040e+00 -1.163405571153611984e+00
6.138527387194470109e+00 -1.716006794203271735e+00
6.144816861976432065e+00 -5.318448060853411263e-01
6.151106336758393134e+00 -9.486984075207338662e-01
6.157395811540355091e+00 -1.217220476186450462e+00
6.163685286322316159e+00 -1.118009243429209931e+00
6.169974761104278116e+00 -6.793069721907696312e-01
6.176264235886239184e+00 -1.512322467096586909e+00
6.182553710668201141e+00 -1.499363785635366320e+00
6.188843185450162210e+00 -1.467260155315128767e+00
6.195132660232124167e+00 -8.158823317231587158e-01
6.201422135014086123e+00 -1.422153667063912330e-01
6.207711609796047192e+00 -1.230603261810481186e+00
6.214001084578009149e+00 -1.859495214671239571e+00
6.220290559359970217e+00 -1.560737389642296247e+00
6.226580034141932174e+00 -1.393873183074826105e+00
6.232869508923893243e+00 -1.938074306464873997e+00
6.239158983705855199e+00 -2.247025316594473132e-01
6.245448458487816268e+00 -8.069861371069642075e-01
6.251737933269778225e+00 -3.426956737217656812e-01
6.258027408051739293e+00 -1.876558862867349298e+00
6.264316882833701250e+00 -5.619148141315624123e-01
6.270606357615662318e+00 -3.179030020586126604e-01
6.276895832397624275e+00 -1.595489851286457039e+00
6.283185307179586232e+00 -5.894281654767503653e-01
