0.000000000000000000e+00 5.321884441579678438e-01
6.289474781961547356e-03 -1.327945829332422556e-01
1.257894956392309471e-02 4.396066746537383718e-01
1.886842434588464207e-02 1.029405291861104743e+00
2.515789912784618942e-02 6.388486426955937159e-01
3.144737390980773678e-02 1.219238356181920002e+00
3.773684869176928414e-02 7.224574752737602523e-01
4.402632347373083149e-02 5.924719052640323724e-01
5.031579825569237885e-02 3.295654442285045338e-01
5.660527303765392620e-02 5.185535539915772096e-01
6.289474781961547356e-02 6.425072235377247143e-01
6.918422260157702786e-02 7.575876389536222444e-01
7.547369738353856827e-02 4.267215898214214431e-01
8.176317216550010869e-02 3.714557178214345501e-01
8.805264694746166299e-02 -3.201336965843764593e-01
9.434212172942321728e-02 1.168266414410873866e+00
1.006315965113847577e-01 7.479058242948803947e-01
1.069210712933462981e-01 4.224211331787804946e-01
1.132105460753078524e-01 4.329833553799654622e-01
1.195000208572694067e-01 3.539683207214716076e-01
1.257894956392309471e-01 1.157749304220100361e+00
1.320789704211924875e-01 7.506846902084424178e-01
1.383684452031540557e-01 2.279071822344529430e-01
1.446579199851155961e-01 1.048681593875966822e+00
1.509473947670771365e-01 1.264791078857815165e+00
1.572368695490386770e-01 9.957847467410108067e-01
1.635263443310002174e-01 3.946070163315906765e-02
1.698158191129617856e-01 6.267694283100422314e-02
1.761052938949233260e-01 8.112016889817914578e-01
1.823947686768848664e-01 8.616743022437316490e-01
1.886842434588464346e-01 1.234341345772985932e+00
1.949737182408079750e-01 1.511822628505661847e-01
2.012631930227695154e-01 1.678133715004941906e-01
2.075526678047310558e-01 1.401256958121813057e+00
2.138421425866925962e-01 1.554907019426748471e+00
2.201316173686541644e-01 -2.314063387936300398e-01
2.264210921506157048e-01 1.236903669901217917e+00
2.327105669325772452e-01 9.166108842372877596e-01
2.390000417145388134e-01 1.075122368949585239e+00
2.452895164965003538e-01 -2.767791369863852324e-01
2.515789912784618942e-01 -2.975959022479228722e-01
2.578684660604234624e-01 1.180510691577403959e+00
2.641579408423849751e-01 1.462955334068306801e+00
2.704474156243465433e-01 -1.302181160815374383e-01
2.767368904063081114e-01 4.403761008713064640e-01
2.830263651882696241e-01 3.448835559948723040e-01
2.893158399702311923e-01 2.223136420799008417e-01
2.956053147521927049e-01 1.132438440970440663e+00
3.018947895341542731e-01 8.632215142716583856e-01
3.081842643161158413e-01 -6.599531350016407671e-02
3.144737390980773539e-01 -2.248457102622238857e-01
3.207632138800389221e-01 2.842303076804941764e-02
3.270526886620004348e-01 1.448020260351468025e-02
3.333421634439620029e-01 1.081282110310513023e+00
3.396316382259235711e-01 -1.051688772402390448e-01
3.459211130078850838e-01 1.766710941678903968e-01
3.522105877898466519e-01 3.931492544742329898e-01
3.585000625718082201e-01 1.133141565573990706e-01
3.647895373537697328e-01 -1.320587745596903950e-01
3.710790121357313009e-01 1.094060881009832675e+00
3.773684869176928691e-01 -1.540048323284906040e-01
3.836579616996543818e-01 1.380193000469465137e-02
3.899474364816159500e-01 1.292111793862854352e+00
3.962369112635774626e-01 -2.824209848826326752e-01
4.025263860455390308e-01 1.935253116178486943e-01
4.088158608275005990e-01 5.409422984522406219e-01
4.151053356094621116e-01 -5.063045477150023288e-01
4.213948103914236798e-01 -3.406858051740155879e-01
4.276842851733851925e-01 2.095123926955916316e-01
4.339737599553467606e-01 9.341947391023366354e-01
4.402632347373083288e-01 3.604233602052249186e-01
4.465527095192698415e-01 1.036414747771198241e+00
4.528421843012314096e-01 7.757680721085247200e-01
4.591316590831929778e-01 -4.944759192875092246e-01
4.654211338651544905e-01 -1.266282449382833963e-01
4.717106086471160586e-01 3.033597142171061689e-01
4.780000834290776268e-01 -2.809798092232518307e-01
4.842895582110391395e-01 1.011308964654336506e+00
4.905790329930007077e-01 6.016616830804655258e-02
4.968685077749622203e-01 7.266623138778069979e-01
5.031579825569237885e-01 -8.414510117217266494e-01
5.094474573388853011e-01 -3.622001001053571922e-01
5.157369321208469248e-01 3.441211536098598422e-02
5.220264069028084375e-01 -7.873662338356950396e-01
5.283158816847699502e-01 -2.048421843575278789e-01
5.346053564667315738e-01 -8.934551398401393563e-01
5.408948312486930865e-01 -7.070465515762380804e-02
5.471843060306545992e-01 1.191656042144506600e-01
5.534737808126162228e-01 8.424730426158248964e-01
5.597632555945777355e-01 -8.804928623024341761e-01
5.660527303765392482e-01 -1.139734856278651343e+00
5.723422051585007608e-01 -6.062394889398514675e-01
5.786316799404623845e-01 7.260928781086222195e-01
5.849211547224238972e-01 -1.080154343815865392e+00
5.912106295043854098e-01 3.178682542067878813e-03
5.975001042863470335e-01 -1.017389465853796748e+00
6.037895790683085462e-01 -3.224981441452672293e-01
6.100790538502700588e-01 -1.058116093265876190e+00
6.163685286322316825e-01 -9.890053648719481227e-01
6.226580034141931952e-01 -1.093323595333066001e+00
6.289474781961547079e-01 -7.451499897039102205e-01
6.352369529781163315e-01 -5.716223661399573164e-01
6.415264277600778442e-01 -9.535466977685200796e-01
6.478159025420393569e-01 -6.187887870687724945e-01
6.541053773240008695e-01 -1.212606149979608139e+00
6.603948521059624932e-01 -2.975583719302596908e-01
6.666843268879240059e-01 -1.012544539787519238e+00
6.729738016698855185e-01 -8.550674573324745786e-02
6.792632764518471422e-01 -5.605121848444643007e-01
6.855527512338086549e-01 -1.163997915360709623e+00
6.918422260157701675e-01 -3.039963977104798154e-01
6.981317007977317912e-01 -8.881308142859443144e-01
7.044211755796933039e-01 -6.568156736977166510e-01
7.107106503616548165e-01 -4.503492760731195865e-01
7.170001251436164402e-01 3.874163599970417149e-01
7.232895999255779529e-01 3.387195635169095720e-01
7.295790747075394655e-01 4.056550666647460446e-01
7.358685494895010892e-01 4.505963975667834909e-01
7.421580242714626019e-01 -1.173300270439626702e+00
7.484474990534241146e-01 7.447967516691782475e-01
7.547369738353857382e-01 -4.778458342517597490e-01
7.610264486173472509e-01 -9.559720787741399217e-01
7.673159233993087636e-01 -1.119830756717593578e+00
7.736053981812702762e-01 5.820815465939388478e-01
7.798948729632318999e-01 2.861374435983343734e-01
7.861843477451934126e-01 3.925615303685985324e-01
7.924738225271549252e-01 3.289201305054920699e-01
7.987632973091165489e-01 8.061912567371631866e-01
8.050527720910780616e-01 -8.615448524086970483e-01
8.113422468730395742e-01 8.298530824276684204e-01
8.176317216550011979e-01 4.185149401415280135e-01
8.239211964369627106e-01 6.495820871900894744e-01
8.302106712189242232e-01 1.978679840798940326e-01
8.365001460008858469e-01 8.610696911622797156e-01
8.427896207828473596e-01 -9.073781907248307244e-01
8.490790955648088723e-01 3.759311792380826134e-01
8.553685703467703849e-01 1.085402310545993121e+00
8.616580451287320086e-01 -3.946748802844033399e-01
8.679475199106935213e-01 8.962114398656884084e-02
8.742369946926550339e-01 -6.602749280632091988e-01
8.805264694746166576e-01 -4.669540302398735854e-01
8.868159442565781703e-01 4.098402109487220280e-02
8.931054190385396829e-01 1.365663429483565672e-02
8.993948938205013066e-01 1.344703721241029104e+00
9.056843686024628193e-01 9.206173224821687651e-01
9.119738433844243319e-01 -1.761900155924165379e-01
9.182633181663859556e-01 -3.495369174531357537e-01
9.245527929483474683e-01 1.003330116994412657e+00
9.308422677303089809e-01 5.689436790327938587e-01
9.371317425122706046e-01 1.629502630997087809e-01
9.434212172942321173e-01 -3.685012829432019466e-01
9.497106920761936300e-01 1.082120401530985321e+00
9.560001668581552536e-01 1.617772664910778868e+00
9.622896416401167663e-01 9.496827566394090425e-01
9.685791164220782790e-01 6.019890019812788040e-01
9.748685912040397916e-01 8.461162428669019575e-02
9.811580659860014153e-01 1.804434146331728162e+00
9.874475407679629280e-01 1.664114546215138990e+00
9.937370155499244406e-01 1.423277472206529559e+00
1.000026490331886064e+00 1.008352800591427290e+00
1.006315965113847577e+00 1.030516554267517870e+00
1.012605439895809090e+00 6.894946028919788361e-01
1.018894914677770602e+00 3.840713283961043611e-01
1.025184389459732115e+00 1.499985141673041200e+00
1.031473864241693850e+00 3.469460386552933873e-01
1.037763339023655362e+00 1.944703625406797087e+00
1.044052813805616875e+00 1.710920540930015221e+00
1.050342288587578388e+00 2.109107699833710825e+00
1.056631763369539900e+00 8.034788029384504204e-01
1.062921238151501413e+00 1.197083024477099800e+00
1.069210712933463148e+00 2.293125436164229924e+00
1.075500187715424660e+00 1.205564257510309600e+00
1.081789662497386173e+00 1.349480624149251184e+00
1.088079137279347686e+00 1.184842258021294059e+00
1.094368612061309198e+00 8.276223590610649605e-01
1.100658086843270711e+00 2.160943780740195663e+00
1.106947561625232446e+00 1.897833146374252378e+00
1.113237036407193958e+00 1.312851364094405504e+00
1.119526511189155471e+00 2.403975877001256034e+00
1.125815985971116984e+00 7.955894283974793701e-01
1.132105460753078496e+00 2.324293489070925034e+00
1.138394935535040009e+00 1.047081508684704287e+00
1.144684410317001522e+00 2.700224726839131506e+00
1.150973885098963256e+00 9.982964785394934371e-01
1.157263359880924769e+00 1.315347591082611345e+00
1.163552834662886282e+00 2.186961460575342908e+00
1.169842309444847794e+00 1.687754422001651378e+00
1.176131784226809307e+00 2.471063754485653963e+00
1.182421259008770820e+00 2.392712201857607024e+00
1.188710733790732554e+00 1.949696795787447368e+00
1.195000208572694067e+00 1.197579304749966989e+00
1.201289683354655580e+00 2.170959591642072528e+00
1.207579158136617092e+00 2.497230393793058223e+00
1.213868632918578605e+00 2.739471828339630655e+00
1.220158107700540118e+00 2.189306992946621122e+00
1.226447582482501630e+00 2.658601116593310110e+00
1.232737057264463365e+00 1.691413447422138283e+00
1.239026532046424878e+00 1.916461510992276240e+00
1.245316006828386390e+00 1.982468221101719941e+00
1.251605481610347903e+00 2.554067076591422847e+00
1.257894956392309416e+00 2.595667951963670284e+00
1.264184431174270928e+00 2.206171446555889037e+00
1.270473905956232663e+00 2.627860700885716216e+00
1.276763380738194176e+00 1.264097981872780885e+00
1.283052855520155688e+00 2.409047229609559082e+00
1.289342330302117201e+00 1.468053237495853702e+00
1.295631805084078714e+00 1.661434578542915208e+00
1.301921279866040226e+00 2.257919714223015184e+00
1.308210754648001739e+00 1.790369792456678821e+00
1.314500229429963474e+00 2.456509208906689778e+00
1.320789704211924986e+00 2.699716040131048267e+00
1.327079178993886499e+00 2.636339257807378544e+00
1.333368653775848012e+00 2.982143941281029331e+00
1.339658128557809524e+00 1.433530776743336066e+00
1.345947603339771037e+00 1.490185197096278058e+00
1.352237078121732772e+00 1.246883796450436011e+00
1.358526552903694284e+00 2.479536487670568334e+00
1.364816027685655797e+00 2.448704217659485316e+00
1.371105502467617310e+00 1.924955595179809631e+00
1.377394977249578822e+00 2.110423220360622132e+00
1.383684452031540335e+00 2.225851543195783044e+00
1.389973926813502070e+00 1.647994554815947810e+00
1.396263401595463582e+00 2.172301905945802414e+00
1.402552876377425095e+00 2.001215378121717237e+00
1.408842351159386608e+00 2.624193193822524250e+00
1.415131825941348120e+00 2.732883963437334529e+00
1.421421300723309633e+00 1.988328817202916543e+00
1.427710775505271146e+00 1.879786336119328549e+00
1.434000250287232880e+00 9.844150238327935565e-01
1.440289725069194393e+00 9.892216343097739450e-01
1.446579199851155906e+00 1.059320544156760358e+00
1.452868674633117418e+00 2.487723090521618552e+00
1.459158149415078931e+00 8.624811077414444860e-01
1.465447624197040444e+00 2.169645831642479816e+00
1.471737098979002178e+00 2.123552870938644421e+00
1.478026573760963691e+00 2.161922297553180883e+00
1.484316048542925204e+00 2.426634203745970275e+00
1.490605523324886716e+00 4.851132990753637686e-01
1.496894998106848229e+00 1.131008819520316067e+00
1.503184472888809742e+00 6.238787633809343980e-01
1.509473947670771476e+00 9.874126951697435040e-01
1.515763422452732989e+00 3.799336691653231179e-01
1.522052897234694502e+00 5.128523790621211109e-01
1.528342372016656014e+00 1.790762430577037545e+00
1.534631846798617527e+00 7.892547982705709897e-01
1.540921321580579040e+00 4.444965648678749770e-01
1.547210796362540552e+00 1.452387501020113714e+00
1.553500271144502287e+00 3.370684155171969620e-01
1.559789745926463800e+00 4.006945643799307843e-01
1.566079220708425312e+00 1.463752983098664195e+00
1.572368695490386825e+00 8.858519904809658563e-01
1.578658170272348338e+00 7.519649066111588898e-02
1.584947645054309850e+00 1.576702879120490675e+00
1.591237119836271585e+00 1.260726103496803696e-01
1.597526594618233098e+00 1.102521205199608501e+00
1.603816069400194610e+00 1.414959057194161263e+00
1.610105544182156123e+00 -4.784327148173912470e-01
1.616395018964117636e+00 3.554773000795385940e-01
1.622684493746079148e+00 -6.372054815163747943e-01
1.628973968528040661e+00 -1.998135503792347611e-01
1.635263443310002396e+00 9.232905994031488373e-01
1.641552918091963909e+00 -4.895390638394258032e-01
1.647842392873925421e+00 2.868055766083217328e-01
1.654131867655886934e+00 9.520797617102272348e-01
1.660421342437848446e+00 2.770809361270438753e-01
1.666710817219809959e+00 6.458313219914235681e-01
1.673000292001771694e+00 -3.829894705401208910e-01
1.679289766783733207e+00 4.470439464296225296e-01
1.685579241565694719e+00 -8.978013080959350578e-01
1.691868716347656232e+00 7.227844420538365178e-01
1.698158191129617745e+00 5.910703630538085562e-01
1.704447665911579257e+00 -1.967785838378905972e-01
1.710737140693540770e+00 -1.031929375310193686e+00
1.717026615475502505e+00 -2.134762459297112613e-02
1.723316090257464017e+00 -1.822813391945694583e-01
1.729605565039425530e+00 -1.312827799737150469e+00
1.735895039821387043e+00 3.248077144906889036e-01
1.742184514603348555e+00 3.841709922792575505e-01
1.748473989385310068e+00 1.306352486455366613e-01
1.754763464167271803e+00 -2.152998010629985082e-01
1.761052938949233315e+00 -5.043484356337077923e-01
1.767342413731194828e+00 2.568389912277981857e-01
1.773631888513156341e+00 -6.687761527951372464e-01
1.779921363295117853e+00 -8.680340867649340986e-01
1.786210838077079366e+00 6.425283680343563120e-03
1.792500312859041101e+00 -6.078283996996534100e-01
1.798789787641002613e+00 -1.311218950604480238e-01
1.805079262422964126e+00 -4.057273475572846788e-01
1.811368737204925639e+00 -5.150816042996317901e-01
1.817658211986887151e+00 -1.615678480968391284e+00
1.823947686768848664e+00 -1.627273008034735291e-02
1.830237161550810177e+00 -1.498162599539744955e+00
1.836526636332771911e+00 -1.481997709527938634e+00
1.842816111114733424e+00 -1.373531638744040606e+00
1.849105585896694937e+00 -1.691519749525114413e-01
1.855395060678656449e+00 -3.043798659641618887e-01
1.861684535460617962e+00 -1.553334366295038516e+00
1.867974010242579475e+00 -1.051233081048100981e+00
1.874263485024541209e+00 -1.687050451943558516e+00
1.880552959806502722e+00 -1.793095994836409579e+00
1.886842434588464235e+00 -1.876719073032216301e+00
1.893131909370425747e+00 -1.607585016431928970e+00
1.899421384152387260e+00 -1.424442710578515792e+00
1.905710858934348773e+00 -4.291986194122214826e-01
1.912000333716310507e+00 -5.311130021459429251e-01
1.918289808498272020e+00 -7.399640959744058222e-02
1.924579283280233533e+00 -7.076652804638416949e-01
1.930868758062195045e+00 -1.612245649128341896e+00
1.937158232844156558e+00 -3.874258757745483450e-01
1.943447707626118071e+00 -8.223831538702253141e-02
1.949737182408079583e+00 -1.705749142568006471e+00
1.956026657190041318e+00 -1.631122879008990667e+00
1.962316131972002831e+00 -1.476444045096326319e+00
1.968605606753964343e+00 -4.394336522938273593e-01
1.974895081535925856e+00 -3.174091120083877282e-01
1.981184556317887369e+00 -9.192336326939598568e-01
1.987474031099848881e+00 -1.048521022633519761e+00
1.993763505881810616e+00 1.374732364560955489e-01
2.000052980663772129e+00 -9.164128376204505599e-01
2.006342455445733641e+00 -1.583427616119075898e+00
2.012631930227695154e+00 -8.042441840982479384e-01
2.018921405009656667e+00 -3.978249988027924289e-01
2.025210879791618179e+00 -6.631583464637993419e-01
2.031500354573579692e+00 -3.996956562203026753e-01
2.037789829355541205e+00 -1.104004306778054945e+00
2.044079304137502717e+00 -1.317342914721466141e+00
2.050368778919464230e+00 -9.283053062867736571e-01
2.056658253701426187e+00 -3.963706179315491518e-01
2.062947728483387699e+00 2.965772784942790619e-01
2.069237203265349212e+00 -9.936935212728137401e-02
2.075526678047310725e+00 -5.559231277269724991e-01
2.081816152829272237e+00 -2.873392742508187325e-01
2.088105627611233750e+00 -2.908233451753337029e-01
2.094395102393195263e+00 -8.923886861683258953e-01
2.100684577175156775e+00 7.529110663081861610e-02
2.106974051957118288e+00 3.825361185133907549e-01
2.113263526739079801e+00 9.785936355090826266e-01
2.119553001521041313e+00 1.094885733468175859e+00
2.125842476303002826e+00 5.081988785514907070e-01
2.132131951084964339e+00 1.058381340227940060e+00
2.138421425866926295e+00 -1.470811931321185373e-01
2.144710900648887808e+00 -5.147830574552432203e-01
2.151000375430849321e+00 6.030252320915188147e-01
2.157289850212810833e+00 1.012770589771588847e+00
2.163579324994772346e+00 -3.276750196408440008e-03
2.169868799776733859e+00 1.466677792516384082e+00
2.176158274558695371e+00 1.472236659630293820e+00
2.182447749340656884e+00 1.951981791868562244e-02
2.188737224122618397e+00 6.097746109892971944e-01
2.195026698904579909e+00 8.880257088852394620e-01
2.201316173686541422e+00 9.068672158291750662e-01
2.207605648468502935e+00 1.544644469983163626e+00
2.213895123250464891e+00 6.621731208508214728e-01
2.220184598032426404e+00 1.116196280668604102e+00
2.226474072814387917e+00 1.435111409413863504e+00
2.232763547596349429e+00 1.637778150672386523e+00
2.239053022378310942e+00 1.795924958500457747e+00
2.245342497160272455e+00 9.072474191912183183e-01
2.251631971942233967e+00 1.009643621378558898e+00
2.257921446724195480e+00 1.230478426282439974e+00
2.264210921506156993e+00 1.195205532266023551e+00
2.270500396288118505e+00 2.486026202223889925e+00
2.276789871070080018e+00 8.241698643927696244e-01
2.283079345852041531e+00 2.572406489534531104e+00
2.289368820634003043e+00 2.625055369864516042e+00
2.295658295415965000e+00 2.258829789225462736e+00
2.301947770197926513e+00 2.331497806003623552e+00
2.308237244979888025e+00 2.355671879064672680e+00
2.314526719761849538e+00 1.380332780984895313e+00
2.320816194543811051e+00 2.705454853438961749e+00
2.327105669325772563e+00 1.948162524845286736e+00
2.333395144107734076e+00 1.522792325384854317e+00
2.339684618889695589e+00 1.417141552735478927e+00
2.345974093671657101e+00 1.361320503800121040e+00
2.352263568453618614e+00 1.807977989272720354e+00
2.358553043235580127e+00 2.037553664719717439e+00
2.364842518017541639e+00 1.743047980432187449e+00
2.371131992799503152e+00 2.144047941584909189e+00
2.377421467581465109e+00 2.424701721269199695e+00
2.383710942363426621e+00 3.013073273614959469e+00
2.390000417145388134e+00 2.778389165314776754e+00
2.396289891927349647e+00 3.446407463173271513e+00
2.402579366709311159e+00 2.849966044404834697e+00
2.408868841491272672e+00 2.674158359229200421e+00
2.415158316273234185e+00 2.205147809323946717e+00
2.421447791055195697e+00 3.134152858361834326e+00
2.427737265837157210e+00 3.003356310519004424e+00
2.434026740619118723e+00 1.998488740180428325e+00
2.440316215401080235e+00 2.847333122228199009e+00
2.446605690183041748e+00 3.485587800299996708e+00
2.452895164965003261e+00 3.254490276175106445e+00
2.459184639746965217e+00 2.427220247081154803e+00
2.465474114528926730e+00 3.369813547675999388e+00
2.471763589310888243e+00 2.303939380280063176e+00
2.478053064092849755e+00 1.920156700825197182e+00
2.484342538874811268e+00 3.421839505241759394e+00
2.490632013656772781e+00 2.307516126313420735e+00
2.496921488438734293e+00 2.459722445449910477e+00
2.503210963220695806e+00 3.215237172577788627e+00
2.509500438002657319e+00 3.859142152613996846e+00
2.515789912784618831e+00 3.562786385344409723e+00
2.522079387566580344e+00 2.753184335942392647e+00
2.528368862348541857e+00 3.587151758155614267e+00
2.534658337130503369e+00 2.041662892639429572e+00
2.540947811912465326e+00 2.712020466135225405e+00
2.547237286694426839e+00 3.649788245090706873e+00
2.553526761476388351e+00 2.156882445119387537e+00
2.559816236258349864e+00 2.946266941658683969e+00
2.566105711040311377e+00 2.349935766722504482e+00
2.572395185822272889e+00 2.413683424307294434e+00
2.578684660604234402e+00 2.397796998278087344e+00
2.584974135386195915e+00 3.781345603104623976e+00
2.591263610168157427e+00 2.016444248285601759e+00
2.597553084950118940e+00 3.589189044165087772e+00
2.603842559732080453e+00 2.583518295461261438e+00
2.610132034514041965e+00 2.324172982825668754e+00
2.616421509296003478e+00 2.590288445185935373e+00
2.622710984077965435e+00 2.446918696383034497e+00
2.629000458859926947e+00 2.320124388035112339e+00
2.635289933641888460e+00 1.696653897868611427e+00
2.641579408423849973e+00 3.522612471881880758e+00
2.647868883205811485e+00 2.719168642089221599e+00
2.654158357987772998e+00 1.555664011389584767e+00
2.660447832769734511e+00 3.386479893261056695e+00
2.666737307551696023e+00 2.996861950623166848e+00
2.673026782333657536e+00 3.176519694147806661e+00
2.679316257115619049e+00 1.511124921047891423e+00
2.685605731897580561e+00 3.108816569946249331e+00
2.691895206679542074e+00 2.183508232692114248e+00
2.698184681461504031e+00 2.089656210715069573e+00
2.704474156243465544e+00 1.488114392521749263e+00
2.710763631025427056e+00 2.390759642779257454e+00
2.717053105807388569e+00 1.454850687558036926e+00
2.723342580589350082e+00 1.280423398729152673e+00
2.729632055371311594e+00 2.359245942265588258e+00
2.735921530153273107e+00 1.140161890987084981e+00
2.742211004935234619e+00 1.672163881777278149e+00
2.748500479717196132e+00 2.660898625638125292e+00
2.754789954499157645e+00 1.981123571518825344e+00
2.761079429281119157e+00 2.086688870550760466e+00
2.767368904063080670e+00 6.152803287729744497e-01
2.773658378845042183e+00 1.986545183197215181e+00
2.779947853627004140e+00 1.353269125392528416e+00
2.786237328408965652e+00 1.346414615160184791e+00
2.792526803190927165e+00 1.943875078305753679e+00
2.798816277972888678e+00 9.441248495082863457e-01
2.805105752754850190e+00 1.649819744602358806e+00
2.811395227536811703e+00 3.914537707637472663e-01
2.817684702318773216e+00 2.859537049028718636e-01
2.823974177100734728e+00 1.373216943416142533e+00
2.830263651882696241e+00 1.563889686332568418e+00
2.836553126664657754e+00 9.846409860562500560e-01
2.842842601446619266e+00 3.182701080318464104e-01
2.849132076228580779e+00 6.673758556301865319e-01
2.855421551010542291e+00 1.488251302455788849e+00
2.861711025792504248e+00 9.834650435976023397e-01
2.868000500574465761e+00 1.095634570572982192e+00
2.874289975356427274e+00 -6.512507888577689918e-02
2.880579450138388786e+00 -2.025231519624056675e-01
2.886868924920350299e+00 8.493154993004127240e-01
2.893158399702311812e+00 7.288225996166713960e-01
2.899447874484273324e+00 8.378630404343458959e-01
2.905737349266234837e+00 1.115011064038137434e+00
2.912026824048196350e+00 1.152697622382901743e+00
2.918316298830157862e+00 1.177325717112411851e-01
2.924605773612119375e+00 -5.278553100525688047e-01
2.930895248394080888e+00 -4.151197047746235658e-01
2.937184723176042400e+00 2.439599110280306071e-01
2.943474197958004357e+00 -2.078385193215910309e-01
2.949763672739965870e+00 4.202154305944798551e-01
2.956053147521927382e+00 -6.642318050714410838e-01
2.962342622303888895e+00 6.616813097834399748e-01
2.968632097085850408e+00 4.212906210198443802e-01
2.974921571867811920e+00 8.220843760317553262e-02
2.981211046649773433e+00 4.381189753142049614e-01
2.987500521431734946e+00 -2.063134156189940782e-01
2.993789996213696458e+00 -5.902472057700101082e-01
3.000079470995657971e+00 -1.374087331705327264e+00
3.006368945777619484e+00 -3.112325745828143919e-01
3.012658420559580996e+00 -1.253222359184281043e+00
3.018947895341542953e+00 -9.222088924970543999e-01
3.025237370123504466e+00 -1.082266343620136073e+00
3.031526844905465978e+00 -7.084862580756530193e-01
3.037816319687427491e+00 -4.995280243906408124e-02
3.044105794469389004e+00 -5.296417972769456028e-01
3.050395269251350516e+00 -7.879222865840607160e-01
3.056684744033312029e+00 2.104881881199565097e-01
3.062974218815273542e+00 -1.227564165404624985e+00
3.069263693597235054e+00 -1.268973194154654704e+00
3.075553168379196567e+00 -2.789722220849226719e-01
3.081842643161158080e+00 -2.459050666817153008e-02
3.088132117943119592e+00 -1.518791708912797800e+00
3.094421592725081105e+00 -1.361627473319458437e+00
3.100711067507043062e+00 -4.723863130965892942e-01
3.107000542289004574e+00 -1.190786685970636638e+00
3.113290017070966087e+00 1.191010130919007981e-01
3.119579491852927600e+00 -1.166328934880755952e-01
3.125868966634889112e+00 -9.093338143636211512e-01
3.132158441416850625e+00 -1.646423132231850328e+00
3.138447916198812138e+00 -6.363367867107252440e-01
3.144737390980773650e+00 6.679235510677794529e-02
3.151026865762735163e+00 -7.602899828669200666e-01
3.157316340544696676e+00 -9.746311656540007640e-01
3.163605815326658188e+00 -4.990882761013331059e-01
3.169895290108619701e+00 -1.520986436857987512e+00
3.176184764890581214e+00 -2.879293729648997324e-01
3.182474239672543170e+00 1.874840333623675193e-01
3.188763714454504683e+00 1.943378855852673226e-02
3.195053189236466196e+00 1.145883134724272612e-01
3.201342664018427708e+00 -7.146796028328119554e-01
3.207632138800389221e+00 -4.391220196691061339e-01
3.213921613582350734e+00 3.119028794117117975e-02
3.220211088364312246e+00 5.284884584465054935e-02
3.226500563146273759e+00 -6.305069029206045172e-02
3.232790037928235272e+00 4.920640989254372322e-01
3.239079512710196784e+00 -5.297719312842485984e-02
3.245368987492158297e+00 1.781907197356027428e-01
3.251658462274119810e+00 -6.534503738797059480e-01
3.257947937056081322e+00 -2.392237021356153903e-01
3.264237411838043279e+00 -1.250859276186179647e+00
3.270526886620004792e+00 3.507413862982418085e-01
3.276816361401966304e+00 4.253694845508115829e-01
3.283105836183927817e+00 6.584562595159990650e-01
3.289395310965889330e+00 7.512624756875589949e-01
3.295684785747850842e+00 7.832909426389704777e-01
3.301974260529812355e+00 -3.865149287460156735e-01
3.308263735311773868e+00 -6.873160172863859163e-01
3.314553210093735380e+00 -7.522995145300637176e-01
3.320842684875696893e+00 -6.881844489961210787e-01
3.327132159657658406e+00 2.762000956683884345e-01
3.333421634439619918e+00 9.197758143391581154e-01
3.339711109221581431e+00 -1.919132584973781697e-03
3.346000584003543388e+00 -2.350021302477740548e-01
3.352290058785504900e+00 -5.553521484158738808e-01
3.358579533567466413e+00 6.660893196298456331e-02
3.364869008349427926e+00 -7.902552787219629948e-02
3.371158483131389438e+00 9.876184524272214604e-01
3.377447957913350951e+00 1.279031153923681385e+00
3.383737432695312464e+00 1.029615688870626933e+00
3.390026907477273976e+00 1.036684647747951216e+00
3.396316382259235489e+00 7.837144517980880742e-01
3.402605857041197002e+00 1.363052685775800299e+00
3.408895331823158514e+00 5.394432155469054413e-01
3.415184806605120027e+00 4.759009321160478923e-02
3.421474281387081540e+00 1.363307988679386407e-01
3.427763756169043496e+00 6.862103260472638411e-01
3.434053230951005009e+00 1.787805239035490379e+00
3.440342705732966522e+00 1.775048851713699527e+00
3.446632180514928034e+00 2.669183932693211525e-02
3.452921655296889547e+00 9.753051352769379623e-01
3.459211130078851060e+00 1.382853268108750200e-01
3.465500604860812572e+00 1.192632884504240209e+00
3.471790079642774085e+00 1.809974716685900598e+00
3.478079554424735598e+00 1.215171218122478303e+00
3.484369029206697110e+00 9.420801556797608889e-01
3.490658503988658623e+00 1.022783711491746628e+00
3.496947978770620136e+00 1.976973423833829679e+00
3.503237453552582092e+00 1.625886828369709658e+00
3.509526928334543605e+00 6.683624283000586530e-01
3.515816403116505118e+00 6.535287406789362930e-01
3.522105877898466630e+00 7.477506830427611551e-01
3.528395352680428143e+00 5.649705474426822693e-01
3.534684827462389656e+00 1.811081261155099487e+00
3.540974302244351168e+00 1.190727461415073352e+00
3.547263777026312681e+00 1.021818551794270835e+00
3.553553251808274194e+00 2.089153399961623858e+00
3.559842726590235706e+00 2.400874294141206899e+00
3.566132201372197219e+00 9.795436308162631667e-01
3.572421676154158732e+00 1.335607703661579215e+00
3.578711150936120244e+00 9.285228354921084559e-01
3.585000625718082201e+00 1.864588672903990219e+00
3.591290100500043714e+00 1.207678166110494722e+00
3.597579575282005226e+00 8.625777629888596865e-01
3.603869050063966739e+00 2.061607609950830255e+00
3.610158524845928252e+00 9.368212700147747762e-01
3.616447999627889764e+00 2.715129712614198443e+00
3.622737474409851277e+00 1.256401598990593227e+00
3.629026949191812790e+00 2.788945807298399693e+00
3.635316423973774302e+00 1.928424823993673876e+00
3.641605898755735815e+00 1.236791015319097076e+00
3.647895373537697328e+00 1.138583405542628046e+00
3.654184848319658840e+00 2.873096041536587375e+00
3.660474323101620353e+00 1.171021863915900463e+00
3.666763797883582310e+00 1.160743678096982423e+00
3.673053272665543822e+00 2.310879836163510337e+00
3.679342747447505335e+00 1.861394418988726374e+00
3.685632222229466848e+00 2.886241920617467649e+00
3.691921697011428360e+00 1.264968727192407050e+00
3.698211171793389873e+00 2.375870677607009096e+00
3.704500646575351386e+00 2.205721528364169348e+00
3.710790121357312898e+00 2.871275481572450161e+00
3.717079596139274411e+00 2.865670607413286497e+00
3.723369070921235924e+00 1.824992541065472151e+00
3.729658545703197436e+00 3.028257493022038727e+00
3.735948020485158949e+00 1.481161340135251248e+00
3.742237495267120462e+00 1.392400267243687928e+00
3.748526970049082419e+00 2.276200040652507806e+00
3.754816444831043931e+00 2.253063485108412589e+00
3.761105919613005444e+00 1.216837975818182649e+00
3.767395394394966956e+00 2.027197994871898779e+00
3.773684869176928469e+00 1.171129484069102000e+00
3.779974343958889982e+00 2.212743358156028961e+00
3.786263818740851494e+00 2.466102230170988729e+00
3.792553293522813007e+00 1.945336457551322340e+00
3.798842768304774520e+00 1.491076593168525921e+00
3.805132243086736032e+00 1.754828209454351473e+00
3.811421717868697545e+00 1.877895699459391388e+00
3.817711192650659058e+00 1.380008410340682223e+00
3.824000667432621015e+00 1.231164280302925018e+00
3.830290142214582527e+00 1.766890373968951211e+00
3.836579616996544040e+00 1.752540981971344669e+00
3.842869091778505553e+00 2.453068792757099104e+00
3.849158566560467065e+00 2.348633571552932509e+00
3.855448041342428578e+00 1.536963130685647272e+00
3.861737516124390091e+00 1.680227027147912056e+00
3.868026990906351603e+00 1.354629776789096463e+00
3.874316465688313116e+00 1.145099478916330682e+00
3.880605940470274628e+00 1.497998863495863642e+00
3.886895415252236141e+00 1.600840710412108514e+00
3.893184890034197654e+00 2.626224020435425910e+00
3.899474364816159166e+00 1.328152730915227231e+00
3.905763839598121123e+00 2.411284879912633183e+00
3.912053314380082636e+00 2.274685951568899078e+00
3.918342789162044149e+00 1.996101805858271128e+00
3.924632263944005661e+00 2.427140926486301531e+00
3.930921738725967174e+00 1.416317163519749123e+00
3.937211213507928687e+00 1.962344813103760410e+00
3.943500688289890199e+00 1.384636365083460330e+00
3.949790163071851712e+00 2.082858316007360155e+00
3.956079637853813225e+00 1.219185550771277882e+00
3.962369112635774737e+00 2.382427662793388912e+00
3.968658587417736250e+00 1.274934881751618398e+00
3.974948062199697763e+00 6.579481049301779683e-01
3.981237536981659275e+00 4.504488796783565618e-01
3.987527011763621232e+00 6.899642217313238790e-01
3.993816486545582745e+00 3.969108440883308275e-01
4.000105961327544257e+00 6.572772114798907106e-01
4.006395436109505326e+00 5.125060006987194328e-01
4.012684910891467283e+00 5.760113450123481860e-01
4.018974385673428351e+00 1.433070781029085028e+00
4.025263860455390308e+00 1.712493632131862897e+00
4.031553335237352265e+00 3.098265670203069200e-01
4.037842810019313333e+00 1.237335205458949927e+00
4.044132284801275290e+00 1.234416297511448768e+00
4.050421759583236359e+00 7.018520805463872581e-01
4.056711234365198315e+00 9.834031442001214818e-02
4.063000709147159384e+00 1.698568834402492067e+00
4.069290183929121341e+00 4.934656417294364800e-02
4.075579658711082409e+00 3.368751392350944895e-01
4.081869133493044366e+00 1.101061732744331723e+00
4.088158608275005435e+00 5.870053911646302414e-01
4.094448083056967391e+00 1.851763020386347547e+00
4.100737557838928460e+00 1.531144378997537192e+00
4.107027032620890417e+00 -1.194892410369848279e-01
4.113316507402852373e+00 1.380781074859129154e+00
4.119605982184813442e+00 8.748196406411979931e-01
4.125895456966775399e+00 1.201544980107303040e-01
4.132184931748736467e+00 4.069026796228125131e-01
4.138474406530698424e+00 1.288422043954080110e+00
4.144763881312659493e+00 7.134321343986612662e-01
4.151053356094621449e+00 5.306525980711968016e-01
4.157342830876582518e+00 -3.318411604975358142e-01
4.163632305658544475e+00 4.929898564354009416e-01
4.169921780440505543e+00 3.626397088721823869e-01
4.176211255222467500e+00 8.093469779491807570e-02
4.182500730004428569e+00 3.256939074776404874e-01
4.188790204786390525e+00 4.491916489788370104e-01
4.195079679568352482e+00 9.290979206666605261e-01
4.201369154350313551e+00 8.751447094790351100e-01
4.207658629132275507e+00 5.791675939824982855e-01
4.213948103914236576e+00 1.210040825045177959e+00
4.220237578696198533e+00 -3.089537964320034913e-01
4.226527053478159601e+00 -4.681705289615529786e-01
4.232816528260121558e+00 2.751355795138380467e-01
4.239106003042082627e+00 9.787701550804219774e-01
4.245395477824044583e+00 -5.596630742899817434e-01
4.251684952606005652e+00 3.709071754261459297e-01
4.257974427387967609e+00 9.605191102488321864e-01
4.264263902169928677e+00 5.350155972291918971e-01
4.270553376951890634e+00 1.092784491950815395e+00
4.276842851733852591e+00 6.003044240029697942e-02
4.283132326515813659e+00 1.318267814809348737e+00
4.289421801297775616e+00 -1.106609406851466471e-01
4.295711276079736685e+00 1.025579687521409378e+00
4.302000750861698641e+00 -1.327791700547820142e-01
4.308290225643659710e+00 1.210484668272601594e+00
4.314579700425621667e+00 4.198236729986354332e-01
4.320869175207582735e+00 2.391037080757562050e-01
4.327158649989544692e+00 4.537272659024024213e-01
4.333448124771505761e+00 -5.712981857815657705e-03
4.339737599553467717e+00 -5.502541349717783303e-01
4.346027074335428786e+00 2.651036015814117741e-01
4.352316549117390743e+00 7.531761585275742465e-01
4.358606023899352699e+00 1.802160976231970135e-02
4.364895498681313768e+00 3.450631943477712182e-01
4.371184973463275725e+00 4.029001673254115623e-01
4.377474448245236793e+00 4.435096434317972180e-01
4.383763923027198750e+00 1.256251573055900961e+00
4.390053397809159819e+00 8.328463533932156659e-01
4.396342872591121775e+00 7.713388416963489203e-01
4.402632347373082844e+00 3.604477896086559774e-01
4.408921822155044801e+00 -1.813717047046201625e-01
4.415211296937005869e+00 1.014174766526688698e+00
4.421500771718967826e+00 7.489549193206845867e-02
4.427790246500929783e+00 -4.833191740586670893e-01
4.434079721282890851e+00 1.097770840613147003e-01
4.440369196064852808e+00 1.387809294522798886e+00
4.446658670846813877e+00 5.118053024830213626e-01
4.452948145628775833e+00 6.903842347455584338e-01
4.459237620410736902e+00 1.346558644146567119e-03
4.465527095192698859e+00 6.789296964259307066e-01
4.471816569974659927e+00 -1.771334137015897481e-01
4.478106044756621884e+00 7.039529948074292331e-01
4.484395519538582953e+00 5.222802201311289583e-01
4.490684994320544909e+00 1.091360951694110737e+00
4.496974469102505978e+00 2.645249228566215471e-02
4.503263943884467935e+00 1.215515492576688228e+00
4.509553418666429891e+00 7.388976902448224360e-02
4.515842893448390960e+00 5.729349411410328274e-01
4.522132368230352917e+00 -6.471212640648243974e-02
4.528421843012313985e+00 7.063178709432418323e-01
4.534711317794275942e+00 1.443454749059226216e+00
4.541000792576237011e+00 6.251532801788595162e-02
4.547290267358198967e+00 4.650880514434956314e-01
4.553579742140160036e+00 1.460048536148766951e+00
4.559869216922121993e+00 3.878405203176096272e-01
4.566158691704083061e+00 -2.146336096375056068e-01
4.572448166486045018e+00 1.233544500251797071e+00
4.578737641268006087e+00 1.548606647607339237e+00
4.585027116049968043e+00 -1.299146878855793608e-01
4.591316590831930000e+00 1.356790788327942199e+00
4.597606065613891069e+00 1.091516091873685035e+00
4.603895540395853025e+00 -7.475488097818894229e-02
4.610185015177814094e+00 1.148819214264215516e+00
4.616474489959776051e+00 6.128918248416157510e-01
4.622763964741737119e+00 1.632805441465731588e+00
4.629053439523699076e+00 8.101103456793263824e-01
4.635342914305660145e+00 4.645529076770616994e-01
4.641632389087622101e+00 1.271658363056219265e+00
4.647921863869583170e+00 9.104835469872719633e-01
4.654211338651545127e+00 7.346530130322181940e-01
4.660500813433506195e+00 3.882754804594731879e-01
4.666790288215468152e+00 1.115374093135614642e+00
4.673079762997430109e+00 1.145343347779171239e+00
4.679369237779391177e+00 1.647874693527663581e+00
4.685658712561353134e+00 1.630700200697617008e+00
4.691948187343314203e+00 6.207116118009887717e-01
4.698237662125276159e+00 9.963909450511737598e-01
4.704527136907237228e+00 4.963955668307731273e-01
4.710816611689199185e+00 1.416239012717824375e+00
4.717106086471160253e+00 1.374819613308306820e+00
4.723395561253122210e+00 3.913266896163983266e-01
4.729685036035083279e+00 1.022582827963483876e+00
4.735974510817045235e+00 9.364645800087564309e-01
4.742263985599006304e+00 7.464753838806468256e-01
4.748553460380968261e+00 1.714626543404254244e+00
4.754842935162930218e+00 9.706904950961785516e-01
4.761132409944891286e+00 1.201209173921177431e+00
4.767421884726853243e+00 7.896450917976998163e-01
4.773711359508814311e+00 1.169196997057601717e+00
4.780000834290776268e+00 1.515740479869724489e+00
4.786290309072737337e+00 -1.309407751750157889e-01
4.792579783854699293e+00 6.312016638708890515e-01
4.798869258636660362e+00 -2.694774236526000233e-01
4.805158733418622319e+00 5.047689289082541997e-01
4.811448208200583387e+00 2.286215187786311276e-02
4.817737682982545344e+00 3.592006874025543417e-01
4.824027157764506413e+00 4.323004061009488863e-02
4.830316632546468369e+00 9.788532209080653690e-01
4.836606107328430326e+00 1.152583165374151175e+00
4.842895582110391395e+00 5.919103942432221155e-01
4.849185056892353352e+00 1.134178637118577804e+00
4.855474531674314420e+00 1.929420568148197956e-01
4.861764006456276377e+00 2.981385851441917256e-01
4.868053481238237445e+00 1.153276135093861399e-02
4.874342956020199402e+00 1.343509900617982922e+00
4.880632430802160471e+00 7.699931357400244814e-01
4.886921905584122428e+00 7.407108643794445557e-01
4.893211380366083496e+00 5.240682980027338012e-01
4.899500855148045453e+00 -4.735385058167947969e-01
4.905790329930006521e+00 6.042141255765975938e-02
4.912079804711968478e+00 -4.595602606894404474e-01
4.918369279493930435e+00 5.460550504812049510e-01
4.924658754275891503e+00 4.255046187881943442e-01
4.930948229057853460e+00 1.379738634506636030e+00
4.937237703839814529e+00 -5.516064804390634624e-01
4.943527178621776486e+00 -3.421396003879346726e-01
4.949816653403737554e+00 9.278371165654577535e-01
4.956106128185699511e+00 -1.603272313020647211e-01
4.962395602967660579e+00 1.930656427739971814e-01
4.968685077749622536e+00 1.180835732935569649e+00
4.974974552531583605e+00 1.426822893951293914e-01
4.981264027313545562e+00 4.828773638985917049e-01
4.987553502095506630e+00 -3.474797960725227730e-01
4.993842976877468587e+00 9.187929387802657999e-01
5.000132451659430544e+00 7.818568966047376723e-01
5.006421926441391612e+00 7.806597745710899261e-01
5.012711401223353569e+00 -3.966108714858870288e-01
5.019000876005314637e+00 -1.257093429887139457e-01
5.025290350787276594e+00 5.408039271156892536e-01
5.031579825569237663e+00 -4.849007212157743218e-01
5.037869300351199620e+00 -3.241154104894159449e-01
5.044158775133160688e+00 6.038870733210649488e-01
5.050448249915122645e+00 -1.752629912169951787e-01
5.056737724697083713e+00 -5.245959326364687536e-01
5.063027199479045670e+00 8.514994807279887556e-01
5.069316674261006739e+00 -7.394734355552545768e-01
5.075606149042968696e+00 5.621156486470808566e-01
5.081895623824930652e+00 -1.704464177129452196e-01
5.088185098606891721e+00 -5.789381042390736587e-01
5.094474573388853678e+00 8.159940716572078312e-02
5.100764048170814746e+00 -6.117846132337929621e-01
5.107053522952776703e+00 -4.173639545303917675e-01
5.113342997734737772e+00 -3.895347788411738232e-01
5.119632472516699728e+00 -6.140152627874631008e-01
5.125921947298660797e+00 -7.177496111990936400e-01
5.132211422080622754e+00 -3.007083273110717769e-01
5.138500896862583822e+00 -1.508667310242144399e-01
5.144790371644545779e+00 -8.164325824311923219e-01
5.151079846426506847e+00 4.063884454726836015e-01
5.157369321208468804e+00 -5.279450851732350181e-01
5.163658795990430761e+00 6.051443490756582833e-01
5.169948270772391830e+00 -1.410930414192187454e-01
5.176237745554353786e+00 1.022718607621197595e+00
5.182527220336314855e+00 -3.069287497003150289e-01
5.188816695118276812e+00 6.030631103469280552e-01
5.195106169900237880e+00 4.113789831358031224e-01
5.201395644682199837e+00 -6.750093287693401667e-01
5.207685119464160906e+00 5.289135961441125966e-01
5.213974594246122862e+00 3.004578846853214191e-01
5.220264069028083931e+00 2.683037196944844105e-01
5.226553543810045888e+00 -3.884335137376715430e-02
5.232843018592006956e+00 -1.681183855225765189e-01
5.239132493373968913e+00 -2.172985380146204015e-01
5.245421968155930870e+00 4.966969420224502940e-01
5.251711442937891938e+00 -3.067294417737429502e-01
5.258000917719853895e+00 -2.977533800018401511e-01
5.264290392501814964e+00 -6.131944821637516085e-01
5.270579867283776920e+00 2.660598182144957580e-01
5.276869342065737989e+00 9.157024075841020405e-01
5.283158816847699946e+00 -4.653082131134588240e-01
5.289448291629661014e+00 6.546871191512975141e-01
5.295737766411622971e+00 -4.506232083329875238e-01
5.302027241193584040e+00 7.337441179858160689e-01
5.308316715975545996e+00 7.259806828530722678e-01
5.314606190757507953e+00 1.668508483807237819e-01
5.320895665539469022e+00 -1.258100891284358314e-01
5.327185140321430978e+00 1.184211047831770003e+00
5.333474615103392047e+00 2.711918742235031043e-03
5.339764089885354004e+00 9.977916883483919364e-01
5.346053564667315072e+00 4.854008568501438914e-02
5.352343039449277029e+00 4.746755795330846461e-01
5.358632514231238098e+00 1.123170721547382289e+00
5.364921989013200054e+00 1.049396910856429943e-01
5.371211463795161123e+00 4.519653670678771551e-01
5.377500938577123080e+00 -9.373117646286954763e-02
5.383790413359084148e+00 2.276104353791055246e-01
5.390079888141046105e+00 4.588198950742736204e-01
5.396369362923008062e+00 9.786239001660071990e-01
5.402658837704969130e+00 4.518252466437340797e-01
5.408948312486931087e+00 7.183260660034711531e-01
5.415237787268892156e+00 -3.641927361038227451e-02
5.421527262050854112e+00 6.938517461664526209e-01
5.427816736832815181e+00 8.302853456924488285e-01
5.434106211614777138e+00 1.379765182334157014e+00
5.440395686396738206e+00 1.384152218081501795e+00
5.446685161178700163e+00 6.808201293662536902e-01
5.452974635960661232e+00 8.501261376878694875e-01
5.459264110742623188e+00 5.937476240942068939e-01
5.465553585524584257e+00 1.456889872802918262e+00
5.471843060306546214e+00 1.379406477973545320e+00
5.478132535088508170e+00 1.660726803390272899e+00
5.484422009870469239e+00 9.272980984187213505e-01
5.490711484652431196e+00 5.827416246543170031e-01
5.497000959434392264e+00 1.858651427302502990e+00
5.503290434216354221e+00 1.142656956212304342e+00
5.509579908998315290e+00 1.307422032476900586e+00
5.515869383780277246e+00 1.251212983121433364e+00
5.522158858562238315e+00 1.091666334996039822e+00
5.528448333344200272e+00 1.811773520778762858e+00
5.534737808126161340e+00 6.104297862564226351e-01
5.541027282908123297e+00 1.469392309953306608e+00
5.547316757690084366e+00 1.643952409311875362e+00
5.553606232472046322e+00 1.050740988266836595e+00
5.559895707254008279e+00 8.982460851920393008e-01
5.566185182035969348e+00 2.169375670576935811e+00
5.572474656817931304e+00 1.860289452390485376e+00
5.578764131599892373e+00 2.237150191204417382e+00
5.585053606381854330e+00 1.075693369445129166e+00
5.591343081163815398e+00 2.182105882064680813e+00
5.597632555945777355e+00 6.667218668762328049e-01
5.603922030727738424e+00 1.848103475406729812e+00
5.610211505509700380e+00 2.070573909351995479e+00
5.616500980291661449e+00 1.836098107348476338e+00
5.622790455073623406e+00 8.276057824064526613e-01
5.629079929855584474e+00 1.454251755113446176e+00
5.635369404637546431e+00 9.383798680139847637e-01
5.641658879419508388e+00 1.324053025777241599e+00
5.647948354201469456e+00 1.043479308066263656e+00
5.654237828983431413e+00 2.551660938348385699e+00
5.660527303765392482e+00 1.785816726226302498e+00
5.666816778547354438e+00 1.037749216915750727e+00
5.673106253329315507e+00 1.037143798563185282e+00
5.679395728111277464e+00 1.474476029908196484e+00
5.685685202893238532e+00 2.606956993218201735e+00
5.691974677675200489e+00 2.230721529207304155e+00
5.698264152457161558e+00 9.205001362901531481e-01
5.704553627239123514e+00 1.464063035763845999e+00
5.710843102021084583e+00 1.402885166210306789e+00
5.717132576803046540e+00 8.631028696254278154e-01
5.723422051585008496e+00 1.439960830318207652e+00
5.729711526366969565e+00 1.664888597886978960e+00
5.736001001148931522e+00 1.022979005927959317e+00
5.742290475930892590e+00 1.719372518728762733e+00
5.748579950712854547e+00 2.237374500718352088e+00
5.754869425494815616e+00 2.306132815148635107e+00
5.761158900276777572e+00 9.240232565717679813e-01
5.767448375058738641e+00 2.548369265813970053e+00
5.773737849840700598e+00 2.306950475487557828e+00
5.780027324622661666e+00 9.951607806088911268e-01
5.786316799404623623e+00 1.146803766470101182e+00
5.792606274186584692e+00 1.064139228425565298e+00
5.798895748968546648e+00 2.442448369732329816e+00
5.805185223750508605e+00 2.120738265006031575e+00
5.811474698532469674e+00 1.586109453253691015e+00
5.817764173314431631e+00 1.814727963240867714e+00
5.824053648096392699e+00 9.459280538353413981e-01
5.830343122878354656e+00 5.430094722786404926e-01
5.836632597660315724e+00 4.458373558726793084e-01
5.842922072442277681e+00 1.435038753999736905e+00
5.849211547224238750e+00 1.865785162002039144e+00
5.855501022006200706e+00 4.403322892263482058e-01
5.861790496788161775e+00 1.585838126704571582e+00
5.868079971570123732e+00 7.069696794855804267e-01
5.874369446352084800e+00 7.804977464067137660e-01
5.880658921134046757e+00 4.833221278865602044e-01
5.886948395916008714e+00 1.945963764075515079e-01
5.893237870697969782e+00 2.276310234977239055e-01
5.899527345479931739e+00 1.908977120083550805e+00
5.905816820261892808e+00 5.480487461080287837e-01
5.912106295043854765e+00 9.817506854140267691e-02
5.918395769825815833e+00 6.100380803915292915e-01
5.924685244607777790e+00 6.649761698731632142e-02
5.930974719389738858e+00 6.596162806688108393e-01
5.937264194171700815e+00 8.573336474631398918e-02
5.943553668953661884e+00 1.459015642169521509e+00
5.949843143735623840e+00 3.239922398416399396e-01
5.956132618517584909e+00 -1.649552341778070530e-01
5.962422093299546866e+00 5.488694605738271282e-01
5.968711568081508823e+00 9.614832477354311457e-01
5.975001042863469891e+00 8.643790161726754295e-01
5.981290517645431848e+00 -5.225071275840784679e-01
5.987579992427392916e+00 2.871381693824615056e-03
5.993869467209354873e+00 1.174867802347059120e+00
6.000158941991315942e+00 1.172974122089569748e+00
6.006448416773277899e+00 5.842930023479298018e-01
6.012737891555238967e+00 1.965732076916322235e-01
6.019027366337200924e+00 4.865239080297083518e-01
6.025316841119161992e+00 -1.497462969689600243e-02
6.031606315901123949e+00 -2.196579784829553184e-01
6.037895790683085906e+00 9.610442142748671923e-01
6.044185265465046974e+00 -9.417751985672448978e-01
6.050474740247008931e+00 -4.420034601816806852e-01
6.056764215028970000e+00 -1.099284966773206307e-02
6.063053689810931957e+00 -7.828879962948054327e-01
6.069343164592893025e+00 1.792036344642462531e-01
6.075632639374854982e+00 4.196190216719064559e-01
6.081922114156816050e+00 -9.911432224228335919e-01
6.088211588938778007e+00 -1.207867112076917548e+00
6.094501063720739076e+00 -1.633469802775580071e-01
6.100790538502701033e+00 -2.222708297623838813e-01
6.107080013284662101e+00 -9.479925730559215502e-01
6.113369488066624058e+00 -2.682138031547325330e-01
6.119658962848586015e+00 -3.057469984715592837e-01
6.125948437630547083e+00 -6.653714378979678212e-01
6.132237912412509040e+00 1.484985926025550462e-01
6.138527387194470109e+00 -3.398420285432508514e-01
6.144816861976432065e+00 -2.738722342464332549e-01
6.151106336758393134e+00 -1.472248844341580876e+00
6.157395811540355091e+00 -1.216046588665458783e+00
6.163685286322316159e+00 -1.385282981849079498e+00
6.169974761104278116e+00 -1.166376710620034007e-01
6.176264235886239184e+00 -1.651115513728332429e+00
6.182553710668201141e+00 -5.783546482130019761e-01
6.188843185450162210e+00 -1.961744729763009953e+00
6.195132660232124167e+00 -3.858766464206520030e-01
6.201422135014086123e+00 -3.540829002738377085e-01
6.207711609796047192e+00 -7.014191752337308738e-01
6.214001084578009149e+00 -2.046110528013818097e+00
6.220290559359970217e+00 -2.769508003433809318e-01
6.226580034141932174e+00 -2.361951512338804626e-01
6.232869508923893243e+00 -7.344481034263026231e-01
6.239158983705855199e+00 -1.270612825744970698e+00
6.245448458487816268e+00 -1.018866055699312989e+00
6.251737933269778225e+00 -2.649660214472939757e-01
6.258027408051739293e+00 -1.735822469592825490e+00
6.264316882833701250e+00 -1.815505261758352473e+00
6.270606357615662318e+00 -3.050795342600596260e-01
6.276895832397624275e+00 -8.046865401965717091e-01
6.283185307179586232e+00 -1.826392129328312519e+00
