0.000000000000000000e+00 1.450789522557605959e+00
6.289474781961547356e-03 2.220956113743252636e-01
1.257894956392309471e-02 1.035056525453560416e+00
1.886842434588464207e-02 -4.516486326802778839e-01
2.515789912784618942e-02 -3.042981023247997574e-01
3.144737390980773678e-02 1.291217806880086361e+00
3.773684869176928414e-02 1.402765428885237586e-01
4.402632347373083149e-02 1.036688835362786998e+00
5.031579825569237885e-02 1.372205472621109479e+00
5.660527303765392620e-02 1.554770816470694594e+00
6.289474781961547356e-02 1.165573625774018574e+00
6.918422260157702786e-02 4.787562012140347267e-01
7.547369738353856827e-02 6.098709800396273639e-01
8.176317216550010869e-02 -8.968768905068952302e-02
8.805264694746166299e-02 1.011420164214112294e+00
9.434212172942321728e-02 9.003549426521579857e-01
1.006315965113847577e-01 7.894150457438722235e-01
1.069210712933462981e-01 1.981201237704667273e-01
1.132105460753078524e-01 8.038203190511729046e-01
1.195000208572694067e-01 6.989172139409667306e-01
1.257894956392309471e-01 1.397777808503400943e+00
1.320789704211924875e-01 1.735756515129750488e-01
1.383684452031540557e-01 5.534995251375047776e-01
1.446579199851155961e-01 8.355328925352807357e-01
1.509473947670771365e-01 1.485590783792500424e+00
1.572368695490386770e-01 2.365901954106959248e-01
1.635263443310002174e-01 1.634242020529067752e+00
1.698158191129617856e-01 1.171804979553389359e+00
1.761052938949233260e-01 -2.609208168986199006e-02
1.823947686768848664e-01 -2.207758638870405132e-01
1.886842434588464346e-01 -2.241843234182494538e-02
1.949737182408079750e-01 8.970457147007462329e-01
2.012631930227695154e-01 6.801221461885962327e-01
2.075526678047310558e-01 1.594909519800267628e+00
2.138421425866925962e-01 1.128498332983211228e+00
2.201316173686541644e-01 8.683183904625959570e-01
2.264210921506157048e-01 5.723854084610323634e-01
2.327105669325772452e-01 1.296151298803710716e+00
2.390000417145388134e-01 8.356725080672078310e-01
2.452895164965003538e-01 1.271963399513904580e-01
2.515789912784618942e-01 3.197625702332684838e-02
2.578684660604234624e-01 1.535645198161916802e+00
2.641579408423849751e-01 1.522675493023961213e+00
2.704474156243465433e-01 1.524462675018394942e+00
2.767368904063081114e-01 -4.203336627437465056e-02
2.830263651882696241e-01 9.991592690032458091e-02
2.893158399702311923e-01 3.966370074011802971e-01
2.956053147521927049e-01 9.420353731873979397e-01
3.018947895341542731e-01 8.592320634095553800e-01
3.081842643161158413e-01 1.442584406446099088e+00
3.144737390980773539e-01 6.526111533221641281e-01
3.207632138800389221e-01 6.979303923116862984e-01
3.270526886620004348e-01 -4.879032001402403562e-01
3.333421634439620029e-01 1.374229019814926289e+00
3.396316382259235711e-01 -3.222980373520472064e-01
3.459211130078850838e-01 -3.736680965243137642e-01
3.522105877898466519e-01 1.221154634446379506e+00
3.585000625718082201e-01 1.006128554035691236e-01
3.647895373537697328e-01 9.951413301506637499e-01
3.710790121357313009e-01 -1.327997599001298212e-01
3.773684869176928691e-01 1.052558602979330349e+00
3.836579616996543818e-01 1.248538302861188054e+00
3.899474364816159500e-01 8.765243470904258150e-01
3.962369112635774626e-01 4.613490307806558111e-01
4.025263860455390308e-01 -2.023025682255780167e-01
4.088158608275005990e-01 -6.646364926410969209e-01
4.151053356094621116e-01 -6.492617508132880744e-02
4.213948103914236798e-01 -2.222527355786598768e-01
4.276842851733851925e-01 -1.590939766999489580e-01
4.339737599553467606e-01 -4.056488815730150410e-01
4.402632347373083288e-01 6.371768114294493746e-01
4.465527095192698415e-01 -7.766354733540437039e-01
4.528421843012314096e-01 -2.069749978073778252e-01
4.591316590831929778e-01 6.444357300621690321e-01
4.654211338651544905e-01 -6.521073744314558329e-01
4.717106086471160586e-01 -5.058574713160240988e-01
4.780000834290776268e-01 4.433836353480495873e-01
4.842895582110391395e-01 4.682703189145961398e-01
4.905790329930007077e-01 -3.785306527975120794e-01
4.968685077749622203e-01 1.008130284585826208e+00
5.031579825569237885e-01 -4.745479785675321693e-01
5.094474573388853011e-01 -9.379413630116364420e-01
5.157369321208469248e-01 7.902908076186787589e-01
5.220264069028084375e-01 2.969578558609906604e-01
5.283158816847699502e-01 -5.988510928443515624e-01
5.346053564667315738e-01 7.904434480540791785e-01
5.408948312486930865e-01 5.828244893794907178e-01
5.471843060306545992e-01 8.657058524574390290e-02
5.534737808126162228e-01 3.514688156171630329e-01
5.597632555945777355e-01 5.362311918198869876e-02
5.660527303765392482e-01 -9.117352122898694233e-01
5.723422051585007608e-01 -3.366315790827958399e-01
5.786316799404623845e-01 -4.264096275172408745e-01
5.849211547224238972e-01 -8.364793289202587800e-01
5.912106295043854098e-01 -1.085022394304707039e+00
5.975001042863470335e-01 -4.417754083548426358e-01
6.037895790683085462e-01 -1.217121403598222074e+00
6.100790538502700588e-01 9.300258146403028725e-02
6.163685286322316825e-01 -1.200111554794979885e+00
6.226580034141931952e-01 2.638165545751247620e-02
6.289474781961547079e-01 -5.144224929226082210e-02
6.352369529781163315e-01 6.799297201591925077e-01
6.415264277600778442e-01 3.840437641607250541e-01
6.478159025420393569e-01 1.579866338858608721e-01
6.541053773240008695e-01 -3.074897077243701204e-01
6.603948521059624932e-01 -3.060200927476037780e-01
6.666843268879240059e-01 -1.130307151751757555e+00
6.729738016698855185e-01 6.479669554400129261e-01
6.792632764518471422e-01 5.148993638879129087e-01
6.855527512338086549e-01 4.088235221496150373e-02
6.918422260157701675e-01 -1.015781885932887318e+00
6.981317007977317912e-01 -4.324258024449101345e-01
7.044211755796933039e-01 2.212038287291397953e-01
7.107106503616548165e-01 5.223134290145303726e-01
7.170001251436164402e-01 -5.870305679711202984e-01
7.232895999255779529e-01 -7.241174824442231373e-01
7.295790747075394655e-01 -9.110538923589939220e-01
7.358685494895010892e-01 8.997310273171632566e-02
7.421580242714626019e-01 1.123006841895768382e-01
7.484474990534241146e-01 -1.134769262742587159e+00
7.547369738353857382e-01 7.890058201254606107e-01
7.610264486173472509e-01 7.539555755075006971e-01
7.673159233993087636e-01 -6.036597214400507561e-01
7.736053981812702762e-01 -1.120668296519675033e+00
7.798948729632318999e-01 -1.013629427292918717e+00
7.861843477451934126e-01 -2.725375997605177236e-01
7.924738225271549252e-01 -3.040577543177058750e-02
7.987632973091165489e-01 -1.054190629811238011e+00
8.050527720910780616e-01 -5.385424100843945183e-01
8.113422468730395742e-01 -4.633993796973059354e-01
8.176317216550011979e-01 -3.044010024685652738e-01
8.239211964369627106e-01 -7.524228834893309514e-01
8.302106712189242232e-01 -8.982160975738051611e-02
8.365001460008858469e-01 2.372890263692766233e-01
8.427896207828473596e-01 1.051724000316164531e+00
8.490790955648088723e-01 -8.763242236918111772e-02
8.553685703467703849e-01 2.773314311682011368e-01
8.616580451287320086e-01 -1.384197021695696694e-01
8.679475199106935213e-01 -5.491495707958422567e-01
8.742369946926550339e-01 8.795864441420002677e-01
8.805264694746166576e-01 5.450737136291494700e-01
8.868159442565781703e-01 4.439762415820291963e-01
8.931054190385396829e-01 9.861284556340186302e-01
8.993948938205013066e-01 -3.918398685096405876e-01
9.056843686024628193e-01 4.584601438244106930e-02
9.119738433844243319e-01 3.160017055417860821e-01
9.182633181663859556e-01 8.505145257615192023e-01
9.245527929483474683e-01 1.316989280352303116e+00
9.308422677303089809e-01 5.384006339975023758e-01
9.371317425122706046e-01 2.090617271152023782e-01
9.434212172942321173e-01 1.132525662881597839e+00
9.497106920761936300e-01 1.850784455188009270e-02
9.560001668581552536e-01 7.513683781482409785e-01
9.622896416401167663e-01 3.323012125419513296e-01
9.685791164220782790e-01 1.413439391754567342e+00
9.748685912040397916e-01 9.443468811347796588e-02
9.811580659860014153e-01 1.293573455218207213e+00
9.874475407679629280e-01 5.799905690238789102e-01
9.937370155499244406e-01 1.409101920835670763e+00
1.000026490331886064e+00 9.508482774806641391e-01
1.006315965113847577e+00 7.573374797640259892e-01
1.012605439895809090e+00 8.450846231176163403e-01
1.018894914677770602e+00 1.721495499272237328e+00
1.025184389459732115e+00 9.024203113596005466e-01
1.031473864241693850e+00 1.713049278100422290e+00
1.037763339023655362e+00 4.375781481740402823e-01
1.044052813805616875e+00 6.231257244371120052e-01
1.050342288587578388e+00 7.272050338663185176e-01
1.056631763369539900e+00 1.926320442979202685e+00
1.062921238151501413e+00 9.720902218800187011e-01
1.069210712933463148e+00 2.388198499915356265e+00
1.075500187715424660e+00 7.964405477788392140e-01
1.081789662497386173e+00 1.341994779430697893e+00
1.088079137279347686e+00 9.116958298705244435e-01
1.094368612061309198e+00 1.133671242447843897e+00
1.100658086843270711e+00 1.324168939338844719e+00
1.106947561625232446e+00 2.094650648881851041e+00
1.113237036407193958e+00 1.682175041800437754e+00
1.119526511189155471e+00 2.065665394125205445e+00
1.125815985971116984e+00 1.771712880062903395e+00
1.132105460753078496e+00 2.039121774272413923e+00
1.138394935535040009e+00 1.248451680544236275e+00
1.144684410317001522e+00 2.239414314299107645e+00
1.150973885098963256e+00 1.669213758229939559e+00
1.157263359880924769e+00 2.826097453642857360e+00
1.163552834662886282e+00 1.707483322531076597e+00
1.169842309444847794e+00 2.078695958167263935e+00
1.176131784226809307e+00 2.287151648202793819e+00
1.182421259008770820e+00 1.799257070028686734e+00
1.188710733790732554e+00 1.530571440546412365e+00
1.195000208572694067e+00 1.795664140630840233e+00
1.201289683354655580e+00 1.910184695436357050e+00
1.207579158136617092e+00 1.682547112914411169e+00
1.213868632918578605e+00 1.674753398836369422e+00
1.220158107700540118e+00 2.738427629894735649e+00
1.226447582482501630e+00 1.341553549527061628e+00
1.232737057264463365e+00 2.447527523873384681e+00
1.239026532046424878e+00 2.158051368892662580e+00
1.245316006828386390e+00 2.763550824653885130e+00
1.251605481610347903e+00 1.450241610108212065e+00
1.257894956392309416e+00 1.945356549846183780e+00
1.264184431174270928e+00 2.305031518873886576e+00
1.270473905956232663e+00 1.254656261356784430e+00
1.276763380738194176e+00 2.655241948517531370e+00
1.283052855520155688e+00 2.903949370145086917e+00
1.289342330302117201e+00 1.243558416281612677e+00
1.295631805084078714e+00 3.000977784078155963e+00
1.301921279866040226e+00 2.157517271124679947e+00
1.308210754648001739e+00 2.633267924109626179e+00
1.314500229429963474e+00 2.170660116919444604e+00
1.320789704211924986e+00 1.155022186090314928e+00
1.327079178993886499e+00 2.601779168216109994e+00
1.333368653775848012e+00 1.653525580314167076e+00
1.339658128557809524e+00 2.139879122430568437e+00
1.345947603339771037e+00 2.775218851067053016e+00
1.352237078121732772e+00 2.613227624584737896e+00
1.358526552903694284e+00 1.967268247216066301e+00
1.364816027685655797e+00 1.308697213747356480e+00
1.371105502467617310e+00 1.311969432362431798e+00
1.377394977249578822e+00 1.575185298364177866e+00
1.383684452031540335e+00 1.169939958983937656e+00
1.389973926813502070e+00 1.364623858687109337e+00
1.396263401595463582e+00 2.171677474098748561e+00
1.402552876377425095e+00 1.149958484252405322e+00
1.408842351159386608e+00 2.852959956341334369e+00
1.415131825941348120e+00 1.494209641835791968e+00
1.421421300723309633e+00 2.698150363451651490e+00
1.427710775505271146e+00 1.787860904686824348e+00
1.434000250287232880e+00 1.589117405857002785e+00
1.440289725069194393e+00 2.431854296137733407e+00
1.446579199851155906e+00 1.777282486084854396e+00
1.452868674633117418e+00 9.255578703756293102e-01
1.459158149415078931e+00 1.975996514011070682e+00
1.465447624197040444e+00 6.119742898039070012e-01
1.471737098979002178e+00 1.705424445683803025e+00
1.478026573760963691e+00 2.079414095864648537e+00
1.484316048542925204e+00 2.048408889442624226e+00
1.490605523324886716e+00 1.497758061556002884e+00
1.496894998106848229e+00 5.248967519887393074e-01
1.503184472888809742e+00 2.019788714888680392e+00
1.509473947670771476e+00 1.882166272833855736e+00
1.515763422452732989e+00 1.966387398404762177e+00
1.522052897234694502e+00 3.243614733387047422e-01
1.528342372016656014e+00 1.505794489439630457e+00
1.534631846798617527e+00 2.009078625701296028e-01
1.540921321580579040e+00 7.878734775191582607e-01
1.547210796362540552e+00 2.067517987397328449e-01
1.553500271144502287e+00 1.781559613606705117e+00
1.559789745926463800e+00 1.703800600160096101e-01
1.566079220708425312e+00 1.626038559586535648e+00
1.572368695490386825e+00 1.669493288519845686e+00
1.578658170272348338e+00 1.503821006343686317e+00
1.584947645054309850e+00 1.079470517616644365e+00
1.591237119836271585e+00 9.105907268227564355e-01
1.597526594618233098e+00 5.283187971468434885e-01
1.603816069400194610e+00 1.050221474637926811e-01
1.610105544182156123e+00 6.723237374125621280e-01
1.616395018964117636e+00 -3.620956726397235315e-01
1.622684493746079148e+00 -6.768654952167016958e-01
1.628973968528040661e+00 5.994692257869241869e-01
1.635263443310002396e+00 7.462138963551949722e-01
1.641552918091963909e+00 4.801223443420393755e-01
1.647842392873925421e+00 2.806360391552571443e-01
1.654131867655886934e+00 -6.488204167726510097e-01
1.660421342437848446e+00 9.897033721357402225e-01
1.666710817219809959e+00 8.104657707888707208e-03
1.673000292001771694e+00 -1.015426071122671692e+00
1.679289766783733207e+00 -4.321255690754945977e-01
1.685579241565694719e+00 3.311935188238985805e-01
1.691868716347656232e+00 -9.003885413212286970e-01
1.698158191129617745e+00 -1.194294878495569590e+00
1.704447665911579257e+00 4.875501567073792231e-01
1.710737140693540770e+00 1.098522786203921520e-01
1.717026615475502505e+00 -7.865112205074684670e-01
1.723316090257464017e+00 3.837485815233443454e-02
1.729605565039425530e+00 -1.247097414103360169e+00
1.735895039821387043e+00 4.438879137149267518e-01
1.742184514603348555e+00 1.871346655900512079e-01
1.748473989385310068e+00 -1.265784686086891098e+00
1.754763464167271803e+00 -6.581009322335704681e-01
1.761052938949233315e+00 1.160740779439413117e-01
1.767342413731194828e+00 1.852411210584916645e-01
1.773631888513156341e+00 -7.774388279996209405e-01
1.779921363295117853e+00 -1.153015409654732926e+00
1.786210838077079366e+00 -1.554862057745672432e+00
1.792500312859041101e+00 -3.171029699694074555e-01
1.798789787641002613e+00 -7.991489039307078102e-01
1.805079262422964126e+00 -1.722222078578503401e+00
1.811368737204925639e+00 -1.270657293713574276e+00
1.817658211986887151e+00 -1.799130154013391047e+00
1.823947686768848664e+00 -8.252759490556105249e-01
1.830237161550810177e+00 -1.955281010671237718e+00
1.836526636332771911e+00 -1.637298979556078171e+00
1.842816111114733424e+00 -9.467094855401108067e-01
1.849105585896694937e+00 -6.478952279262251146e-02
1.855395060678656449e+00 -2.020211166544912729e+00
1.861684535460617962e+00 -1.719337189707916824e-01
1.867974010242579475e+00 -1.093396818914292412e+00
1.874263485024541209e+00 -3.104274181528423604e-01
1.880552959806502722e+00 -6.999387678186870243e-01
1.886842434588464235e+00 -1.520356516791502521e+00
1.893131909370425747e+00 -1.906243263422148893e+00
1.899421384152387260e+00 -1.393156936661096079e+00
1.905710858934348773e+00 -9.695203795682874048e-01
1.912000333716310507e+00 -1.399785533667913251e+00
1.918289808498272020e+00 -1.386320515778813212e+00
1.924579283280233533e+00 -2.688464275816671023e-01
1.930868758062195045e+00 -3.762445512500085520e-01
1.937158232844156558e+00 -4.287852449595923598e-01
1.943447707626118071e+00 -1.601243615241263019e+00
1.949737182408079583e+00 -8.633923857423977388e-01
1.956026657190041318e+00 -8.988300115492220410e-01
1.962316131972002831e+00 -5.430783625704380668e-01
1.968605606753964343e+00 7.464532326125161710e-02
1.974895081535925856e+00 2.410673382282113586e-02
1.981184556317887369e+00 -7.138875058131046725e-01
1.987474031099848881e+00 -1.584848759461383594e-01
1.993763505881810616e+00 -1.284566901286222862e+00
2.000052980663772129e+00 -3.193399076361180811e-01
2.006342455445733641e+00 8.045349571623772178e-02
2.012631930227695154e+00 -1.439403049046085847e+00
2.018921405009656667e+00 -1.458828680159673263e+00
2.025210879791618179e+00 -1.552647188890476260e+00
2.031500354573579692e+00 -3.604091049924393886e-01
2.037789829355541205e+00 -1.525767699557143642e+00
2.044079304137502717e+00 -1.181120757499242613e+00
2.050368778919464230e+00 4.751404661039781985e-01
2.056658253701426187e+00 -8.703534906513150649e-01
2.062947728483387699e+00 -6.640545794685610570e-01
2.069237203265349212e+00 -3.285225606841946089e-02
2.075526678047310725e+00 6.741371362939387879e-01
2.081816152829272237e+00 -8.925154178232515001e-01
2.088105627611233750e+00 6.101999218461335861e-01
2.094395102393195263e+00 -7.399845015943089521e-01
2.100684577175156775e+00 1.176439932655135578e-01
2.106974051957118288e+00 -1.108972548683017090e-01
2.113263526739079801e+00 3.290444017393812093e-02
2.119553001521041313e+00 -5.433447851516470806e-02
2.125842476303002826e+00 1.141264894137010710e+00
2.132131951084964339e+00 -6.190902264372013519e-01
2.138421425866926295e+00 1.204888098819776321e-01
2.144710900648887808e+00 -1.452914341571338586e-01
2.151000375430849321e+00 1.061602226813472383e+00
2.157289850212810833e+00 5.481196828179146774e-01
2.163579324994772346e+00 -1.200689440424865251e-01
2.169868799776733859e+00 1.471517625920109706e+00
2.176158274558695371e+00 1.605646415797282289e+00
2.182447749340656884e+00 1.215503469446452378e+00
2.188737224122618397e+00 9.042134991006964828e-01
2.195026698904579909e+00 9.593080557867224023e-01
2.201316173686541422e+00 1.319700700314044406e+00
2.207605648468502935e+00 -1.264068332487067181e-02
2.213895123250464891e+00 1.606002060592695679e+00
2.220184598032426404e+00 5.724158264630044846e-01
2.226474072814387917e+00 1.488539175763055944e+00
2.232763547596349429e+00 1.414054529839745333e+00
2.239053022378310942e+00 1.865280946336111301e+00
2.245342497160272455e+00 1.338829588364324419e+00
2.251631971942233967e+00 1.164838150810067363e+00
2.257921446724195480e+00 1.943975030800122017e+00
2.264210921506156993e+00 1.996369348511175534e+00
2.270500396288118505e+00 1.269415762159093353e+00
2.276789871070080018e+00 1.248628823262169618e+00
2.283079345852041531e+00 1.447988159678941011e+00
2.289368820634003043e+00 1.588765635556158795e+00
2.295658295415965000e+00 1.098333909715034640e+00
2.301947770197926513e+00 1.342183032759183714e+00
2.308237244979888025e+00 2.327163661420970531e+00
2.314526719761849538e+00 2.737315097828694199e+00
2.320816194543811051e+00 2.642215917585843066e+00
2.327105669325772563e+00 1.756698805416778031e+00
2.333395144107734076e+00 2.780297954956182593e+00
2.339684618889695589e+00 1.883930971876147664e+00
2.345974093671657101e+00 1.906541061712607288e+00
2.352263568453618614e+00 2.862666658398352215e+00
2.358553043235580127e+00 1.864919699976394174e+00
2.364842518017541639e+00 2.997042320947073790e+00
2.371131992799503152e+00 1.966641597110340145e+00
2.377421467581465109e+00 1.754028496886612443e+00
2.383710942363426621e+00 1.866524667000993620e+00
2.390000417145388134e+00 1.726340850148301520e+00
2.396289891927349647e+00 2.671941266106904855e+00
2.402579366709311159e+00 1.824118704644425160e+00
2.408868841491272672e+00 3.151346348523818452e+00
2.415158316273234185e+00 2.365728755731440813e+00
2.421447791055195697e+00 3.381880258041356502e+00
2.427737265837157210e+00 2.948856039280973285e+00
2.434026740619118723e+00 3.230632474697011425e+00
2.440316215401080235e+00 3.417783318362158873e+00
2.446605690183041748e+00 2.351134351093176811e+00
2.452895164965003261e+00 2.658588926719208434e+00
2.459184639746965217e+00 2.691045450737397537e+00
2.465474114528926730e+00 2.371444382257507755e+00
2.471763589310888243e+00 2.120122322563765316e+00
2.478053064092849755e+00 1.944131351798083607e+00
2.484342538874811268e+00 2.243744193424340949e+00
2.490632013656772781e+00 2.996807519759580707e+00
2.496921488438734293e+00 1.990087008178177186e+00
2.503210963220695806e+00 3.921813773109567691e+00
2.509500438002657319e+00 2.938973226027013386e+00
2.515789912784618831e+00 2.198396541587293918e+00
2.522079387566580344e+00 2.362552493186436564e+00
2.528368862348541857e+00 3.638619916988327319e+00
2.534658337130503369e+00 3.495933324271661036e+00
2.540947811912465326e+00 3.534807662233871106e+00
2.547237286694426839e+00 3.183976747674272634e+00
2.553526761476388351e+00 2.659028272031230600e+00
2.559816236258349864e+00 2.793286789215484678e+00
2.566105711040311377e+00 2.943721063992437159e+00
2.572395185822272889e+00 3.603337875958931402e+00
2.578684660604234402e+00 2.234768256284362931e+00
2.584974135386195915e+00 3.237404163173976279e+00
2.591263610168157427e+00 3.395814837220742177e+00
2.597553084950118940e+00 3.503633923881518619e+00
2.603842559732080453e+00 2.975092865423262900e+00
2.610132034514041965e+00 3.670568138382641177e+00
2.616421509296003478e+00 3.141050306456238062e+00
2.622710984077965435e+00 2.689066869596256737e+00
2.629000458859926947e+00 2.682408633267832965e+00
2.635289933641888460e+00 2.821366707569197274e+00
2.641579408423849973e+00 2.976349384246367968e+00
2.647868883205811485e+00 1.695378410083857812e+00
2.654158357987772998e+00 3.371749417583372654e+00
2.660447832769734511e+00 2.504782316595196345e+00
2.666737307551696023e+00 1.846518184022861941e+00
2.673026782333657536e+00 1.654754688815296637e+00
2.679316257115619049e+00 1.440153296518496440e+00
2.685605731897580561e+00 1.411185410345473512e+00
2.691895206679542074e+00 1.545603480569139654e+00
2.698184681461504031e+00 2.045707068158340469e+00
2.704474156243465544e+00 2.148852094800481449e+00
2.710763631025427056e+00 2.656588376452069689e+00
2.717053105807388569e+00 2.041141485343335393e+00
2.723342580589350082e+00 1.918301233765029812e+00
2.729632055371311594e+00 1.210397205624656802e+00
2.735921530153273107e+00 1.502682061932107072e+00
2.742211004935234619e+00 8.384885544452261863e-01
2.748500479717196132e+00 1.086452810670790026e+00
2.754789954499157645e+00 2.436360995979987010e+00
2.761079429281119157e+00 1.326056839101547702e+00
2.767368904063080670e+00 1.473369204772978280e+00
2.773658378845042183e+00 5.844268146973183864e-01
2.779947853627004140e+00 1.278162426544084962e+00
2.786237328408965652e+00 6.999496081862837116e-01
2.792526803190927165e+00 1.994425018980595210e+00
2.798816277972888678e+00 2.244470315694150120e+00
2.805105752754850190e+00 1.722523760128594095e+00
2.811395227536811703e+00 1.920373731934482686e+00
2.817684702318773216e+00 5.146647914746697028e-01
2.823974177100734728e+00 4.157848092854259381e-01
2.830263651882696241e+00 1.102806816208697471e+00
2.836553126664657754e+00 2.939768235871035307e-01
2.842842601446619266e+00 4.008379703479201250e-01
2.849132076228580779e+00 1.233044883777197676e+00
2.855421551010542291e+00 8.334432602896857389e-01
2.861711025792504248e+00 1.104489595670959723e+00
2.868000500574465761e+00 2.840311638395895399e-01
2.874289975356427274e+00 6.251092771151358640e-01
2.880579450138388786e+00 1.037074274188990675e+00
2.886868924920350299e+00 -1.154177879062768808e-01
2.893158399702311812e+00 -2.441336995339792315e-01
2.899447874484273324e+00 -5.892838370145936366e-01
2.905737349266234837e+00 1.045353948478843220e-01
2.912026824048196350e+00 -4.360669752796373366e-01
2.918316298830157862e+00 1.096565935137605585e+00
2.924605773612119375e+00 8.989386639515762889e-01
2.930895248394080888e+00 -3.560788415332627466e-02
2.937184723176042400e+00 2.801135385735835648e-01
2.943474197958004357e+00 -2.676318676686473275e-02
2.949763672739965870e+00 -4.908109362343755500e-01
2.956053147521927382e+00 -7.706770622639942392e-01
2.962342622303888895e+00 -2.028992616328726406e-01
2.968632097085850408e+00 -3.438172883082788456e-01
2.974921571867811920e+00 -7.548791985391063442e-01
2.981211046649773433e+00 -6.607840537311346907e-01
2.987500521431734946e+00 6.001308565391816341e-01
2.993789996213696458e+00 -4.062816964193678437e-01
3.000079470995657971e+00 -1.294991868713452732e+00
3.006368945777619484e+00 -8.236423583811436355e-01
3.012658420559580996e+00 4.733718714482439971e-01
3.018947895341542953e+00 -3.106094548346791662e-01
3.025237370123504466e+00 -8.446249508904188907e-01
3.031526844905465978e+00 -2.656561235189320858e-01
3.037816319687427491e+00 -5.500627897633334484e-01
3.044105794469389004e+00 -5.777000588095497768e-01
3.050395269251350516e+00 -8.097684720133444536e-01
3.056684744033312029e+00 -1.388541164721867061e+00
3.062974218815273542e+00 2.162706005263121956e-01
3.069263693597235054e+00 9.655011588971951220e-02
3.075553168379196567e+00 -7.280080757719196161e-01
3.081842643161158080e+00 -7.663625319046631912e-01
3.088132117943119592e+00 -1.331868249582198738e+00
3.094421592725081105e+00 -1.326125114428349017e+00
3.100711067507043062e+00 -1.021718396691683628e+00
3.107000542289004574e+00 -3.863081229903020386e-02
3.113290017070966087e+00 -1.397614946831733374e+00
3.119579491852927600e+00 -1.047282443409318420e+00
3.125868966634889112e+00 -6.665202724106000787e-02
3.132158441416850625e+00 -8.135684021736995231e-01
3.138447916198812138e+00 -1.428082141735787181e+00
3.144737390980773650e+00 2.593269435871483619e-01
3.151026865762735163e+00 -5.676530414802551938e-01
3.157316340544696676e+00 -7.777773985310558746e-01
3.163605815326658188e+00 -1.389898780999811789e+00
3.169895290108619701e+00 -5.471807806424335840e-01
3.176184764890581214e+00 -7.749616774574306088e-01
3.182474239672543170e+00 -1.427335636874897951e+00
3.188763714454504683e+00 -1.152395182994881306e+00
3.195053189236466196e+00 -1.629540906586919968e+00
3.201342664018427708e+00 -1.404468912768295441e+00
3.207632138800389221e+00 -1.429671209856656189e+00
3.213921613582350734e+00 -3.788980596165725245e-02
3.220211088364312246e+00 -6.568098388012577615e-01
3.226500563146273759e+00 -1.022995106386041186e+00
3.232790037928235272e+00 -5.780952048377052677e-02
3.239079512710196784e+00 2.927971670190365749e-01
3.245368987492158297e+00 -3.770634020770375905e-01
3.251658462274119810e+00 -7.784591319057341252e-01
3.257947937056081322e+00 -4.591898239599541132e-01
3.264237411838043279e+00 2.712710325711731318e-01
3.270526886620004792e+00 4.486842135798208009e-01
3.276816361401966304e+00 -4.946881429307878886e-01
3.283105836183927817e+00 -1.194369785574232790e+00
3.289395310965889330e+00 4.065631581306003994e-01
3.295684785747850842e+00 3.892928421724870525e-01
3.301974260529812355e+00 8.525187384185508588e-01
3.308263735311773868e+00 -2.209584270420839047e-03
3.314553210093735380e+00 -4.498011388733598181e-01
3.320842684875696893e+00 5.510150534191826655e-01
3.327132159657658406e+00 -8.309977759982404288e-01
3.333421634439619918e+00 6.942872031400879607e-01
3.339711109221581431e+00 6.493978513458464885e-02
3.346000584003543388e+00 -3.423379082579178778e-01
3.352290058785504900e+00 9.345941967565818409e-01
3.358579533567466413e+00 1.211214223338138218e+00
3.364869008349427926e+00 7.651235506067253223e-01
3.371158483131389438e+00 3.987293053538857324e-01
3.377447957913350951e+00 7.428793302893892392e-01
3.383737432695312464e+00 1.230085535019580512e+00
3.390026907477273976e+00 -2.937218869842896929e-01
3.396316382259235489e+00 9.375864174423316211e-01
3.402605857041197002e+00 5.043500652558097208e-02
3.408895331823158514e+00 9.986088957139543920e-01
3.415184806605120027e+00 5.950021983163965578e-01
3.421474281387081540e+00 2.563870145303833725e-01
3.427763756169043496e+00 1.111656296195066673e+00
3.434053230951005009e+00 7.560040050182270654e-02
3.440342705732966522e+00 -9.626359871112794009e-02
3.446632180514928034e+00 7.454338107844832306e-01
3.452921655296889547e+00 -2.512815019110889447e-02
3.459211130078851060e+00 5.536075465645555749e-01
3.465500604860812572e+00 4.532809611414583828e-01
3.471790079642774085e+00 4.377822550093231624e-01
3.478079554424735598e+00 2.089029488464706485e+00
3.484369029206697110e+00 2.145938529427472652e+00
3.490658503988658623e+00 1.902526696306528153e+00
3.496947978770620136e+00 1.399372155261165984e+00
3.503237453552582092e+00 8.130205986122511774e-01
3.509526928334543605e+00 2.202953511441376744e+00
3.515816403116505118e+00 1.279313416969446005e+00
3.522105877898466630e+00 2.267832646608361813e+00
3.528395352680428143e+00 7.504376208950944704e-01
3.534684827462389656e+00 1.327697667805716186e+00
3.540974302244351168e+00 1.137146541802428468e+00
3.547263777026312681e+00 6.370670845883108502e-01
3.553553251808274194e+00 6.492600301754539727e-01
3.559842726590235706e+00 2.166445223923724406e+00
3.566132201372197219e+00 9.966159479842554569e-01
3.572421676154158732e+00 9.766775790393560364e-01
3.578711150936120244e+00 8.381329216886701516e-01
3.585000625718082201e+00 2.163127013258913767e+00
3.591290100500043714e+00 2.376972865063658347e+00
3.597579575282005226e+00 2.206087414532960533e+00
3.603869050063966739e+00 2.227315748704690179e+00
3.610158524845928252e+00 2.901511902934556186e+00
3.616447999627889764e+00 1.789464431968742497e+00
3.622737474409851277e+00 2.036553072758148897e+00
3.629026949191812790e+00 1.113726753424836735e+00
3.635316423973774302e+00 1.138244818260132352e+00
3.641605898755735815e+00 1.488244169820176266e+00
3.647895373537697328e+00 2.718341436272519118e+00
3.654184848319658840e+00 2.916451725381870475e+00
3.660474323101620353e+00 2.037578019286601538e+00
3.666763797883582310e+00 3.020874783478622483e+00
3.673053272665543822e+00 2.477554583225375584e+00
3.679342747447505335e+00 1.293241530996027899e+00
3.685632222229466848e+00 3.100298720184597734e+00
3.691921697011428360e+00 2.527755469525853727e+00
3.698211171793389873e+00 2.524758163697708113e+00
3.704500646575351386e+00 1.895846961912199813e+00
3.710790121357312898e+00 2.241363003992510983e+00
3.717079596139274411e+00 2.860421134844619573e+00
3.723369070921235924e+00 1.726771961762224583e+00
3.729658545703197436e+00 1.704069499490214801e+00
3.735948020485158949e+00 1.719352748793562702e+00
3.742237495267120462e+00 2.203188111357457402e+00
3.748526970049082419e+00 1.628938174597907240e+00
3.754816444831043931e+00 1.867564316751850528e+00
3.761105919613005444e+00 1.394487250565288994e+00
3.767395394394966956e+00 2.229316267484975800e+00
3.773684869176928469e+00 1.279720955283083050e+00
3.779974343958889982e+00 2.920907751365672489e+00
3.786263818740851494e+00 2.334759260104717793e+00
3.792553293522813007e+00 1.191488580697949384e+00
3.798842768304774520e+00 2.729614038755424854e+00
3.805132243086736032e+00 1.914344421993679601e+00
3.811421717868697545e+00 2.376311165883996601e+00
3.817711192650659058e+00 2.884327752657195099e+00
3.824000667432621015e+00 2.081434754611793281e+00
3.830290142214582527e+00 1.473916074353461170e+00
3.836579616996544040e+00 1.254172381930332314e+00
3.842869091778505553e+00 1.510238845903514093e+00
3.849158566560467065e+00 2.057560130296272050e+00
3.855448041342428578e+00 1.126764348118948877e+00
3.861737516124390091e+00 1.115212090840415060e+00
3.868026990906351603e+00 2.481309481676615469e+00
3.874316465688313116e+00 2.751950199372509509e+00
3.880605940470274628e+00 1.991916406700461550e+00
3.886895415252236141e+00 1.575411460272338804e+00
3.893184890034197654e+00 2.497634941347048443e+00
3.899474364816159166e+00 1.195087951408249527e+00
3.905763839598121123e+00 2.588683313880246750e+00
3.912053314380082636e+00 1.083126951365792845e+00
3.918342789162044149e+00 2.494758493332371430e+00
3.924632263944005661e+00 1.101251578477189241e+00
3.930921738725967174e+00 1.082794047682118066e+00
3.937211213507928687e+00 1.999902525003879772e+00
3.943500688289890199e+00 6.385182775394089294e-01
3.949790163071851712e+00 1.571355129042510512e+00
3.956079637853813225e+00 1.496284691466218009e+00
3.962369112635774737e+00 1.203390426935343482e+00
3.968658587417736250e+00 1.080230201915589383e+00
3.974948062199697763e+00 9.002572657608055584e-01
3.981237536981659275e+00 1.236284013356530709e+00
3.987527011763621232e+00 1.328144284754781967e+00
3.993816486545582745e+00 9.671663215282677584e-01
4.000105961327544257e+00 1.140317181213578834e+00
4.006395436109505326e+00 8.685688756257277099e-01
4.012684910891467283e+00 4.945190926456889402e-01
4.018974385673428351e+00 7.726445471744229909e-01
4.025263860455390308e+00 3.409413927071370254e-01
4.031553335237352265e+00 1.196483317914242894e+00
4.037842810019313333e+00 1.318257865626036640e+00
4.044132284801275290e+00 8.496038844181879046e-01
4.050421759583236359e+00 1.050129695571096061e-01
4.056711234365198315e+00 5.327645582515125877e-01
4.063000709147159384e+00 1.951954098999785447e+00
4.069290183929121341e+00 1.266107610514696447e+00
4.075579658711082409e+00 1.338860341611885163e+00
4.081869133493044366e+00 2.468054154929668620e-01
4.088158608275005435e+00 1.039375651625030983e+00
4.094448083056967391e+00 5.869025100948759288e-01
4.100737557838928460e+00 3.485501667715219520e-01
4.107027032620890417e+00 1.543518115625935216e+00
4.113316507402852373e+00 1.761381308479355035e+00
4.119605982184813442e+00 2.069195895482288661e-01
4.125895456966775399e+00 2.789199243152615804e-01
4.132184931748736467e+00 4.347625625954928963e-01
4.138474406530698424e+00 7.479599191964807492e-01
4.144763881312659493e+00 1.238520162991099127e+00
4.151053356094621449e+00 5.742309649834910212e-01
4.157342830876582518e+00 1.439494625409870832e+00
4.163632305658544475e+00 4.717298550512956101e-01
4.169921780440505543e+00 1.300791628935667132e+00
4.176211255222467500e+00 2.891958793368651359e-01
4.182500730004428569e+00 9.714200035285384116e-01
4.188790204786390525e+00 2.806412226161538737e-01
4.195079679568352482e+00 1.156864769554572847e+00
4.201369154350313551e+00 7.813094442204576717e-01
4.207658629132275507e+00 1.217677883153116536e-01
4.213948103914236576e+00 -1.985360893535443871e-01
4.220237578696198533e+00 4.925983762954726508e-01
4.226527053478159601e+00 1.284052998275444502e+00
4.232816528260121558e+00 6.477595605780387400e-01
4.239106003042082627e+00 -3.061884562041496949e-01
4.245395477824044583e+00 2.460220638584456054e-01
4.251684952606005652e+00 2.737018015957159989e-01
4.257974427387967609e+00 -1.428467657155718662e-02
4.264263902169928677e+00 1.261095654848610748e+00
4.270553376951890634e+00 5.844614416360705000e-02
4.276842851733852591e+00 -2.823682698817869818e-01
4.283132326515813659e+00 9.700621709044525698e-01
4.289421801297775616e+00 1.220100659253594122e+00
4.295711276079736685e+00 -1.751188004010653110e-01
4.302000750861698641e+00 2.437922013998830018e-01
4.308290225643659710e+00 8.990390505263046173e-01
4.314579700425621667e+00 1.053400364859457206e+00
4.320869175207582735e+00 1.071313985735084628e+00
4.327158649989544692e+00 3.097201903065501805e-01
4.333448124771505761e+00 5.268717892707071027e-01
4.339737599553467717e+00 1.341426018757469141e+00
4.346027074335428786e+00 4.555848019195097853e-01
4.352316549117390743e+00 -6.538495345904582479e-02
4.358606023899352699e+00 1.355585938465963647e+00
4.364895498681313768e+00 9.966173000435885054e-02
4.371184973463275725e+00 9.234742122680275056e-01
4.377474448245236793e+00 8.317908278185248694e-02
4.383763923027198750e+00 -2.590342342759330840e-01
4.390053397809159819e+00 5.199220113769730256e-01
4.396342872591121775e+00 -4.657478370019019209e-01
4.402632347373082844e+00 2.193772342847002399e-01
4.408921822155044801e+00 8.603597167671761525e-01
4.415211296937005869e+00 5.099525227080901058e-01
4.421500771718967826e+00 1.115711081857350795e+00
4.427790246500929783e+00 1.204968637039971924e+00
4.434079721282890851e+00 6.539329282543168143e-01
4.440369196064852808e+00 1.809070173955125149e-01
4.446658670846813877e+00 1.104554789266501968e+00
4.452948145628775833e+00 5.468934783960086587e-01
4.459237620410736902e+00 1.173304784571902237e+00
4.465527095192698859e+00 -4.280718971232607695e-01
4.471816569974659927e+00 -4.624868441179467160e-01
4.478106044756621884e+00 5.410316026789014909e-01
4.484395519538582953e+00 -1.589118797418713758e-01
4.490684994320544909e+00 -3.880710932483321662e-01
4.496974469102505978e+00 1.108303050150354574e+00
4.503263943884467935e+00 6.931379909800317041e-01
4.509553418666429891e+00 7.950336828758168828e-01
4.515842893448390960e+00 1.375692826548595704e+00
4.522132368230352917e+00 -9.328267174970011899e-02
4.528421843012313985e+00 1.860383168105439466e-03
4.534711317794275942e+00 4.097322835691142862e-01
4.541000792576237011e+00 9.562544528172877145e-01
4.547290267358198967e+00 2.452682608154488353e-01
4.553579742140160036e+00 4.918629122754036298e-01
4.559869216922121993e+00 1.448178233725011754e+00
4.566158691704083061e+00 5.330655873713863180e-01
4.572448166486045018e+00 2.392925470819966538e-01
4.578737641268006087e+00 1.016711963783254902e+00
4.585027116049968043e+00 3.510335085792123389e-01
4.591316590831930000e+00 3.650551328398352058e-01
4.597606065613891069e+00 5.079426014809246270e-01
4.603895540395853025e+00 1.189790549288426202e+00
4.610185015177814094e+00 1.170621337150922203e+00
4.616474489959776051e+00 2.280898137888047184e-01
4.622763964741737119e+00 1.078758369925993943e+00
4.629053439523699076e+00 1.637396577056040803e+00
4.635342914305660145e+00 -1.724205529669931014e-02
4.641632389087622101e+00 1.169336088392848083e+00
4.647921863869583170e+00 4.111787354037003128e-01
4.654211338651545127e+00 9.606751672620594817e-02
4.660500813433506195e+00 9.301817348965446541e-01
4.666790288215468152e+00 4.031897323143962542e-01
4.673079762997430109e+00 1.611538831689587781e+00
4.679369237779391177e+00 2.161620114720700647e-01
4.685658712561353134e+00 3.807652202310259359e-01
4.691948187343314203e+00 3.352608691496221649e-01
4.698237662125276159e+00 1.317529263890534763e-01
4.704527136907237228e+00 8.478159750258227323e-01
4.710816611689199185e+00 1.112210302512447901e+00
4.717106086471160253e+00 1.664668121489206176e-01
4.723395561253122210e+00 4.745289277087444413e-02
4.729685036035083279e+00 5.105575181632021620e-02
4.735974510817045235e+00 1.653381590418498970e+00
4.742263985599006304e+00 2.810989812802075494e-01
4.748553460380968261e+00 -2.562127400282893097e-02
4.754842935162930218e+00 1.074729262681014097e+00
4.761132409944891286e+00 2.326817176220594696e-01
4.767421884726853243e+00 1.680399997689279168e-01
4.773711359508814311e+00 7.345184117245024957e-01
4.780000834290776268e+00 8.729421373983379251e-01
4.786290309072737337e+00 -1.433708146535697114e-01
4.792579783854699293e+00 1.288135450583102637e+00
4.798869258636660362e+00 1.417845230797253331e+00
4.805158733418622319e+00 8.981298123105412312e-01
4.811448208200583387e+00 7.740986323938445768e-01
4.817737682982545344e+00 8.221600746207375909e-01
4.824027157764506413e+00 5.513090307254957523e-01
4.830316632546468369e+00 -1.872267444060088937e-01
4.836606107328430326e+00 9.074744720825459465e-01
4.842895582110391395e+00 -1.596781485856736404e-01
4.849185056892353352e+00 1.383518603865819152e+00
4.855474531674314420e+00 -3.605554184403670925e-01
4.861764006456276377e+00 -3.546443615521087112e-01
4.868053481238237445e+00 1.559749385510065922e+00
4.874342956020199402e+00 8.789980574717415340e-02
4.880632430802160471e+00 1.501864087506617595e+00
4.886921905584122428e+00 8.214978043651899320e-03
4.893211380366083496e+00 2.217823668637497470e-01
4.899500855148045453e+00 3.980104159031102595e-01
4.905790329930006521e+00 1.094004366204106571e+00
4.912079804711968478e+00 3.799676688477624520e-01
4.918369279493930435e+00 2.368845349370165554e-01
4.924658754275891503e+00 -2.356659496371120710e-01
4.930948229057853460e+00 -2.192412874599609651e-01
4.937237703839814529e+00 2.457616843401209117e-01
4.943527178621776486e+00 4.178693008909610818e-01
4.949816653403737554e+00 5.619374342179610515e-01
4.956106128185699511e+00 -4.747947066904874003e-01
4.962395602967660579e+00 1.241998174293541535e-01
4.968685077749622536e+00 -9.171451087483772913e-02
4.974974552531583605e+00 9.294404595559080384e-01
4.981264027313545562e+00 8.997362600014358058e-02
4.987553502095506630e+00 -3.102798595064558684e-01
4.993842976877468587e+00 -6.189088005401168768e-01
5.000132451659430544e+00 3.684142250435507027e-01
5.006421926441391612e+00 1.669854673130557465e-01
5.012711401223353569e+00 -3.949418790609756647e-01
5.019000876005314637e+00 8.441864553453757303e-01
5.025290350787276594e+00 8.961630554564532503e-01
5.031579825569237663e+00 4.333085258213715818e-01
5.037869300351199620e+00 4.515829630090533175e-01
5.044158775133160688e+00 6.102823038369217246e-01
5.050448249915122645e+00 5.646541505143529704e-01
5.056737724697083713e+00 1.193981336467861976e+00
5.063027199479045670e+00 9.265827097837593396e-01
5.069316674261006739e+00 8.117190014692692301e-01
5.075606149042968696e+00 -8.010965717841436184e-01
5.081895623824930652e+00 5.131157732200162247e-01
5.088185098606891721e+00 4.671047665865749599e-01
5.094474573388853678e+00 -7.260522848813725227e-01
5.100764048170814746e+00 -6.886335133349386073e-01
5.107053522952776703e+00 -3.678434963031922411e-01
5.113342997734737772e+00 -1.344937358637983138e-01
5.119632472516699728e+00 4.258089851420094885e-01
5.125921947298660797e+00 -6.466905710530845841e-02
5.132211422080622754e+00 5.219386994707375660e-01
5.138500896862583822e+00 -3.118263951736777173e-01
5.144790371644545779e+00 -5.030252249620582594e-01
5.151079846426506847e+00 -4.400448476595495428e-01
5.157369321208468804e+00 -3.432314559984286362e-01
5.163658795990430761e+00 9.226618334106153618e-01
5.169948270772391830e+00 1.001460860880963866e-01
5.176237745554353786e+00 4.569998034267436227e-01
5.182527220336314855e+00 4.716638733913518511e-01
5.188816695118276812e+00 -4.045627726849987393e-02
5.195106169900237880e+00 -3.268575865841406580e-01
5.201395644682199837e+00 1.132885585185712030e+00
5.207685119464160906e+00 -3.558141189754772116e-01
5.213974594246122862e+00 4.517743214332248236e-01
5.220264069028083931e+00 2.480300182112493701e-02
5.226553543810045888e+00 3.561412042951574985e-01
5.232843018592006956e+00 1.261256281361160969e+00
5.239132493373968913e+00 1.036201940577984981e+00
5.245421968155930870e+00 -2.451821361147488165e-01
5.251711442937891938e+00 -3.174523717739465845e-01
5.258000917719853895e+00 1.209700516959009375e+00
5.264290392501814964e+00 2.400659183111857331e-01
5.270579867283776920e+00 -3.422749153189403870e-01
5.276869342065737989e+00 5.874286542812869882e-01
5.283158816847699946e+00 6.999995159756594587e-01
5.289448291629661014e+00 9.874423388507975741e-01
5.295737766411622971e+00 5.568290291216468901e-01
5.302027241193584040e+00 -4.107164089417941755e-01
5.308316715975545996e+00 8.761652635577646953e-01
5.314606190757507953e+00 1.186795181002591626e+00
5.320895665539469022e+00 -3.697139292613319528e-01
5.327185140321430978e+00 -1.299213830092247335e-01
5.333474615103392047e+00 1.050658583967790882e+00
5.339764089885354004e+00 2.593797537702724476e-04
5.346053564667315072e+00 7.501930666738219067e-01
5.352343039449277029e+00 -1.698287815286567137e-01
5.358632514231238098e+00 6.967961353347412734e-01
5.364921989013200054e+00 1.694266332439100742e+00
5.371211463795161123e+00 1.334848085556673780e+00
5.377500938577123080e+00 8.184478756738144956e-02
5.383790413359084148e+00 1.395306403174036536e+00
5.390079888141046105e+00 6.940328548123455565e-01
5.396369362923008062e+00 2.689055119656330595e-01
5.402658837704969130e+00 1.053315901865610638e+00
5.408948312486931087e+00 1.593472168064207883e+00
5.415237787268892156e+00 1.097980845576060016e+00
5.421527262050854112e+00 9.464731631581468907e-01
5.427816736832815181e+00 7.381544998113400702e-01
5.434106211614777138e+00 4.113520118292589567e-01
5.440395686396738206e+00 5.452793956464274672e-01
5.446685161178700163e+00 1.117645384682115939e+00
5.452974635960661232e+00 1.274936271461579285e+00
5.459264110742623188e+00 7.593107249567322414e-01
5.465553585524584257e+00 1.571736724419589004e+00
5.471843060306546214e+00 1.726467841147986126e+00
5.478132535088508170e+00 1.788157309710594278e+00
5.484422009870469239e+00 9.377650943949580320e-01
5.490711484652431196e+00 1.715778329495694976e+00
5.497000959434392264e+00 4.377577717908036625e-01
5.503290434216354221e+00 4.412031471842017827e-01
5.509579908998315290e+00 1.454485356297633203e+00
5.515869383780277246e+00 1.032705899052024368e+00
5.522158858562238315e+00 1.941553103567785321e+00
5.528448333344200272e+00 1.222113289548898862e+00
5.534737808126161340e+00 1.270913691675883861e+00
5.541027282908123297e+00 8.294752568751291300e-01
5.547316757690084366e+00 2.116162625354577109e+00
5.553606232472046322e+00 9.686054854305461426e-01
5.559895707254008279e+00 8.263931097684062976e-01
5.566185182035969348e+00 9.599369398501763628e-01
5.572474656817931304e+00 1.266124443221953388e+00
5.578764131599892373e+00 1.461192157946268111e+00
5.585053606381854330e+00 2.366361295995342395e+00
5.591343081163815398e+00 1.914513533963876135e+00
5.597632555945777355e+00 8.777536108873073006e-01
5.603922030727738424e+00 2.592356749154956841e+00
5.610211505509700380e+00 2.281980187106416036e+00
5.616500980291661449e+00 9.284870475478896878e-01
5.622790455073623406e+00 1.131539991188834859e+00
5.629079929855584474e+00 2.162181160292347748e+00
5.635369404637546431e+00 1.704195270766803327e+00
5.641658879419508388e+00 2.117460679227786802e+00
5.647948354201469456e+00 1.273972953321802049e+00
5.654237828983431413e+00 1.627387361956848411e+00
5.660527303765392482e+00 1.242428020019560098e+00
5.666816778547354438e+00 1.521553135661136480e+00
5.673106253329315507e+00 2.444068305230980620e+00
5.679395728111277464e+00 2.108341117986175295e+00
5.685685202893238532e+00 1.833579346778346331e+00
5.691974677675200489e+00 2.217748878011503333e+00
5.698264152457161558e+00 9.588038557945380846e-01
5.704553627239123514e+00 8.463928236532600735e-01
5.710843102021084583e+00 1.788877110485204813e+00
5.717132576803046540e+00 9.020888443075069096e-01
5.723422051585008496e+00 1.647521003888610780e+00
5.729711526366969565e+00 2.102284242519226520e+00
5.736001001148931522e+00 1.138871688912784119e+00
5.742290475930892590e+00 2.379511200041934949e+00
5.748579950712854547e+00 1.934037317571847492e+00
5.754869425494815616e+00 2.415719986787061124e+00
5.761158900276777572e+00 1.587829624049449162e+00
5.767448375058738641e+00 7.392871860659528949e-01
5.773737849840700598e+00 1.220493197216546033e+00
5.780027324622661666e+00 2.301568690265169970e+00
5.786316799404623623e+00 2.102310435629550778e+00
5.792606274186584692e+00 2.338782716960084329e+00
5.798895748968546648e+00 6.813054660923060224e-01
5.805185223750508605e+00 1.256526176357172675e+00
5.811474698532469674e+00 5.560291063677589296e-01
5.817764173314431631e+00 1.628639559416343197e+00
5.824053648096392699e+00 1.618919726402134440e+00
5.830343122878354656e+00 1.378195498898753701e+00
5.836632597660315724e+00 1.879114867827653246e+00
5.842922072442277681e+00 1.980691447640173575e+00
5.849211547224238750e+00 1.536328007566264198e+00
5.855501022006200706e+00 3.111271052002913540e-01
5.861790496788161775e+00 6.164635891894791886e-01
5.868079971570123732e+00 8.562865181844561135e-01
5.874369446352084800e+00 1.020085753188879618e+00
5.880658921134046757e+00 8.761335454693410796e-01
5.886948395916008714e+00 8.692974310117962400e-01
5.893237870697969782e+00 1.218369302060597459e+00
5.899527345479931739e+00 1.119324056282062330e+00
5.905816820261892808e+00 1.357700942538164202e-01
5.912106295043854765e+00 1.437398003523166823e+00
5.918395769825815833e+00 6.314846169108108143e-01
5.924685244607777790e+00 6.623141879028231482e-01
5.930974719389738858e+00 2.997598385062983373e-01
5.937264194171700815e+00 2.166988104717800789e-01
5.943553668953661884e+00 1.372492709466631045e+00
5.949843143735623840e+00 6.584154084834994425e-01
5.956132618517584909e+00 9.487816638904558175e-01
5.962422093299546866e+00 -2.821967973215872560e-01
5.968711568081508823e+00 2.744360925158850772e-01
5.975001042863469891e+00 4.226185415357559538e-01
5.981290517645431848e+00 1.323179396993290347e+00
5.987579992427392916e+00 3.960652326150493341e-01
5.993869467209354873e+00 8.908734136706575324e-01
6.000158941991315942e+00 1.828286041853868227e-01
6.006448416773277899e+00 1.502792609513035060e-01
6.012737891555238967e+00 4.913790244211280189e-01
6.019027366337200924e+00 6.326037439919363070e-01
6.025316841119161992e+00 4.980129112782885059e-01
6.031606315901123949e+00 6.292050177493182517e-01
6.037895790683085906e+00 5.942302729001496253e-01
6.044185265465046974e+00 4.686862075734052890e-01
6.050474740247008931e+00 -1.022069958702906067e+00
6.056764215028970000e+00 6.898739253186247922e-01
6.063053689810931957e+00 1.642321943762687919e-01
6.069343164592893025e+00 5.643034780076299217e-01
6.075632639374854982e+00 -6.851925089946535596e-01
6.081922114156816050e+00 -5.730871861694353253e-01
6.088211588938778007e+00 -2.844268487850534211e-01
6.094501063720739076e+00 -3.279426517260102258e-01
6.100790538502701033e+00 1.025284382458468979e-01
6.107080013284662101e+00 -1.201158094673574039e+00
6.113369488066624058e+00 -1.511353818818198524e+00
6.119658962848586015e+00 3.225797463354438399e-01
6.125948437630547083e+00 4.111848476623913839e-02
6.132237912412509040e+00 -1.589828869421524571e+00
6.138527387194470109e+00 -3.390716562880138341e-01
6.144816861976432065e+00 -1.398500482296518133e+00
6.151106336758393134e+00 -1.624576534660013616e+00
6.157395811540355091e+00 -6.418210933234635984e-01
6.163685286322316159e+00 -7.318015068299692505e-01
6.169974761104278116e+00 -1.811974597749670401e+00
6.176264235886239184e+00 -1.915503404825524170e+00
6.182553710668201141e+00 -5.054200155263632865e-01
6.188843185450162210e+00 -1.962465166535029004e+00
6.195132660232124167e+00 -4.362046399260468554e-01
6.201422135014086123e+00 -1.808909810125125306e+00
6.207711609796047192e+00 -3.779839439114829336e-01
6.214001084578009149e+00 -5.611342184686272105e-01
6.220290559359970217e+00 -1.288940176534801862e+00
6.226580034141932174e+00 -2.021874613853567038e+00
6.232869508923893243e+00 -1.654402958856252548e+00
6.239158983705855199e+00 -1.687858699444330535e+00
6.245448458487816268e+00 -1.164139926516601475e+00
6.251737933269778225e+00 -1.920404677334547117e+00
6.258027408051739293e+00 -1.907661350016625512e+00
6.264316882833701250e+00 -1.705821909971171779e+00
6.270606357615662318e+00 -8.639669213914933366e-01
6.276895832397624275e+00 -2.169919992298289024e+00
6.283185307179586232e+00 -6.780815401170339207e-01
